38   0   1   0.6380840293944828
38   5   1   1.1452682751511771
38   6   1   0.7980552727977435
38   7   1   1.307414818490072
38   71   1   0.10634920634920633
38   21   1   0.8454010274675158
38   22   1   0.5396820723064362
38   23   1   1.0020269571788727
38   24   1   1.0152058011009577
38   27   1   1.2069062207662873
38   31   1   1.3639334985188076
38   66   2   0.3476190327533654
38   68   2   0.3809523809523809
38   70   2   0.45555554874359616
38   7   2   0.23968253968253972
38   71   2   0.03333333333333333
38   42   2   0.49157093282020287
38   43   2   0.39523809807641164
38   48   2   0.430159056186676
38   22   2   0.3349206203506106
38   23   2   0.33015873015873004
38   24   2   0.6672980758760656
38   66   3   0.721145634317682
38   68   3   0.806943797781354
38   70   3   0.7596011445635842
38   7   3   0.7217068291372722
38   71   3   0.05396825444130669
38   42   3   0.8209904992745982
38   43   3   0.6264356218633197
38   22   3   0.6606288136707411
38   24   3   1.1198553682792753
38   28   3   0.7769982176522414
38   70   7   0.15878003182865327
38   7   7   0.06984127069276475
38   71   7   0.0063492068695643585
38   42   7   0.17461005697647727
38   22   7   0.7417954685196044
38   24   7   0.590559252966491
38   25   7   0.5490229649203164
38   26   7   0.33015873015873015
38   28   7   0.7110964969983176
38   29   7   0.16190476027273
22   0   1   0.6380977978308996
22   5   1   1.0641270757667605
22   6   1   0.77681935545471
22   7   1   1.329203180761801
22   71   1   0.10634920634920633
22   21   1   0.8351863006750743
22   22   1   0.5446075908721438
22   23   1   1.0295631633864508
22   24   1   0.905055772690546
22   27   1   1.2028556561895778
22   31   1   1.3808268887656077
22   66   2   0.3476190327533654
22   68   2   0.38095287841463843
22   70   2   0.4573280268245272
22   7   2   0.2396825574693226
22   71   2   0.03333333333333333
22   42   2   0.48728389026863234
22   43   2   0.39523809353510536
22   48   2   0.43018515280314856
22   22   2   0.3349206203506106
22   23   2   0.3301587960076711
22   24   2   0.6509340206190708
22   66   3   0.7331428586372308
22   68   3   0.7831342820610318
22   70   3   0.7604531181710108
22   71   3   0.05396825396825397
22   42   3   0.9103507397075494
22   43   3   0.6381211801180764
22   22   3   0.6793650569187271
22   24   3   1.1413608790863128
22   28   3   0.7700200442638663
22   70   7   0.15873015693255835
22   7   7   0.0698412705981542
22   71   7   0.006349207957585653
22   42   7   0.17460317264000574
22   22   7   0.6757772627804015
22   24   7   0.5977489194344905
22   25   7   0.561044443505151
22   26   7   0.33015873829523723
22   28   7   0.8316537592146133
22   29   7   0.16190476027273
22   7   3   0.7403254221710894
46   0   1   0.642421546791281
46   5   1   1.0671460207492587
46   6   1   0.7945531936155427
46   7   1   1.3307419641564293
46   71   1   0.10634920634920633
46   21   1   0.8458191179566913
46   22   1   0.5380952380952381
46   23   1   1.0123537969967675
46   24   1   1.1086808571739801
46   27   1   1.196760652344378
46   31   1   1.178185783113752
46   66   2   0.3477473317512444
46   68   2   0.3809523809523809
46   70   2   0.4554890613707284
46   7   2   0.23968253968253972
46   71   2   0.03333333333333333
46   42   2   0.48730127235490184
46   43   2   0.3953410381362551
46   48   2   0.43015876100176853
46   22   2   0.3349206203506106
46   23   2   0.3301588327165633
46   24   2   0.6732961286509794
46   66   3   0.7302461734248534
46   68   3   0.7582681372052148
46   70   3   0.7441275017602103
46   7   3   0.7304044301311176
46   71   3   0.05396825396825397
46   42   3   0.874236153314511
46   43   3   0.636888973533161
46   22   3   0.6581201515263981
46   24   3   1.2146672045900708
46   28   3   0.7341031270722547
46   70   7   0.15873015693255835
46   7   7   0.06984126984126983
46   71   7   0.006349206349206349
46   42   7   0.17460060921453294
46   22   7   0.7258611287389483
46   24   7   0.5996157456603316
46   25   7   0.5523854136466979
46   26   7   0.3301255865702554
46   28   7   0.7113019523166474
46   29   7   0.16190496051595324
