7   1   1.4633999129313797
0   1   0.6382217553872912
5   1   0.9281692632607051
6   1   0.8009959735804132
71   1   0.10658924295788719
21   1   0.9737913373443815
22   1   0.538192822252001
23   1   1.0106450924797663
24   1   0.8827472660276624
27   1   1.3930086309238086
31   1   1.787127797944205
66   2   0.3478001509275701
68   2   0.3811340806976198
70   2   0.4556956607197958
7   2   0.24025827097514316
71   2   0.03343019182719882
42   2   0.4874482597741816
43   2   0.39540813442260503
48   2   0.43050030640193404
22   2   0.33520216374170214
23   2   0.33058568598732113
24   2   0.6663126504965244
66   3   0.7679589740222408
68   3   0.8003662645816804
70   3   0.810328058969407
7   3   0.7906209935744604
71   3   0.05405441882118346
42   3   0.8079746074974536
43   3   0.6482039817741939
22   3   0.6860824411114057
24   3   1.0721899987686248
28   3   0.787359255635076
70   7   0.15885666935216813
7   7   0.0699412967477526
71   7   0.006399303107034592
42   7   0.1747296241777284
22   7   0.7613948225028931
24   7   0.6334550494830761
25   7   0.5547214933804103
26   7   0.33029170755356074
28   7   0.7347874683047098
29   7   0.16204469679366973
