16   7   1   1.343989572076807
16   0   1   0.6380992247944787
16   5   1   1.153968314802836
16   6   1   0.7784183018737371
16   71   1   0.10634920634920633
16   21   1   0.8552149169974856
16   22   1   0.5376811788195656
16   23   1   1.0456673593748185
16   24   1   0.8567377563506838
16   27   1   1.2081944591232707
16   31   1   1.2720005546297346
16   66   2   0.34761913091180824
16   68   2   0.3809523321333385
16   70   2   0.45655189355214437
16   7   2   0.23968253968253972
16   71   2   0.03333333333333333
16   42   2   0.4870810516415134
16   43   2   0.39524236274144
16   48   2   0.4300528960568564
16   22   2   0.3349206203506106
16   23   2   0.33015874113355365
16   24   2   0.6688598532170531
12   0   1   0.614869145055612
12   5   1   0.9577709961505164
12   6   1   0.8004073704282443
12   7   1   1.3325900564413693
12   71   1   0.10634920634920633
12   21   1   0.8566098266177707
12   22   1   0.5380103747049969
12   23   1   1.1250350592628358
12   24   1   0.8765990586507887
12   27   1   1.1984101292159821
12   31   1   1.3298119553497858
12   66   2   0.3476190949598002
12   68   2   0.3809523809523809
12   70   2   0.4561606821559724
12   7   2   0.23968253968253972
12   71   2   0.03333333333333333
12   42   2   0.48663678534683724
12   43   2   0.39523963303793047
12   48   2   0.4300623504888444
12   22   2   0.3349206203506106
12   23   2   0.3301702298815288
12   24   2   0.6718494537922124
24   7   1   1.3195192621281697
24   0   1   0.6336970552802086
24   5   1   1.151364347764424
24   6   1   0.8134511897961297
24   71   1   0.10634920653842744
24   21   1   0.9554169310463799
24   22   1   0.5382985408343967
24   23   1   0.9974821584565299
24   24   1   0.8994144167218889
24   27   1   1.209717581622184
24   31   1   1.4281735922609056
24   66   2   0.347619328647852
24   68   2   0.380952431095971
24   70   2   0.45568963289260866
24   7   2   0.23969962710425968
24   71   2   0.03333333333333333
24   42   2   0.4870116077363491
24   43   2   0.3952382553191412
24   48   2   0.43015983615602776
24   22   2   0.3349206203506106
24   23   2   0.3301603063704476
24   24   2   0.6714450432549394
16   66   3   0.7301742604209319
16   68   3   0.7652578833557311
16   70   3   0.7563695916107722
16   7   3   0.7327608531547918
16   71   3   0.05396825396825397
16   42   3   0.7866994385090141
16   43   3   0.635397439911252
16   22   3   0.6669696716798676
16   24   3   1.190184980488959
16   28   3   0.7179918750292724
16   70   7   0.15873015693255835
16   7   7   0.06984126984126983
16   71   7   0.006349206349206349
16   42   7   0.174603234231472
16   22   7   0.6288014712787809
16   24   7   0.5946076203078504
16   25   7   0.5921602410929544
16   26   7   0.33015873129405665
16   28   7   0.7396812556281922
16   29   7   0.16190484953778128
12   66   3   0.7383659547638327
12   68   3   0.7654570514247531
12   70   3   0.7701874846503849
12   7   3   0.7292026875747575
12   71   3   0.05396825396825397
12   42   3   0.8820713196363713
12   43   3   0.6375979125972778
12   22   3   0.6706626059280502
12   24   3   1.0912960422890525
12   28   3   0.7137526999745103
12   70   7   0.15873015693255835
12   7   7   0.06984126984126983
12   71   7   0.006349206349206349
12   42   7   0.17460317264000574
12   22   7   0.6302100466830389
12   24   7   0.5989730288939815
12   25   7   0.5624447200979504
12   26   7   0.33015870593843005
12   28   7   0.722232352930402
12   29   7   0.16190486301978432
24   66   3   0.7414010284793754
24   68   3   0.7688550304798852
24   70   3   0.7581131915251412
24   7   3   0.7235286914640002
24   71   3   0.05396825396825397
24   42   3   0.8322213455206818
24   43   3   0.6399102993900815
24   22   3   0.6714634098940426
24   24   3   1.0740089917466755
24   28   3   0.7057441410919031
24   70   7   0.15873015693255835
24   7   7   0.06984126984126983
24   71   7   0.006349206349206349
24   42   7   0.17460317264000574
24   22   7   0.6214178087692411
24   24   7   0.6178149360394668
24   25   7   0.5634064563683102
24   26   7   0.3301656507310413
24   28   7   0.7389409297988527
24   29   7   0.16190482768274486
