16   7   1   1.363317345833731
16   0   1   0.6317984092803229
16   5   1   1.1539526577033696
16   6   1   0.7952152176035774
16   71   1   0.10634920634920633
16   21   1   0.8539639264345169
16   22   1   0.5442811082279871
16   23   1   1.0112477266599265
16   24   1   0.8851692018054781
16   27   1   1.2007617597542113
16   31   1   1.3122032020773204
16   68   2   0.3809523807631598
16   66   2   0.3476190327533654
16   70   2   0.45560524728563107
16   7   2   0.23968594301314586
16   71   2   0.03333333342794388
16   42   2   0.48730924021866584
16   43   2   0.40067187604450044
16   48   2   0.4301587130342211
16   22   2   0.3349650170121874
16   23   2   0.3301587294018457
16   24   2   0.6496208915043445
24   7   1   1.355936402194793
24   0   1   0.6090051756491736
24   5   1   0.9005785683790842
24   6   1   0.7984094237287839
24   71   1   0.10634922697430566
24   21   1   0.859927369819747
24   22   1   0.5380952144426012
24   23   1   1.0415668444027977
24   24   1   0.8523428417387462
24   27   1   1.206384593342978
24   31   1   1.248103334222521
24   66   2   0.34763671120717404
24   68   2   0.3809523815200443
24   70   2   0.4555568848337446
24   7   2   0.239696546963283
24   71   2   0.03333352293287005
24   42   2   0.4873014930340033
24   43   2   0.39523809372432644
24   48   2   0.4301588342303322
24   22   2   0.3349206237565904
24   23   2   0.33015883990696493
24   24   2   0.6611449934305652
28   7   1   1.3224503743092693
28   0   1   0.6381166899015032
28   5   1   0.9481373613788968
28   6   1   0.7771906882524491
28   71   1   0.1063495323771522
28   21   1   0.8421054581801096
28   22   1   0.5380952377167959
28   23   1   1.0726333120512586
28   24   1   0.8897503512246269
28   27   1   1.1967150801704043
28   31   1   1.2318720664296832
28   66   2   0.34761904268747285
28   68   2   0.38095238246614965
28   70   2   0.4555561779037355
28   7   2   0.23968308199019658
28   71   2   0.03333347884435502
28   42   2   0.4916931750873725
28   43   2   0.39523878778730115
28   48   2   0.4301586400894892
28   22   2   0.33492063425836105
28   23   2   0.33015893186841694
28   24   2   0.6626720013954336
28   29   7   0.16190479333911625
28   28   7   0.7376213611118378
28   26   7   0.33010038061747476
28   25   7   0.5555474528244563
28   24   7   0.5979771274068052
28   22   7   0.6250297730877286
28   42   7   0.17460317987771262
28   71   7   0.006349224940178886
28   7   7   0.0698414195151556
28   70   7   0.1587301641702652
16   7   3   0.710732908050219
16   66   3   0.7303066436378728
16   68   3   0.796287361355055
16   70   3   0.7887381936822621
16   71   3   0.05396825396825397
16   42   3   0.8487075190577242
16   43   3   0.6299070000411973
16   22   3   0.6606928969422976
16   24   3   1.2191962362754913
16   28   3   0.7143899554179775
16   70   7   0.15873015693255835
16   7   7   0.06984127003049093
16   71   7   0.006349206349206349
16   42   7   0.17460317264000574
16   22   7   0.6471317831959044
16   24   7   0.633322393906022
16   25   7   0.5524026283196041
16   26   7   0.33015873167249893
16   28   7   0.7434672134263176
16   29   7   0.16190476027273
24   7   3   0.781369681821929
24   66   3   0.7277499935811474
24   68   3   0.7637028424512771
24   70   3   0.7585333330290658
24   71   3   0.053968272038868496
24   42   3   0.825264092700349
24   43   3   0.6515130646645078
24   22   3   0.6569590196013452
24   24   3   1.0849835641327357
24   28   3   0.6966860093176365
24   70   7   0.15873015679064253
24   7   7   0.06984332449852473
24   71   7   0.006349339513551623
24   42   7   0.1746033186713855
24   22   7   0.7612089973593517
24   24   7   0.5891974732161516
24   25   7   0.5620557691369739
24   26   7   0.3301587305371723
24   28   7   0.7409628186907088
24   29   7   0.16190568244173414
28   66   3   0.7136150649970489
28   68   3   0.7640802996499197
28   70   3   0.7553327500820161
28   7   3   0.7208937085337109
28   71   3   0.05396827941849119
28   42   3   0.8691721605757874
28   43   3   0.6475362990583692
28   22   3   0.6919048152036137
28   24   3   1.0728210047596975
28   28   3   0.7035747899777359
