6   7   1   1.3167011647174756
6   0   1   0.6380952178012758
6   5   1   0.8995031700247811
6   6   1   0.8016462008158366
6   71   1   0.10634920634920633
6   21   1   0.968166673514578
6   22   1   0.5380952511514937
6   23   1   1.0565432987515888
6   24   1   0.8579525406398472
6   27   1   1.2168500404036235
6   31   1   1.2057148167065213
6   66   2   0.3476190327533654
6   68   2   0.3809523809523809
6   70   2   0.45555555555555555
6   7   2   0.23968253968253972
6   71   2   0.03333333333333333
6   42   2   0.4873015699050729
6   43   2   0.39523809561653744
6   48   2   0.4301587130342211
6   22   2   0.3349206203506106
6   23   2   0.3301587305371722
6   24   2   0.6431053739100222
10   0   1   0.6263462215188951
10   5   1   0.9689900813594696
10   6   1   0.7876424665252366
10   71   1   0.10634954429808118
10   21   1   0.8511352201302846
10   22   1   0.5380993241355533
10   23   1   1.0564502333837842
10   24   1   0.8665343912820967
10   27   1   1.200193873284355
10   31   1   1.3002415461199626
10   66   2   0.3476190327533654
10   68   2   0.3809523809523809
10   70   2   0.4555555553663344
10   7   2   0.23968253968253972
10   71   2   0.03333333333333333
10   42   2   0.4873015696685465
10   43   2   0.3952381003470648
10   48   2   0.4301587130342211
10   22   2   0.3349206203506106
10   23   2   0.3301587982783242
10   24   2   0.6639046604552912
10   66   3   0.7456178456426613
12   0   1   0.6244455776990404
12   5   1   0.9019776672597916
12   6   1   0.8063483946853213
12   71   1   0.10634920634920633
12   21   1   0.8413282725546095
12   22   1   0.5395452001738169
12   23   1   1.058980731358604
12   24   1   0.9515698671340942
12   27   1   1.277275870716761
12   31   1   1.3078953777040754
12   66   2   0.3476190327533654
12   68   2   0.3809523809523809
12   70   2   0.4555553294363476
12   7   2   0.23968269446539497
12   71   2   0.03333333333333333
12   42   2   0.4873624709508722
12   43   2   0.3952381304332188
12   48   2   0.4301587133180527
12   22   2   0.33492062091827385
12   23   2   0.3301587384844583
12   24   2   0.6673238516918251
10   7   1   1.3789226208236953
12   7   1   1.325989596610741
12   66   3   0.7228192613120117
12   29   7   0.1619047677942685
12   28   7   0.7447098151085868
6   66   3   0.7490880531332795
6   68   3   0.75592718010857
6   70   3   0.7951843840735299
6   7   3   0.7904704792631997
6   71   3   0.05396825396825397
6   42   3   0.8734742125703228
6   43   3   0.6422917239722751
6   22   3   0.6652807780437998
6   24   3   1.1938125515267963
6   28   3   0.7168954495754506
6   70   7   0.15873015693255835
6   7   7   0.06984126984126983
6   71   7   0.006349206349206349
6   42   7   0.17460317264000574
6   22   7   0.7444444439240864
6   24   7   0.6330289756140066
6   25   7   0.5523809194564819
6   26   7   0.33015873015873015
6   28   7   0.8081260467332508
6   29   7   0.16190476027273
10   66   3   0.7456178456426613
10   68   3   0.7982008059819541
10   70   3   0.764383654367356
10   7   3   0.7142483401629661
10   71   3   0.053968365135647005
10   42   3   0.9216222022142675
10   43   3   0.6583192528240265
10   22   3   0.6669135174817509
10   24   3   1.1841604035525097
10   28   3   0.7187039654288027
10   70   7   0.1587301919857661
10   7   7   0.06984130882081532
10   71   7   0.006349206349206349
10   42   7   0.17460317476874307
10   22   7   0.638775998164737
10   24   7   0.6333007789438678
10   25   7   0.5609631657600402
10   26   7   0.33015873015873015
10   28   7   0.8237310042456975
10   29   7   0.1619047604146458
12   68   3   0.7726639885277975
12   70   3   0.75672104429631
12   7   3   0.733581996626324
12   71   3   0.05396825396825397
12   42   3   0.9120099181102382
12   43   3   0.6409421537130598
12   22   3   0.6833959554632505
12   24   3   1.0617361393712814
12   28   3   0.7242994335790477
12   70   7   0.15873025627363294
12   7   7   0.06984127532868159
12   71   7   0.006349206349206349
12   42   7   0.17460317264000574
12   22   7   0.706177522123806
12   24   7   0.6333327658237918
12   25   7   0.5706245056220464
12   26   7   0.3301577621036106