4   0   1   0.6310467425556409
4   5   1   1.153968298719043
4   6   1   0.7747953866918883
4   7   1   1.337241767932262
4   71   1   0.10634920634920633
4   21   1   0.9743490957551532
4   22   1   0.5513540139273991
4   23   1   1.0073679791556465
4   24   1   0.8556071296570792
4   27   1   1.2001835319494443
4   31   1   1.3470807628972188
4   66   2   0.34761912594475447
4   68   2   0.3809523834122552
4   70   2   0.4555555595291985
4   7   2   0.23968253968253972
4   71   2   0.03333333333333333
4   43   2   0.3952662017610338
4   48   2   0.42996013050987614
4   22   2   0.3349206203506106
4   23   2   0.33015872940184576
4   24   2   0.6684590403641025
4   42   2   0.4870968085551073
6   0   1   0.6380952885226597
6   5   1   0.8861725921668705
6   6   1   0.7876599856548839
6   7   1   1.319238495773503
6   71   1   0.10634920634920633
6   21   1   0.8427073760165108
6   22   1   0.5543270052425445
6   23   1   0.9873024955628412
6   24   1   0.8635822617818437
6   27   1   1.2212538872209808
6   31   1   1.2037495570523398
6   24   2   0.6563613130341447
6   23   2   0.3301587649754116
6   22   2   0.3349206203506106
6   48   2   0.42998643432344713
5   5   1   1.1538971430725522
5   6   1   0.7739168655541208
5   71   1   0.10634920634920633
5   21   1   0.849264249536726
5   22   1   0.5380921312740871
5   23   1   1.1123944814243012
5   24   1   0.8602633676831686
5   27   1   1.2023348561355047
5   31   1   1.2362678570406778
5   66   2   0.3476197177337276
5   68   2   0.3809523809523809
5   70   2   0.4555555722070118
5   7   2   0.23968253968253972
5   71   2   0.03333333333333333
5   42   2   0.48666377513418113
5   43   2   0.39527437554465394
5   48   2   0.43009110518864213
5   22   2   0.3349206203506106
5   23   2   0.33015872713119254
5   24   2   0.6649225547554948
6   66   2   0.3476196013627544
6   68   2   0.3809523809523809
6   70   2   0.4556903053843786
6   7   2   0.23968253968253972
6   71   2   0.03333333333333333
6   42   2   0.48720346491724714
6   43   2   0.39524011365951056
5   0   1   0.6306230144368279
5   7   1   1.334022039784089
5   29   7   0.1619048635874476
5   28   7   0.7695659321451944
5   26   7   0.33015894511389354
5   25   7   0.561413093975612
5   70   7   0.15873015693255835
5   7   7   0.06984126984126983
5   71   7   0.006349206349206349
5   42   7   0.17460317264000574
5   22   7   0.6197614206681177
5   24   7   0.6158323927176377
5   66   3   0.7236260253167341
5   68   3   0.7686051334653582
5   70   3   0.7600247053872972
5   7   3   0.698247431880898
5   71   3   0.05396825396825397
5   42   3   0.7903483706216018
5   43   3   0.648657111421464
5   22   3   0.6726147345370717
5   24   3   1.1091265004305615
5   28   3   0.7009181626141071
4   66   3   0.7336655408735312
4   68   3   0.7736498554547627
4   70   3   0.7617485856726056
4   7   3   0.7317134759492345
4   71   3   0.05396825396825397
4   42   3   0.8047590855922964
4   43   3   0.631378563150527
4   22   3   0.6572991876138582
4   24   3   1.1256105413039525
4   28   3   0.7689961018661656
4   70   7   0.15873015693255835
4   7   7   0.06984126984126983
4   71   7   0.006349206349206349
4   42   7   0.17460317264000574
4   22   7   0.6319090954368077
4   24   7   0.6111158556526616
4   25   7   0.5630832135677337
4   26   7   0.3301589498444209
4   28   7   0.728534534242418
4   29   7   0.16190486032338366
6   66   3   0.7362258405321175
6   68   3   0.7603645239557537
6   70   3   0.7582037062872025
6   7   3   0.7260561138391495
6   71   3   0.05396825396825397
6   42   3   0.7847757873435816
6   43   3   0.6408523848605534
6   22   3   0.6612119163076083
6   24   3   1.052714581290881
6   28   3   0.6960129960543581
6   70   7   0.15873015693255835
6   7   7   0.06984127050354366
6   71   7   0.006349206349206349
6   42   7   0.17460317264000574
6   22   7   0.6324743760483607
6   24   7   0.6189364921597261
6   25   7   0.5794325155871255
6   26   7   0.33015830308671984
6   28   7   0.7427227786609105
6   29   7   0.16190489239635922
