48   7   1   1.3187787640366764
48   0   1   0.6425503121008949
48   5   1   1.1230156369625575
48   6   1   0.7802554827597408
48   71   1   0.10634920634920635
48   21   1   0.8627025998300976
48   22   1   0.5380956876845587
48   23   1   1.0364817698796591
48   24   1   0.8488907954049487
48   27   1   1.2062446412349503
48   66   2   0.34761901785220417
48   68   2   0.3809523809523809
48   7   2   0.24171710279252795
48   71   2   0.03333333333333333
48   42   2   0.48730143201020026
48   43   2   0.395238162979247
48   48   2   0.4301587130342211
48   22   2   0.3349206203506106
48   23   2   0.3301593992445204
48   24   2   0.6644440124787035
36   7   1   1.3227249044215392
36   0   1   0.6380952771693942
36   5   1   1.0227901542943623
36   6   1   0.795685601234436
36   71   1   0.10634920634920633
36   21   1   0.8504715588357713
36   22   1   0.5380952405551123
36   23   1   1.000978876484765
36   24   1   0.8690186636788505
36   27   1   1.196240962734298
36   31   1   1.2782818513257161
36   66   2   0.3476190171426251
36   68   2   0.3809523809523809
36   70   2   0.4555561794175042
36   7   2   0.23968253968253972
36   71   2   0.03333333333333333
36   42   2   0.48730157889307485
36   43   2   0.3952380952380952
36   48   2   0.43039444997197107
36   22   2   0.3349221748965127
36   23   2   0.33015873091561443
36   24   2   0.6633718797257022
44   0   1   0.6381061947534955
44   7   1   1.3573041648323103
44   5   1   1.1491141437538086
44   6   1   0.7955143501361213
44   71   1   0.10634920634920633
44   21   1   0.9746053053273095
44   22   1   0.5381036094256809
44   23   1   1.032024296124776
44   24   1   0.9312641851485722
44   27   1   1.2165764249742979
44   31   1   1.352130399431501
44   66   2   0.3476190512024221
44   68   2   0.3809523809523809
44   70   2   0.4556889017422993
44   7   2   0.23968326894063796
44   71   2   0.03333333352255443
44   42   2   0.4873015699050729
44   43   2   0.3952380952380952
44   48   2   0.4301587130342211
44   22   2   0.3349206203506106
44   23   2   0.33015873015873004
44   24   2   0.665076158526871
48   70   2   0.45555555555555555
48   31   1   1.2935816211359843
48   28   7   0.7254858736007932
48   66   3   0.7468780361352461
48   68   3   0.7543850901580993
48   70   3   0.7582600600662686
48   7   3   0.6996559078494707
48   71   3   0.05396825396825397
48   42   3   0.8506582678192192
48   43   3   0.6249467300044167
48   22   3   0.6594649200638135
48   24   3   1.1427170158851716
48   28   3   0.7163789114190472
48   70   7   0.15873015693255835
48   7   7   0.06984129292624336
48   71   7   0.006349206349206349
48   42   7   0.17460317576215384
48   22   7   0.6317488825037365
48   24   7   0.6018792502582073
48   25   7   0.5523874129567827
48   26   7   0.33015873015873015
48   29   7   0.16190476027273
44   29   7   0.16190476027273
44   22   7   0.7445837022293181
44   24   7   0.6333333341966546
44   25   7   0.5524469801357814
44   26   7   0.33015873015873015
44   42   7   0.17460317264000574
44   71   7   0.006349206349206349
44   7   7   0.0698412709765964
44   28   7   0.7328044550759452
44   70   7   0.15873015792596906
44   66   3   0.7340984055328937
44   68   3   0.7984116449242546
44   7   3   0.7878921876351038
44   71   3   0.05396825396825397
44   42   3   0.8406449881692727
44   43   3   0.6473613499648988
44   22   3   0.6588591405087046
44   24   3   1.0939714180571694
44   28   3   0.7070345889363023
44   70   3   0.773426522811254
36   66   3   0.7233524039269439
36   68   3   0.7696266469501315
36   70   3   0.7449771006902058
36   7   3   0.739431197113461
36   71   3   0.05396825396825397
36   42   3   0.889334629393286
36   43   3   0.6221213508692999
36   22   3   0.6732462709148727
36   24   3   1.0532452261164076
36   28   3   0.7261869441303942
36   70   7   0.1587301586355482
36   7   7   0.06984126813828
36   71   7   0.006349211268954806
36   42   7   0.17460317264000574
36   22   7   0.6138172468968801
36   24   7   0.6333322580016796
36   25   7   0.5551099334444319
36   26   7   0.3300922706013634
36   28   7   0.7345225771268207
36   29   7   0.161904760272737   1   1.374831221637035
7   1   1.374831221637035
