MAE
[8 3 4 6 2 1 0 5 7]
[8 3 4 2 7 6 1 0 5]
[8 3 4 2 7 0 5 1 6]
[8 4 3 6 7 2 1 0 5]

MSE
[8 6 4 2 3 0 1 7 5]
[2 3 4 8 6 7 0 1 5]
[8 4 3 6 2 7 0 5 1]
[8 6 2 3 4 0 7 1 5]

MVGCN:
MAE
1 1.5244085290424878
2 0.46413885482612455
3 0.7927862389208306
7 0.4093486573736347

MSE
1 4.259289321821502
2 0.701917421610696
3 1.1949295896913916
7 0.8337412769909074


GeoMAN:
MSE
1 9.839046790720012
2 0.9581679713325627
3 1.5353787405704722
7 3.115116689558966



Train/Test Ratio: Crime Cat: 1
MAE
Training Data (Months)
0.5     1.2575662656468614
0.5833  0.9444776280634795
0.75    1.3402808876726475
0.8333  1.2807000642532946

MSE
Training Data (Months)
0.5     4.473706671746028
0.5833  2.077062422967327
0.75    4.1698336141335535
0.8333  3.8666507005278072
---------------------------------------------------------------------------------------------------------------------------------------------------
AIST:
MAE
1 0.8746520970285498
2 0.36148352331171435
3 0.6910386574634957
7 0.3399464720120978
[[31, 7, 27, 23, 5, 6, 21, 22, 0, 24, 71],
[7, 24, 42, 48, 70, 71, 68, 66, 7, 22, 43, 23],
[24, 42, 28, 70, 68, 66, 7, 22, 43, 71],
[28, 22, 25, 24, 26, 29, 70, 42, 7, 71]]

MIST:
MAE

1 1.0240649929688996
2 0.3727438937050182
3 0.7365264269272014
7 0.3701086623671036
[[0, 22, 21, 6, 5, 23, 27, 7, 31, 23, 24, 71], [24, 42, 48, 70, 23, 7, 22, 43, 71, 66, 68], [24, 42, 28, 70, 68, 66, 7, 22, 43, 71], [28, 22, 25, 24, 26, 29, 70, 42, 71, 7]]

DeepCrime
MAE
1 1.0022495290075721
2 0.37273496678273743
3 0.7270856707141039
7 0.3701938268364895
[[31, 7, 27, 23, 5, 6, 21, 22, 0, 24, 23, 22, 71], [24, 42, 48, 70, 23, 22, 66, 68, 7, 71, 43], [24, 42, 28, 70, 68, 66, 7, 22, 43, 71], [28, 22, 25, 24, 26, 29, 70, 42, 7, 71]]


HA
MAE
1 1.0571414218707518
2 0.5035480152476918
3 0.7094805411994457
7 0.47861940898001193
[[0, 5, 6, 7, 71, 21, 22, 23, 24, 27, 31], [66, 68, 70, 7, 71, 42, 43, 48, 22, 23, 24], [66, 68, 70, 7, 71, 42, 43, 22, 24, 28], [70, 7, 71, 42, 22, 24, 25, 26, 28, 29]]
------------------------------------------------------------------------------------------------------------------------------------------
AIST:
MSE
1 1.6985768375896406
2 0.48369775578765306
3 0.956839547992963
7 0.5609723588785754
[[31, 7, 27, 23, 5, 6, 21, 22, 0],
[24, 42, 28, 70, 68, 66, 7, 22, 43, 65]
[24, 42, 28, 70, 68, 66, 7, 43, 65],
[28, 22, 25, 24, 26, 29, 70, 42]]


MIST:
MSE
1 2.515321472539998
2 0.48362364201776
3 1.0344653130032315
7 0.6495051331152005
[[31, 7, 27, 23, 5, 6, 21, 0, 22],
[24, 42, 48, 70, 23, 68, 28, 22, 65, 7],
[24, 42, 28, 70, 68, 66, 7, 43, 65],
[28, 22, 25, 24, 26, 29, 70, 42]]

DeepCrime:
MSE
1 2.6279659749181192
2 0.4750698739945943
3 1.0567111700418839
7 0.639412143616841
[[0, 5, 7, 6, 21, 22, 23, 27, 31], [65, 66, 68, 70, 7, 42, 43, 22, 24, 28], [65, 66, 68, 70, 7, 42, 43, 24, 28], [28, 22, 25, 24, 26, 29, 70, 42]]

HA
MSE
1 2.393680466545953
2 0.4721585601568222
3 0.9619021349483066
7 0.6137662548571825
[[0, 5, 6, 7, 21, 22, 23, 27, 31], [65, 68, 70, 7, 42, 48, 22, 23, 24, 28], [65, 66, 68, 70, 7, 42, 43, 24, 28], [70, 42, 22, 24, 25, 26, 28, 29]]

----------------------------------------------------------------------------
Regression Trees
1 0.8925196326367629 2.004511663070232
2 0.3640356715027286 0.4254057668865439
3 0.6969253294289897 0.9868992409050821
7 0.33074670571010245 0.46817504743845023

[[0, 5, 6, 7, 71, 21, 22, 23, 24, 27, 31], [66, 68, 70, 7, 71, 42, 43, 48, 22, 23, 24], [66, 68, 70, 7, 71, 42, 43, 22, 24, 28], [70, 7, 71, 42, 22, 24, 25, 26, 28, 29]]
-------------------------------------------------------------------------
H
24 1 0.9135956776332417
24 2 0.3740930484884659
24 3 0.716242883436027
24 7 0.3487125257095175

32 1 0.9052391400235513
32 2 0.3718728524233614
32 3 0.7225251649923268
32 7 0.35495123666785067
--------------------------------------------------------------
GeoMAN: MSE
1 1.9930476982177245
2 0.4214160426622379
3 0.9871262182524291
7 0.4563729195704573

1 0.9091687032084745
2 0.3876142363721158
3 0.7226571661162943
7 0.3449679689002888