28 -1
30 -1
55 -1
56 -1
57 -1
29 -1
28 -1
30 -1
55 -1
56 -1
57 -1
29 -1
28 1
30 1
55 1
56 1
57 1
29 1
28 1
30 1
55 1
56 1
57 1
29 1
28 1
30 1
55 1
56 1
57 1
29 1
28 1
30 1
55 1
56 1
57 1
29 1
28 -1
30 -1
55 -1
56 -1
57 -1
29 -1
28 -1
30 -1
55 -1
56 -1
57 -1
29 -1
28 1
30 1
55 1
56 1
57 1
29 1
28 1
30 1
55 -1
56 -1
57 -1
29 1
28 1
30 1
55 1
56 1
57 1
29 1
28 1
30 1
55 1
56 1
57 1
29 1
28 1
30 1
55 -1
56 -1
57 -1
29 1
28 -1
30 -1
55 -1
56 -1
57 -1
29 -1
28 1
30 1
55 1
56 1
57 1
29 1
28 1
30 1
55 1
56 1
57 1
29 1
28 1
30 1
55 -1
56 -1
57 -1
29 1
28 1
30 1
55 1
56 1
57 1
29 1
28 1
30 1
55 -1
56 -1
57 -1
29 1
28 -1
30 -1
55 -1
56 -1
57 -1
29 -1
28 1
30 1
55 -1
56 -1
57 -1
29 1
28 1
30 1
55 -1
56 -1
57 -1
29 1
28 1
30 1
55 -1
56 -1
57 -1
29 1
28 1
30 1
55 1
56 1
57 1
29 1
28 -1
30 -1
55 -1
56 -1
57 -1
29 -1
28 1
30 1
55 -1
56 -1
57 -1
29 1
28 1
30 1
55 -1
56 -1
57 -1
29 1
28 1
30 1
55 -1
56 -1
57 -1
29 1
28 1
30 1
55 -1
56 -1
57 -1
29 1
28 -1
30 -1
55 -1
56 -1
57 -1
29 -1
28 1
30 1
55 -1
56 -1
57 -1
29 1
28 -1
30 -1
55 -1
56 -1
57 -1
29 -1
28 -1
30 -1
55 -1
56 -1
57 -1
29 -1
28 1
30 1
55 -1
56 -1
57 -1
29 1
28 1
30 1
55 -1
56 -1
57 -1
29 1
28 -1
30 -1
55 -1
56 -1
57 -1
29 -1
28 1
30 1
55 -1
56 -1
57 -1
29 1
28 1
30 1
55 -1
56 -1
57 -1
29 1
28 1
30 1
55 -1
56 -1
57 -1
29 1
28 1
30 1
55 1
56 1
57 1
29 1
28 1
30 1
55 1
56 1
57 1
29 1
28 1
30 1
55 1
56 1
57 1
29 1
