28 0 2 36 1 16 5 9 2 2 59 41 0
30 0 12 271 31 99 157 60 27 72 220 348 1
55 41 8 124 0 925 9 17 2 41 114 161 0
56 0 1 60 2 30 3 4 4 9 39 71 0
57 0 1 78 5 25 13 9 8 9 69 115 1
29 0 3 141 6 44 15 17 9 12 107 154 0
28 2 4 36 1 16 5 9 2 2 59 41 0
30 3 15 271 31 99 157 60 27 72 220 348 1
55 12 68 124 0 925 9 17 2 41 114 161 0
56 0 0 60 2 30 3 4 4 9 39 71 0
57 3 2 78 5 25 13 9 8 9 69 115 1
29 1 3 141 6 44 15 17 9 12 107 154 0
28 4 7 36 1 16 5 9 2 2 59 41 0
30 5 16 271 31 99 157 60 27 72 220 348 1
55 71 96 124 0 925 9 17 2 41 114 161 0
56 3 2 60 2 30 3 4 4 9 39 71 0
57 1 5 78 5 25 13 9 8 9 69 115 1
29 4 8 141 6 44 15 17 9 12 107 154 0
28 10 12 36 1 16 5 9 2 2 59 41 0
30 5 20 271 31 99 157 60 27 72 220 348 1
55 121 97 124 0 925 9 17 2 41 114 161 0
56 0 1 60 2 30 3 4 4 9 39 71 0
57 5 6 78 5 25 13 9 8 9 69 115 1
29 2 6 141 6 44 15 17 9 12 107 154 0
28 3 2 36 1 16 5 9 2 2 59 41 0
30 5 35 271 31 99 157 60 27 72 220 348 1
55 105 91 124 0 925 9 17 2 41 114 161 0
56 0 1 60 2 30 3 4 4 9 39 71 0
57 0 4 78 5 25 13 9 8 9 69 115 1
29 1 2 141 6 44 15 17 9 12 107 154 0
28 3 3 36 1 16 5 9 2 2 59 41 0
30 7 26 271 31 99 157 60 27 72 220 348 1
55 136 34 124 0 925 9 17 2 41 114 161 0
56 1 1 60 2 30 3 4 4 9 39 71 0
57 0 1 78 5 25 13 9 8 9 69 115 1
29 0 3 141 6 44 15 17 9 12 107 154 0
28 2 8 36 1 16 5 9 2 2 59 41 0
30 5 30 271 31 99 157 60 27 72 220 348 1
55 34 14 124 0 925 9 17 2 41 114 161 0
56 0 1 60 2 30 3 4 4 9 39 71 0
57 0 5 78 5 25 13 9 8 9 69 115 1
29 0 5 141 6 44 15 17 9 12 107 154 0
28 1 3 36 1 16 5 9 2 2 59 41 0
30 1 8 271 31 99 157 60 27 72 220 348 1
55 11 84 124 0 925 9 17 2 41 114 161 0
56 0 0 60 2 30 3 4 4 9 39 71 0
57 0 2 78 5 25 13 9 8 9 69 115 1
29 1 3 141 6 44 15 17 9 12 107 154 0
28 1 3 36 1 16 5 9 2 2 59 41 0
30 2 7 271 31 99 157 60 27 72 220 348 1
55 50 112 124 0 925 9 17 2 41 114 161 0
56 0 0 60 2 30 3 4 4 9 39 71 0
57 0 1 78 5 25 13 9 8 9 69 115 1
29 0 4 141 6 44 15 17 9 12 107 154 0
28 3 3 36 1 16 5 9 2 2 59 41 0
30 4 13 271 31 99 157 60 27 72 220 348 1
55 80 81 124 0 925 9 17 2 41 114 161 0
56 2 2 60 2 30 3 4 4 9 39 71 0
57 2 2 78 5 25 13 9 8 9 69 115 1
29 0 1 141 6 44 15 17 9 12 107 154 0
28 0 1 36 1 16 5 9 2 2 59 41 0
30 4 11 271 31 99 157 60 27 72 220 348 1
55 68 40 124 0 925 9 17 2 41 114 161 0
56 0 0 60 2 30 3 4 4 9 39 71 0
57 0 2 78 5 25 13 9 8 9 69 115 1
29 2 1 141 6 44 15 17 9 12 107 154 0
28 1 4 36 1 16 5 9 2 2 59 41 0
30 2 15 271 31 99 157 60 27 72 220 348 1
55 64 16 124 0 925 9 17 2 41 114 161 0
56 1 0 60 2 30 3 4 4 9 39 71 0
57 0 2 78 5 25 13 9 8 9 69 115 1
29 0 2 141 6 44 15 17 9 12 107 154 0
28 0 0 36 1 16 5 9 2 2 59 41 0
30 2 16 271 31 99 157 60 27 72 220 348 1
55 14 9 124 0 925 9 17 2 41 114 161 0
56 1 2 60 2 30 3 4 4 9 39 71 0
57 0 2 78 5 25 13 9 8 9 69 115 1
29 0 1 141 6 44 15 17 9 12 107 154 0
28 2 5 36 1 16 5 9 2 2 59 41 0
30 2 7 271 31 99 157 60 27 72 220 348 1
55 8 75 124 0 925 9 17 2 41 114 161 0
56 0 1 60 2 30 3 4 4 9 39 71 0
57 1 3 78 5 25 13 9 8 9 69 115 1
29 1 4 141 6 44 15 17 9 12 107 154 0
28 4 9 36 1 16 5 9 2 2 59 41 0
30 2 3 271 31 99 157 60 27 72 220 348 1
55 36 79 124 0 925 9 17 2 41 114 161 0
56 0 1 60 2 30 3 4 4 9 39 71 0
57 1 0 78 5 25 13 9 8 9 69 115 1
29 0 4 141 6 44 15 17 9 12 107 154 0
28 7 2 36 1 16 5 9 2 2 59 41 0
30 3 2 271 31 99 157 60 27 72 220 348 1
55 102 54 124 0 925 9 17 2 41 114 161 0
56 0 1 60 2 30 3 4 4 9 39 71 0
57 1 2 78 5 25 13 9 8 9 69 115 1
29 0 2 141 6 44 15 17 9 12 107 154 0
28 1 5 36 1 16 5 9 2 2 59 41 0
30 3 11 271 31 99 157 60 27 72 220 348 1
55 83 30 124 0 925 9 17 2 41 114 161 0
56 0 1 60 2 30 3 4 4 9 39 71 0
57 0 1 78 5 25 13 9 8 9 69 115 1
29 1 4 141 6 44 15 17 9 12 107 154 0
28 0 1 36 1 16 5 9 2 2 59 41 0
30 3 17 271 31 99 157 60 27 72 220 348 1
55 72 25 124 0 925 9 17 2 41 114 161 0
56 1 1 60 2 30 3 4 4 9 39 71 0
57 1 1 78 5 25 13 9 8 9 69 115 1
29 3 2 141 6 44 15 17 9 12 107 154 0
28 1 6 36 1 16 5 9 2 2 59 41 0
30 3 11 271 31 99 157 60 27 72 220 348 1
55 31 14 124 0 925 9 17 2 41 114 161 0
56 0 0 60 2 30 3 4 4 9 39 71 0
57 0 2 78 5 25 13 9 8 9 69 115 1
29 2 1 141 6 44 15 17 9 12 107 154 0
28 1 5 36 1 16 5 9 2 2 59 41 0
30 1 4 271 31 99 157 60 27 72 220 348 1
55 16 64 124 0 925 9 17 2 41 114 161 0
56 0 0 60 2 30 3 4 4 9 39 71 0
57 2 2 78 5 25 13 9 8 9 69 115 1
29 3 7 141 6 44 15 17 9 12 107 154 0
28 3 4 36 1 16 5 9 2 2 59 41 0
30 7 12 271 31 99 157 60 27 72 220 348 1
55 47 68 124 0 925 9 17 2 41 114 161 0
56 0 0 60 2 30 3 4 4 9 39 71 0
57 4 2 78 5 25 13 9 8 9 69 115 1
29 2 8 141 6 44 15 17 9 12 107 154 0
28 9 8 36 1 16 5 9 2 2 59 41 0
30 8 15 271 31 99 157 60 27 72 220 348 1
55 85 70 124 0 925 9 17 2 41 114 161 0
56 1 1 60 2 30 3 4 4 9 39 71 0
57 1 1 78 5 25 13 9 8 9 69 115 1
29 2 4 141 6 44 15 17 9 12 107 154 0
28 3 7 36 1 16 5 9 2 2 59 41 0
30 5 22 271 31 99 157 60 27 72 220 348 1
55 70 45 124 0 925 9 17 2 41 114 161 0
56 2 1 60 2 30 3 4 4 9 39 71 0
57 1 3 78 5 25 13 9 8 9 69 115 1
29 1 7 141 6 44 15 17 9 12 107 154 0
28 2 3 36 1 16 5 9 2 2 59 41 0
30 1 16 271 31 99 157 60 27 72 220 348 1
55 67 18 124 0 925 9 17 2 41 114 161 0
56 1 1 60 2 30 3 4 4 9 39 71 0
57 0 3 78 5 25 13 9 8 9 69 115 1
29 1 1 141 6 44 15 17 9 12 107 154 0
28 0 0 36 1 16 5 9 2 2 59 41 0
30 0 9 271 31 99 157 60 27 72 220 348 1
55 19 6 124 0 925 9 17 2 41 114 161 0
56 0 0 60 2 30 3 4 4 9 39 71 0
57 0 1 78 5 25 13 9 8 9 69 115 1
29 0 0 141 6 44 15 17 9 12 107 154 0
28 0 0 36 1 16 5 9 2 2 59 41 0
30 0 3 271 31 99 157 60 27 72 220 348 1
55 8 46 124 0 925 9 17 2 41 114 161 0
56 0 1 60 2 30 3 4 4 9 39 71 0
57 2 1 78 5 25 13 9 8 9 69 115 1
29 0 3 141 6 44 15 17 9 12 107 154 0
28 2 8 36 1 16 5 9 2 2 59 41 0
30 7 7 271 31 99 157 60 27 72 220 348 1
55 37 45 124 0 925 9 17 2 41 114 161 0
56 0 0 60 2 30 3 4 4 9 39 71 0
57 4 1 78 5 25 13 9 8 9 69 115 1
29 0 2 141 6 44 15 17 9 12 107 154 0
28 6 5 36 1 16 5 9 2 2 59 41 0
30 2 10 271 31 99 157 60 27 72 220 348 1
55 62 33 124 0 925 9 17 2 41 114 161 0
56 0 0 60 2 30 3 4 4 9 39 71 0
57 0 2 78 5 25 13 9 8 9 69 115 1
29 2 3 141 6 44 15 17 9 12 107 154 0
28 7 5 36 1 16 5 9 2 2 59 41 0
30 3 11 271 31 99 157 60 27 72 220 348 1
55 49 19 124 0 925 9 17 2 41 114 161 0
56 1 0 60 2 30 3 4 4 9 39 71 0
57 6 7 78 5 25 13 9 8 9 69 115 1
29 1 5 141 6 44 15 17 9 12 107 154 0
28 0 4 36 1 16 5 9 2 2 59 41 0
30 2 8 271 31 99 157 60 27 72 220 348 1
55 39 11 124 0 925 9 17 2 41 114 161 0
56 0 0 60 2 30 3 4 4 9 39 71 0
57 0 3 78 5 25 13 9 8 9 69 115 1
29 4 2 141 6 44 15 17 9 12 107 154 0
28 0 2 36 1 16 5 9 2 2 59 41 0
30 0 3 271 31 99 157 60 27 72 220 348 1
55 7 5 124 0 925 9 17 2 41 114 161 0
56 0 0 60 2 30 3 4 4 9 39 71 0
57 0 0 78 5 25 13 9 8 9 69 115 1
29 0 1 141 6 44 15 17 9 12 107 154 0
28 0 2 36 1 16 5 9 2 2 59 41 0
30 1 1 271 31 99 157 60 27 72 220 348 1
55 4 25 124 0 925 9 17 2 41 114 161 0
56 0 0 60 2 30 3 4 4 9 39 71 0
57 0 0 78 5 25 13 9 8 9 69 115 1
29 0 2 141 6 44 15 17 9 12 107 154 0
28 6 4 36 1 16 5 9 2 2 59 41 0
30 1 3 271 31 99 157 60 27 72 220 348 1
55 25 37 124 0 925 9 17 2 41 114 161 0
56 0 1 60 2 30 3 4 4 9 39 71 0
57 1 0 78 5 25 13 9 8 9 69 115 1
29 0 2 141 6 44 15 17 9 12 107 154 0
28 11 5 36 1 16 5 9 2 2 59 41 0
30 4 11 271 31 99 157 60 27 72 220 348 1
55 65 20 124 0 925 9 17 2 41 114 161 0
56 0 0 60 2 30 3 4 4 9 39 71 0
57 1 1 78 5 25 13 9 8 9 69 115 1
29 1 2 141 6 44 15 17 9 12 107 154 0
28 7 6 36 1 16 5 9 2 2 59 41 0
30 2 3 271 31 99 157 60 27 72 220 348 1
55 58 11 124 0 925 9 17 2 41 114 161 0
56 0 1 60 2 30 3 4 4 9 39 71 0
57 1 0 78 5 25 13 9 8 9 69 115 1
29 0 3 141 6 44 15 17 9 12 107 154 0
28 5 6 36 1 16 5 9 2 2 59 41 0
30 2 7 271 31 99 157 60 27 72 220 348 1
55 119 6 124 0 925 9 17 2 41 114 161 0
56 0 0 60 2 30 3 4 4 9 39 71 0
57 0 4 78 5 25 13 9 8 9 69 115 1
29 3 3 141 6 44 15 17 9 12 107 154 0
28 1 1 36 1 16 5 9 2 2 59 41 0
30 1 3 271 31 99 157 60 27 72 220 348 1
55 15 2 124 0 925 9 17 2 41 114 161 0
56 0 0 60 2 30 3 4 4 9 39 71 0
57 0 0 78 5 25 13 9 8 9 69 115 1
29 1 3 141 6 44 15 17 9 12 107 154 0
28 1 2 36 1 16 5 9 2 2 59 41 0
30 1 0 271 31 99 157 60 27 72 220 348 1
55 23 27 124 0 925 9 17 2 41 114 161 0
56 0 0 60 2 30 3 4 4 9 39 71 0
57 1 0 78 5 25 13 9 8 9 69 115 1
29 0 2 141 6 44 15 17 9 12 107 154 0
28 5 4 36 1 16 5 9 2 2 59 41 0
30 5 7 271 31 99 157 60 27 72 220 348 1
55 76 36 124 0 925 9 17 2 41 114 161 0
56 2 3 60 2 30 3 4 4 9 39 71 0
57 1 1 78 5 25 13 9 8 9 69 115 1
29 1 3 141 6 44 15 17 9 12 107 154 0
28 5 10 36 1 16 5 9 2 2 59 41 0
30 2 9 271 31 99 157 60 27 72 220 348 1
55 135 35 124 0 925 9 17 2 41 114 161 0
56 0 1 60 2 30 3 4 4 9 39 71 0
57 0 0 78 5 25 13 9 8 9 69 115 1
29 3 2 141 6 44 15 17 9 12 107 154 0
28 0 5 36 1 16 5 9 2 2 59 41 0
30 3 13 271 31 99 157 60 27 72 220 348 1
55 127 25 124 0 925 9 17 2 41 114 161 0
56 0 0 60 2 30 3 4 4 9 39 71 0
57 1 1 78 5 25 13 9 8 9 69 115 1
29 1 1 141 6 44 15 17 9 12 107 154 0
28 1 6 36 1 16 5 9 2 2 59 41 0
30 2 18 271 31 99 157 60 27 72 220 348 1
55 152 21 124 0 925 9 17 2 41 114 161 0
56 0 0 60 2 30 3 4 4 9 39 71 0
57 0 3 78 5 25 13 9 8 9 69 115 1
29 2 1 141 6 44 15 17 9 12 107 154 0
