28 -1
30 -1
55 -1
56 -1
57 -1
29 -1
28 -1
30 -1
55 -1
56 -1
57 -1
29 -1
28 -1
30 -1
55 -1
56 -1
57 -1
29 -1
28 0
30 -1
55 -1
56 -1
57 -1
29 0
28 -1
30 -1
55 -1
56 -1
57 -1
29 0
28 0
30 -1
55 -1
56 -1
57 -1
29 -1
28 -1
30 -1
55 -1
56 -1
57 -1
29 -1
28 -1
30 -1
55 -1
56 -1
57 -1
29 -1
28 0
30 -1
55 -1
56 -1
57 -1
29 -1
28 0
30 -1
55 -1
56 -1
57 -1
29 -1
28 -1
30 -1
55 -1
56 -1
57 -1
29 -1
28 -1
30 -1
55 -1
56 -1
57 -1
29 -1
28 -1
30 -1
55 -1
56 -1
57 -1
29 0
28 -1
30 -1
55 -1
56 -1
57 -1
29 -1
28 -1
30 -1
55 -1
56 -1
57 -1
29 -1
28 0
30 -1
55 -1
56 -1
57 -1
29 -1
28 0
30 -1
55 -1
56 -1
57 -1
29 -1
28 0
30 -1
55 -1
56 -1
57 0
29 -1
28 -1
30 -1
55 -1
56 -1
57 -1
29 -1
28 -1
30 -1
55 -1
56 -1
57 -1
29 -1
28 -1
30 -1
55 -1
56 -1
57 -1
29 -1
28 0
30 -1
55 -1
56 -1
57 -1
29 -1
28 0
30 -1
55 -1
56 -1
57 -1
29 -1
28 0
30 -1
55 -1
56 -1
57 0
29 -1
28 -1
30 -1
55 -1
56 -1
57 -1
29 -1
28 -1
30 -1
55 -1
56 -1
57 -1
29 -1
28 0
30 -1
55 -1
56 -1
57 -1
29 -1
28 -1
30 -1
55 -1
56 -1
57 -1
29 -1
28 -1
30 -1
55 -1
56 -1
57 -1
29 -1
28 -1
30 -1
55 -1
56 -1
57 -1
29 -1
28 -1
30 -1
55 -1
56 -1
57 -1
29 -1
28 -1
30 -1
55 -1
56 -1
57 -1
29 -1
28 -1
30 -1
55 -1
56 -1
57 -1
29 -1
28 -1
30 -1
55 -1
56 -1
57 -1
29 -1
28 -1
30 -1
55 -1
56 -1
57 -1
29 -1
28 -1
30 -1
55 -1
56 -1
57 -1
29 -1
28 -1
30 -1
55 -1
56 -1
57 -1
29 -1
28 -1
30 -1
55 -1
56 -1
57 -1
29 -1
28 0
30 -1
55 -1
56 -1
57 -1
29 -1
28 0
30 -1
55 -1
56 -1
57 -1
29 -1
28 0
30 -1
55 -1
56 -1
57 -1
29 -1
28 0
30 -1
55 -1
56 -1
57 1
29 0
