70   7   0.15873015693255835
7   7   0.06984126984126983
71   7   0.006349206349206349
42   7   0.17460317264000574
22   7   0.7444444439240864
24   7   0.6333333159841242
25   7   0.5523809194564819
26   7   0.33015873015873015
28   7   0.8682539682539684
29   7   0.16190476027273
0   1   0.6380952185108548
5   1   1.153968108551843
6   1   0.9682530616720516
71   1   0.10634920634920633
21   1   0.9746030814117854
22   1   0.5380952380952381
23   1   1.403569345247178
24   1   1.0435923572570558
27   1   1.4124687055510186
31   1   2.4455494242055074
66   2   0.3476190327533654
68   2   0.3809523809523809
70   2   0.45555555555555555
7   2   0.23968253968253972
71   2   0.03333333333333333
42   2   0.4873015699050729
43   2   0.3952380952380952
48   2   0.4301587130342211
22   2   0.3349206203506106
23   2   0.33015881757887583
24   2   0.6650793431178917
66   3   0.7492063281436764
68   3   0.7984126749492827
70   3   0.8269841015338898
7   3   0.790522899892595
71   3   0.05396825396825397
42   3   0.9222113954524201
43   3   0.6476190281765802
22   3   0.6793650569187271
24   3   1.0790799988167628
28   3   0.7968253732555441
7   1   2.002955285229144
