7   1   1.3972157149028681
0   1   0.6389365823022903
5   1   1.005602353622043
6   1   0.8182220040096178
71   1   0.10634920634920633
21   1   0.9554414732588661
22   1   0.5396574048768906
23   1   0.9924156724460541
24   1   0.8578003682787456
27   1   1.2277436710775844
31   1   1.202990343741008
66   2   0.3476867412645665
68   2   0.38095227707000007
70   2   0.4555558859355866
7   2   0.23968928125169542
71   2   0.03333333333333333
42   2   0.48730170496162917
43   2   0.3952380903183467
48   2   0.43015941835585103
22   2   0.3349206510044279
23   2   0.33019181054735935
24   2   0.6600035793842778
66   3   0.7371176717182001
68   3   0.7866932473012377
70   3   0.7640770788703647
7   3   0.7203181182344754
71   3   0.05396825406286451
42   3   0.8157204125490453
43   3   0.6244226360604876
22   3   0.6668288222617573
24   3   1.0572897810311546
28   3   0.7177211672895485
70   7   0.15873015693255835
7   7   0.06984126984126983
71   7   0.006349206349206349
42   7   0.17460317264000574
22   7   0.6211446804659707
24   7   0.6104941844112343
25   7   0.5592291065624783
26   7   0.3301581560619294
28   7   0.7118413805961609
29   7   0.16190481831630069