0.001997 0.000476 0.051147 0.946379
0.002768 0.000766 0.047632 0.948834
0.002006 0.000479 0.050448 0.947067
0.002874 0.000807 0.047452 0.948868
0.002031 0.000484 0.047350 0.950134
0.002874 0.000807 0.047452 0.948868
0.001997 0.000476 0.051147 0.946379
0.001997 0.000476 0.051147 0.946379
0.002003 0.000478 0.050664 0.946855
0.002768 0.000766 0.047632 0.948834
0.002006 0.000479 0.048909 0.948606
0.002768 0.000766 0.047632 0.948834
0.001997 0.000476 0.051147 0.946379
0.001997 0.000476 0.051147 0.946379
0.001999 0.000477 0.050859 0.946665
0.001997 0.000476 0.051147 0.946379
0.002013 0.000480 0.049732 0.947774
0.001997 0.000476 0.051147 0.946379
0.001997 0.000476 0.051147 0.946379
0.001997 0.000476 0.051147 0.946379
0.002300 0.000608 0.046355 0.950737
0.001997 0.000476 0.051147 0.946379
0.002009 0.000479 0.050180 0.947331
0.001997 0.000476 0.051147 0.946379
0.001997 0.000476 0.051147 0.946379
0.001997 0.000476 0.051147 0.946379
0.002688 0.000744 0.046612 0.949956
0.001997 0.000476 0.051147 0.946379
0.002001 0.000477 0.050572 0.946950
0.001997 0.000476 0.051147 0.946379
0.001997 0.000476 0.051147 0.946379
0.001997 0.000476 0.051147 0.946379
0.002848 0.000799 0.047115 0.949238
0.001997 0.000476 0.051147 0.946379
0.003211 0.000951 0.046719 0.949119
0.001997 0.000476 0.051147 0.946379
0.001997 0.000476 0.051147 0.946379
0.001997 0.000476 0.051147 0.946379
0.002874 0.000807 0.047452 0.948868
0.001998 0.000477 0.051168 0.946358
0.005078 0.001649 0.053308 0.939964
0.001998 0.000477 0.051168 0.946358
0.001997 0.000476 0.051147 0.946379
0.001997 0.000476 0.051147 0.946379
0.002768 0.000766 0.047632 0.948834
0.001998 0.000477 0.051167 0.946359
0.005862 0.001951 0.056458 0.935729
0.001998 0.000477 0.051167 0.946359
0.001997 0.000476 0.051147 0.946379
0.001997 0.000476 0.051147 0.946379
0.001997 0.000476 0.051147 0.946379
0.001998 0.000477 0.051169 0.946357
0.005713 0.001889 0.056420 0.935979
0.001998 0.000477 0.051169 0.946357
0.001997 0.000476 0.051147 0.946379
0.001997 0.000476 0.051147 0.946379
0.001997 0.000476 0.051147 0.946379
0.001998 0.000477 0.051164 0.946361
0.004754 0.001515 0.053094 0.940637
0.001998 0.000477 0.051164 0.946361
0.001997 0.000476 0.051147 0.946379
0.001997 0.000476 0.051147 0.946379
0.001997 0.000476 0.051147 0.946379
0.001997 0.000476 0.051151 0.946375
0.001998 0.000477 0.051168 0.946358
0.001997 0.000476 0.051151 0.946375
0.001997 0.000476 0.051147 0.946379
0.001997 0.000476 0.051147 0.946379
0.001999 0.000477 0.051207 0.946317
0.002014 0.000481 0.049275 0.948230
0.002015 0.000481 0.049278 0.948227
0.002014 0.000481 0.049275 0.948230
0.001997 0.000476 0.051147 0.946379
0.001997 0.000476 0.051147 0.946379
0.001998 0.000477 0.051184 0.946341
0.002004 0.000478 0.050071 0.947447
0.002020 0.000482 0.048230 0.949268
0.002004 0.000478 0.050071 0.947447
0.001997 0.000476 0.051147 0.946379
0.001997 0.000476 0.051147 0.946379
0.001999 0.000477 0.051190 0.946334
0.002006 0.000479 0.050448 0.947067
0.002013 0.000480 0.049401 0.948106
0.002006 0.000479 0.050448 0.947067
0.001997 0.000476 0.051147 0.946379
0.001997 0.000476 0.051147 0.946379
0.001998 0.000477 0.051182 0.946343
0.002004 0.000478 0.050676 0.946843
0.002012 0.000480 0.049991 0.947517
0.002003 0.000478 0.050664 0.946855
0.001997 0.000476 0.051147 0.946379
0.001997 0.000476 0.051147 0.946379
0.001997 0.000476 0.051157 0.946369
0.002000 0.000477 0.050878 0.946644
0.002005 0.000478 0.050389 0.947127
0.001999 0.000477 0.050859 0.946665
0.001997 0.000476 0.051147 0.946379
0.001997 0.000476 0.051147 0.946379
0.002031 0.000484 0.047350 0.950134
0.002301 0.000608 0.046370 0.950721
0.002303 0.000609 0.046149 0.950939
0.002300 0.000608 0.046355 0.950737
0.001997 0.000476 0.051147 0.946379
0.001997 0.000476 0.051147 0.946379
0.002006 0.000479 0.048909 0.948606
0.002689 0.000744 0.046623 0.949944
0.003867 0.001193 0.048793 0.946147
0.002688 0.000744 0.046612 0.949956
0.001997 0.000476 0.051147 0.946379
0.001997 0.000476 0.051147 0.946379
0.002013 0.000480 0.049732 0.947774
0.002847 0.000799 0.047101 0.949253
0.005393 0.001767 0.054940 0.937900
0.002848 0.000799 0.047115 0.949238
0.001997 0.000476 0.051147 0.946379
0.001997 0.000476 0.051147 0.946379
0.002009 0.000479 0.050180 0.947331
0.002938 0.000825 0.046630 0.949607
0.005761 0.001910 0.056379 0.935951
0.002874 0.000807 0.047452 0.948868
0.001997 0.000476 0.051147 0.946379
0.001997 0.000476 0.051147 0.946379
0.002001 0.000477 0.050571 0.946950
0.002800 0.000774 0.047005 0.949421
0.005249 0.001707 0.054842 0.938201
0.002768 0.000766 0.047632 0.948834
0.001997 0.000476 0.051147 0.946379
0.001997 0.000476 0.051147 0.946379
0.003211 0.000951 0.046719 0.949119
0.002006 0.000479 0.050448 0.947067
0.002770 0.000766 0.047651 0.948814
0.001997 0.000476 0.051147 0.946379
0.001997 0.000476 0.051147 0.946379
0.001997 0.000476 0.051147 0.946379
0.005113 0.001660 0.053667 0.939560
0.002003 0.000478 0.050664 0.946855
0.001998 0.000477 0.051164 0.946361
0.001997 0.000476 0.051147 0.946379
0.001997 0.000476 0.051147 0.946379
0.001997 0.000476 0.051147 0.946379
0.005937 0.001976 0.057176 0.934911
0.001999 0.000477 0.050859 0.946665
0.001997 0.000476 0.051151 0.946375
0.001997 0.000476 0.051147 0.946379
0.001998 0.000477 0.051168 0.946358
0.001997 0.000476 0.051147 0.946379
0.005740 0.001898 0.056689 0.935673
0.002300 0.000608 0.046355 0.950737
0.002014 0.000481 0.049275 0.948230
0.001997 0.000476 0.051147 0.946379
0.001998 0.000477 0.051167 0.946359
0.001997 0.000476 0.051147 0.946379
0.004760 0.001517 0.053161 0.940561
0.002688 0.000744 0.046612 0.949956
0.002004 0.000478 0.050071 0.947447
0.001997 0.000476 0.051147 0.946379
0.001998 0.000477 0.051169 0.946357
0.001997 0.000476 0.051147 0.946379
0.001997 0.000476 0.051147 0.946379
0.002848 0.000799 0.047115 0.949238
0.002006 0.000479 0.050448 0.947067
0.001997 0.000476 0.051147 0.946379
0.001998 0.000477 0.051164 0.946361
0.001997 0.000476 0.051147 0.946379
0.001997 0.000476 0.051147 0.946379
0.002874 0.000807 0.047452 0.948868
0.002003 0.000478 0.050664 0.946855
0.001997 0.000476 0.051147 0.946379
0.001997 0.000476 0.051151 0.946375
0.001997 0.000476 0.051147 0.946379
0.001997 0.000476 0.051147 0.946379
0.002768 0.000766 0.047632 0.948834
0.001999 0.000477 0.050859 0.946665
0.001997 0.000476 0.051147 0.946379
0.002014 0.000481 0.049275 0.948230
0.001997 0.000476 0.051147 0.946379
0.001997 0.000476 0.051147 0.946379
0.001997 0.000476 0.051147 0.946379
0.002300 0.000608 0.046355 0.950737
0.001997 0.000476 0.051147 0.946379
0.002004 0.000478 0.050071 0.947447
0.001997 0.000476 0.051147 0.946379
0.001997 0.000476 0.051147 0.946379
0.001997 0.000476 0.051147 0.946379
0.002688 0.000744 0.046612 0.949956
0.001997 0.000476 0.051147 0.946379
0.002006 0.000479 0.050448 0.947067
0.001997 0.000476 0.051147 0.946379
0.001998 0.000477 0.051168 0.946358
0.001997 0.000476 0.051147 0.946379
0.002848 0.000799 0.047115 0.949238
0.001997 0.000476 0.051147 0.946379
0.002003 0.000478 0.050664 0.946855
0.001997 0.000476 0.051147 0.946379
0.001998 0.000477 0.051167 0.946359
0.001997 0.000476 0.051147 0.946379
0.002874 0.000807 0.047452 0.948868
0.001997 0.000476 0.051147 0.946379
0.001999 0.000477 0.050859 0.946665
0.001997 0.000476 0.051147 0.946379
0.001998 0.000477 0.051169 0.946357
0.001997 0.000476 0.051147 0.946379
0.002768 0.000766 0.047632 0.948834
0.001997 0.000476 0.051147 0.946379
0.002300 0.000608 0.046355 0.950737
0.001997 0.000476 0.051147 0.946379
0.001998 0.000477 0.051164 0.946361
0.001997 0.000476 0.051147 0.946379
0.001997 0.000476 0.051147 0.946379
0.001997 0.000476 0.051147 0.946379
0.002688 0.000744 0.046612 0.949956
0.001997 0.000476 0.051147 0.946379
0.001997 0.000476 0.051151 0.946375
0.001997 0.000476 0.051147 0.946379
0.001997 0.000476 0.051147 0.946379
0.001997 0.000476 0.051147 0.946379
0.002848 0.000799 0.047115 0.949238
0.001997 0.000476 0.051147 0.946379
0.002014 0.000481 0.049275 0.948230
0.001997 0.000476 0.051147 0.946379
0.001997 0.000476 0.051147 0.946379
0.001997 0.000476 0.051147 0.946379
0.002874 0.000807 0.047452 0.948868
0.001997 0.000476 0.051147 0.946379
0.002004 0.000478 0.050071 0.947447
0.001997 0.000476 0.051147 0.946379
0.001997 0.000476 0.051147 0.946379
0.001997 0.000476 0.051147 0.946379
0.002768 0.000766 0.047632 0.948834
0.001997 0.000476 0.051147 0.946379
0.002006 0.000479 0.050448 0.947067
0.001997 0.000476 0.051147 0.946379
0.001997 0.000476 0.051147 0.946379
0.001997 0.000476 0.051147 0.946379
0.001997 0.000476 0.051147 0.946379
0.001997 0.000476 0.051147 0.946379
0.002003 0.000478 0.050664 0.946855
0.001997 0.000476 0.051147 0.946379
0.001997 0.000476 0.051147 0.946379
0.001997 0.000476 0.051147 0.946379
0.001997 0.000476 0.051147 0.946379
0.001997 0.000476 0.051147 0.946379
0.001999 0.000477 0.050859 0.946665
0.001997 0.000476 0.051147 0.946379
0.001997 0.000476 0.051147 0.946379
0.001997 0.000476 0.051147 0.946379
0.001997 0.000476 0.051147 0.946379
0.001997 0.000476 0.051147 0.946379
0.002300 0.000608 0.046355 0.950737
0.001997 0.000476 0.051147 0.946379
0.001997 0.000476 0.051147 0.946379
0.001997 0.000476 0.051147 0.946379
0.001997 0.000476 0.051147 0.946379
0.001997 0.000476 0.051147 0.946379
0.002688 0.000744 0.046612 0.949956
0.001997 0.000476 0.051147 0.946379
0.001998 0.000477 0.051168 0.946358
0.001997 0.000476 0.051147 0.946379
0.001997 0.000476 0.051147 0.946379
0.001997 0.000476 0.051147 0.946379
0.002848 0.000799 0.047115 0.949238
0.001997 0.000476 0.051147 0.946379
0.001998 0.000477 0.051167 0.946359
0.001997 0.000476 0.051147 0.946379
0.001997 0.000476 0.051147 0.946379
0.001997 0.000476 0.051147 0.946379
0.002874 0.000807 0.047452 0.948868
0.001997 0.000476 0.051147 0.946379
0.001998 0.000477 0.051169 0.946357
0.001997 0.000476 0.051147 0.946379
0.001997 0.000476 0.051147 0.946379
0.001997 0.000476 0.051147 0.946379
0.002768 0.000766 0.047632 0.948834
0.001998 0.000477 0.051168 0.946358
0.001998 0.000477 0.051164 0.946361
0.001997 0.000476 0.051147 0.946379
0.001997 0.000476 0.051147 0.946379
0.001997 0.000476 0.051147 0.946379
0.001997 0.000476 0.051147 0.946379
0.001998 0.000477 0.051167 0.946359
0.001997 0.000476 0.051151 0.946375
0.001997 0.000476 0.051147 0.946379
0.001997 0.000476 0.051147 0.946379
0.001997 0.000476 0.051147 0.946379
0.001997 0.000476 0.051147 0.946379
0.001998 0.000477 0.051169 0.946357
0.002014 0.000481 0.049275 0.948230
0.001998 0.000477 0.051168 0.946358
0.001997 0.000476 0.051147 0.946379
0.001997 0.000476 0.051147 0.946379
0.001997 0.000476 0.051147 0.946379
0.001998 0.000477 0.051164 0.946361
0.002004 0.000478 0.050071 0.947447
0.001998 0.000477 0.051167 0.946359
0.001997 0.000476 0.051147 0.946379
0.001997 0.000476 0.051147 0.946379
0.001997 0.000476 0.051147 0.946379
0.001997 0.000476 0.051151 0.946375
0.002006 0.000479 0.050448 0.947067
0.001998 0.000477 0.051169 0.946357
0.001997 0.000476 0.051147 0.946379
0.001997 0.000476 0.051147 0.946379
0.001997 0.000476 0.051147 0.946379
0.002014 0.000481 0.049275 0.948230
0.002003 0.000478 0.050664 0.946855
0.001998 0.000477 0.051164 0.946361
0.001997 0.000476 0.051147 0.946379
0.001997 0.000476 0.051147 0.946379
0.001997 0.000476 0.051147 0.946379
0.002004 0.000478 0.050059 0.947459
0.001999 0.000477 0.050859 0.946665
0.001997 0.000476 0.051151 0.946375
0.001997 0.000476 0.051147 0.946379
0.001997 0.000476 0.051147 0.946379
0.001997 0.000476 0.051147 0.946379
0.002007 0.000479 0.050466 0.947048
0.002300 0.000608 0.046355 0.950737
0.002014 0.000481 0.049275 0.948230
0.001997 0.000476 0.051147 0.946379
0.001997 0.000476 0.051147 0.946379
0.001997 0.000476 0.051147 0.946379
0.002004 0.000478 0.050685 0.946833
0.002688 0.000744 0.046612 0.949956
0.002004 0.000478 0.050071 0.947447
0.001997 0.000476 0.051147 0.946379
0.001997 0.000476 0.051147 0.946379
0.001997 0.000476 0.051147 0.946379
0.002000 0.000477 0.050876 0.946647
0.002848 0.000799 0.047115 0.949238
0.002006 0.000479 0.050448 0.947067
0.001997 0.000476 0.051147 0.946379
0.001997 0.000476 0.051147 0.946379
0.001997 0.000476 0.051147 0.946379
0.002300 0.000608 0.046345 0.950747
0.002874 0.000807 0.047452 0.948868
0.002003 0.000478 0.050664 0.946855
0.001997 0.000476 0.051147 0.946379
0.001998 0.000477 0.051168 0.946358
0.001997 0.000476 0.051147 0.946379
0.002753 0.000762 0.045835 0.950649
0.002768 0.000766 0.047632 0.948834
0.002001 0.000477 0.050913 0.946608
0.001997 0.000476 0.051147 0.946379
0.001998 0.000477 0.051167 0.946359
0.001997 0.000476 0.051147 0.946379
0.002885 0.000810 0.046578 0.949727
0.001997 0.000476 0.051147 0.946379
0.002302 0.000608 0.046386 0.950704
0.001997 0.000476 0.051147 0.946379
0.001998 0.000477 0.051169 0.946357
0.001997 0.000476 0.051147 0.946379
0.002904 0.000815 0.047097 0.949184
0.001997 0.000476 0.051147 0.946379
0.002690 0.000744 0.046640 0.949925
0.001997 0.000476 0.051147 0.946379
0.001998 0.000477 0.051164 0.946361
0.001997 0.000476 0.051147 0.946379
0.002783 0.000770 0.047359 0.949089
0.001997 0.000476 0.051147 0.946379
0.002849 0.000800 0.047138 0.949213
0.001997 0.000476 0.051147 0.946379
0.001997 0.000476 0.051151 0.946375
0.001997 0.000476 0.051147 0.946379
0.001999 0.000477 0.050859 0.946665
0.001997 0.000476 0.051147 0.946379
0.002872 0.000806 0.047428 0.948893
0.001997 0.000476 0.051147 0.946379
0.002014 0.000481 0.049275 0.948230
0.001997 0.000476 0.051147 0.946379
0.002300 0.000608 0.046355 0.950737
0.001997 0.000476 0.051147 0.946379
0.002901 0.000802 0.045788 0.950509
0.001997 0.000476 0.051147 0.946379
0.002004 0.000478 0.050071 0.947447
0.001997 0.000476 0.051147 0.946379
0.002688 0.000744 0.046612 0.949956
0.001997 0.000476 0.051147 0.946379
0.002006 0.000479 0.048909 0.948606
0.001997 0.000476 0.051147 0.946379
0.002006 0.000479 0.050448 0.947067
0.001997 0.000476 0.051147 0.946379
0.002848 0.000799 0.047115 0.949238
0.001997 0.000476 0.051147 0.946379
0.002013 0.000480 0.049732 0.947774
0.001997 0.000476 0.051147 0.946379
0.002003 0.000478 0.050664 0.946855
0.001997 0.000476 0.051147 0.946379
0.002871 0.000806 0.047409 0.948914
0.001997 0.000476 0.051147 0.946379
0.002009 0.000479 0.050180 0.947331
0.001997 0.000476 0.051147 0.946379
0.001999 0.000477 0.050859 0.946665
0.001997 0.000476 0.051147 0.946379
0.002769 0.000766 0.047641 0.948825
0.001997 0.000476 0.051147 0.946379
0.002001 0.000477 0.050571 0.946950
0.001997 0.000476 0.051147 0.946379
0.002300 0.000608 0.046355 0.950737
0.001997 0.000476 0.051147 0.946379
0.001998 0.000477 0.051169 0.946357
0.001997 0.000476 0.051147 0.946379
0.003211 0.000951 0.046719 0.949119
0.001997 0.000476 0.051147 0.946379
0.002688 0.000744 0.046612 0.949956
0.001997 0.000476 0.051147 0.946379
0.001998 0.000477 0.051164 0.946361
0.001997 0.000476 0.051147 0.946379
0.005113 0.001660 0.053667 0.939560
0.001997 0.000476 0.051147 0.946379
0.002848 0.000799 0.047115 0.949238
0.001997 0.000476 0.051147 0.946379
0.001997 0.000476 0.051151 0.946375
0.001997 0.000476 0.051147 0.946379
0.005937 0.001976 0.057176 0.934911
0.001998 0.000477 0.051168 0.946358
0.002874 0.000807 0.047452 0.948868
0.001997 0.000476 0.051147 0.946379
0.002014 0.000481 0.049275 0.948230
0.001997 0.000476 0.051147 0.946379
0.005740 0.001898 0.056689 0.935673
0.001998 0.000477 0.051167 0.946359
0.002768 0.000766 0.047632 0.948834
0.001997 0.000476 0.051147 0.946379
0.002004 0.000478 0.050071 0.947447
0.001997 0.000476 0.051147 0.946379
0.004760 0.001517 0.053161 0.940561
0.001998 0.000477 0.051169 0.946357
0.001997 0.000476 0.051147 0.946379
0.001997 0.000476 0.051147 0.946379
0.002006 0.000479 0.050448 0.947067
0.001997 0.000476 0.051147 0.946379
0.001997 0.000476 0.051147 0.946379
0.001998 0.000477 0.051184 0.946341
0.001997 0.000476 0.051147 0.946379
0.001997 0.000476 0.051147 0.946379
0.002004 0.000478 0.050676 0.946843
0.001997 0.000476 0.051147 0.946379
0.001997 0.000476 0.051147 0.946379
0.001998 0.000477 0.051170 0.946356
0.001997 0.000476 0.051147 0.946379
0.001997 0.000476 0.051147 0.946379
0.002000 0.000477 0.050878 0.946644
0.001997 0.000476 0.051147 0.946379
0.001997 0.000476 0.051147 0.946379
0.002014 0.000480 0.049263 0.948242
0.001997 0.000476 0.051147 0.946379
0.001997 0.000476 0.051147 0.946379
0.002301 0.000608 0.046370 0.950721
0.001998 0.000477 0.051168 0.946358
0.001997 0.000476 0.051147 0.946379
0.002006 0.000478 0.050104 0.947412
0.001997 0.000476 0.051147 0.946379
0.001997 0.000476 0.051147 0.946379
0.002689 0.000744 0.046623 0.949944
0.001998 0.000477 0.051167 0.946359
0.001997 0.000476 0.051147 0.946379
0.002007 0.000479 0.050473 0.947041
0.001997 0.000476 0.051147 0.946379
0.001997 0.000476 0.051147 0.946379
0.002847 0.000799 0.047101 0.949253
0.001998 0.000477 0.051169 0.946357
0.001997 0.000476 0.051147 0.946379
0.002021 0.000482 0.048825 0.948672
0.001997 0.000476 0.051147 0.946379
0.001997 0.000476 0.051147 0.946379
0.002938 0.000825 0.046630 0.949607
0.001998 0.000477 0.051164 0.946361
0.001997 0.000476 0.051147 0.946379
0.002007 0.000479 0.049800 0.947714
0.001997 0.000476 0.051147 0.946379
0.001997 0.000476 0.051147 0.946379
0.002800 0.000774 0.047005 0.949421
0.001997 0.000476 0.051151 0.946375
0.001997 0.000476 0.051147 0.946379
0.002375 0.000628 0.044931 0.952067
0.001997 0.000476 0.051147 0.946379
0.001997 0.000476 0.051147 0.946379
0.002006 0.000479 0.050448 0.947067
0.002014 0.000481 0.049275 0.948230
0.001997 0.000476 0.051147 0.946379
0.002740 0.000758 0.045819 0.950682
0.001997 0.000476 0.051147 0.946379
0.001997 0.000476 0.051147 0.946379
0.002003 0.000478 0.050664 0.946855
0.002004 0.000478 0.050071 0.947447
0.001997 0.000476 0.051147 0.946379
0.002879 0.000808 0.046618 0.949695
0.001997 0.000476 0.051147 0.946379
0.001997 0.000476 0.051147 0.946379
0.001999 0.000477 0.050859 0.946665
0.002006 0.000479 0.050448 0.947067
0.001998 0.000477 0.051168 0.946358
0.004186 0.001310 0.049999 0.944505
0.001997 0.000476 0.051147 0.946379
0.001997 0.000476 0.051147 0.946379
0.002300 0.000608 0.046355 0.950737
0.002003 0.000478 0.050664 0.946855
0.001998 0.000477 0.051167 0.946359
0.004942 0.001595 0.053298 0.940165
0.001997 0.000476 0.051147 0.946379
0.001997 0.000476 0.051147 0.946379
0.002688 0.000744 0.046612 0.949956
0.001999 0.000477 0.050859 0.946665
0.001998 0.000477 0.051169 0.946357
0.004165 0.001304 0.049977 0.944554
0.001997 0.000476 0.051147 0.946379
0.001997 0.000476 0.051147 0.946379
0.002848 0.000799 0.047115 0.949238
0.002300 0.000608 0.046355 0.950737
0.001998 0.000477 0.051164 0.946361
0.005400 0.001769 0.055076 0.937756
0.001997 0.000476 0.051147 0.946379
0.001997 0.000476 0.051147 0.946379
0.002874 0.000807 0.047452 0.948868
0.002688 0.000744 0.046612 0.949956
0.001997 0.000476 0.051151 0.946375
0.005357 0.001750 0.055176 0.937717
0.001998 0.000477 0.051168 0.946358
0.001997 0.000476 0.051147 0.946379
0.002768 0.000766 0.047632 0.948834
0.002848 0.000799 0.047115 0.949238
0.002014 0.000481 0.049275 0.948230
0.002874 0.000807 0.047452 0.948868
0.001998 0.000477 0.051167 0.946359
0.001997 0.000476 0.051147 0.946379
0.001997 0.000476 0.051147 0.946379
0.002871 0.000806 0.047409 0.948914
0.002004 0.000478 0.050071 0.947447
0.002768 0.000766 0.047632 0.948834
0.001998 0.000477 0.051169 0.946357
0.001997 0.000476 0.051147 0.946379
0.001997 0.000476 0.051147 0.946379
0.002769 0.000766 0.047641 0.948825
0.002006 0.000479 0.050448 0.947067
0.001997 0.000476 0.051147 0.946379
0.001998 0.000477 0.051164 0.946361
0.001997 0.000476 0.051147 0.946379
0.001997 0.000476 0.051147 0.946379
0.001998 0.000477 0.051169 0.946357
0.002003 0.000478 0.050664 0.946855
0.001997 0.000476 0.051147 0.946379
0.001998 0.000477 0.051172 0.946354
0.001998 0.000477 0.051168 0.946358
0.001997 0.000476 0.051147 0.946379
0.001998 0.000477 0.051164 0.946361
0.001999 0.000477 0.050859 0.946665
0.001997 0.000476 0.051147 0.946379
0.002015 0.000481 0.049287 0.948218
0.001998 0.000477 0.051167 0.946359
0.001997 0.000476 0.051147 0.946379
0.001997 0.000476 0.051151 0.946375
0.002300 0.000608 0.046355 0.950737
0.001997 0.000476 0.051147 0.946379
0.002005 0.000478 0.050092 0.947424
0.001998 0.000477 0.051169 0.946357
0.001997 0.000476 0.051147 0.946379
0.002014 0.000481 0.049275 0.948230
0.002688 0.000744 0.046612 0.949956
0.001997 0.000476 0.051147 0.946379
0.002007 0.000479 0.050465 0.947049
0.001998 0.000477 0.051164 0.946361
0.001997 0.000476 0.051147 0.946379
0.002004 0.000478 0.050071 0.947447
0.002848 0.000799 0.047115 0.949238
0.001997 0.000476 0.051147 0.946379
0.002003 0.000478 0.050668 0.946851
0.001997 0.000476 0.051151 0.946375
0.001997 0.000476 0.051147 0.946379
0.002006 0.000479 0.050448 0.947067
0.002874 0.000807 0.047452 0.948868
0.001997 0.000476 0.051147 0.946379
0.002017 0.000481 0.049004 0.948499
0.002014 0.000481 0.049275 0.948230
0.001997 0.000476 0.051147 0.946379
0.002003 0.000478 0.050664 0.946855
0.002768 0.000766 0.047632 0.948834
0.001997 0.000476 0.051147 0.946379
0.002328 0.000615 0.045669 0.951388
0.002004 0.000478 0.050071 0.947447
0.001997 0.000476 0.051147 0.946379
0.001999 0.000477 0.050859 0.946665
0.001997 0.000476 0.051147 0.946379
0.001997 0.000476 0.051147 0.946379
0.002718 0.000752 0.046251 0.950279
0.002006 0.000479 0.050448 0.947067
0.001997 0.000476 0.051147 0.946379
0.002300 0.000608 0.046355 0.950737
0.001997 0.000476 0.051147 0.946379
0.001997 0.000476 0.051147 0.946379
0.002863 0.000804 0.046876 0.949457
0.002003 0.000478 0.050664 0.946855
0.001997 0.000476 0.051147 0.946379
0.002688 0.000744 0.046612 0.949956
0.001997 0.000476 0.051147 0.946379
0.001998 0.000477 0.051168 0.946358
0.002875 0.000807 0.047285 0.949034
0.001999 0.000477 0.050859 0.946665
0.001997 0.000476 0.051147 0.946379
0.002848 0.000799 0.047115 0.949238
0.001997 0.000476 0.051147 0.946379
0.001998 0.000477 0.051167 0.946359
0.003889 0.001198 0.049160 0.945753
0.002300 0.000608 0.046355 0.950737
0.001997 0.000476 0.051147 0.946379
0.002874 0.000807 0.047452 0.948868
0.001997 0.000476 0.051147 0.946379
0.001998 0.000477 0.051169 0.946357
0.002688 0.000744 0.046612 0.949956
0.002689 0.000744 0.046615 0.949953
0.001997 0.000476 0.051147 0.946379
0.002768 0.000766 0.047632 0.948834
0.001997 0.000476 0.051147 0.946379
0.001998 0.000477 0.051184 0.946341
0.002848 0.000799 0.047115 0.949238
0.002848 0.000799 0.047121 0.949232
0.001997 0.000476 0.051147 0.946379
0.001998 0.000477 0.051168 0.946358
0.001998 0.000477 0.051168 0.946358
0.001998 0.000477 0.051170 0.946356
0.002874 0.000807 0.047452 0.948868
0.002875 0.000807 0.047468 0.948850
0.001997 0.000476 0.051147 0.946379
0.001998 0.000477 0.051167 0.946359
0.001998 0.000477 0.051167 0.946359
0.002015 0.000481 0.049295 0.948209
0.002768 0.000766 0.047632 0.948834
0.002769 0.000766 0.047646 0.948818
0.001997 0.000476 0.051147 0.946379
0.001998 0.000477 0.051169 0.946357
0.001998 0.000477 0.051169 0.946357
0.002005 0.000478 0.050088 0.947429
0.001997 0.000476 0.051147 0.946379
0.001997 0.000476 0.051151 0.946375
0.001997 0.000476 0.051147 0.946379
0.001998 0.000477 0.051164 0.946361
0.001998 0.000477 0.051164 0.946361
0.002006 0.000479 0.050452 0.947063
0.001997 0.000476 0.051147 0.946379
0.002014 0.000481 0.049275 0.948230
0.001997 0.000476 0.051147 0.946379
0.001997 0.000476 0.051151 0.946375
0.001997 0.000476 0.051151 0.946375
0.002020 0.000482 0.048808 0.948690
0.001997 0.000476 0.051147 0.946379
0.002004 0.000478 0.050071 0.947447
0.001997 0.000476 0.051147 0.946379
0.002014 0.000481 0.049275 0.948230
0.002014 0.000481 0.049275 0.948230
0.002007 0.000479 0.049796 0.947719
0.001997 0.000476 0.051147 0.946379
0.002006 0.000479 0.050448 0.947067
0.001997 0.000476 0.051147 0.946379
0.002004 0.000478 0.050071 0.947447
0.002004 0.000478 0.050071 0.947447
0.002323 0.000614 0.045892 0.951171
0.001997 0.000476 0.051147 0.946379
0.002003 0.000478 0.050664 0.946855
0.001997 0.000476 0.051147 0.946379
0.002006 0.000479 0.050448 0.947067
0.002006 0.000479 0.050448 0.947067
0.002704 0.000748 0.046360 0.950188
0.001997 0.000476 0.051147 0.946379
0.001999 0.000477 0.050859 0.946665
0.001998 0.000477 0.051168 0.946358
0.002003 0.000478 0.050664 0.946855
0.002003 0.000478 0.050664 0.946855
0.002848 0.000800 0.046952 0.949399
0.001997 0.000476 0.051147 0.946379
0.002303 0.000609 0.046404 0.950685
0.001998 0.000477 0.051167 0.946359
0.001999 0.000477 0.050859 0.946665
0.001999 0.000477 0.050859 0.946665
0.004171 0.001305 0.050107 0.944416
0.001997 0.000476 0.051147 0.946379
0.002689 0.000744 0.046622 0.949945
0.001998 0.000477 0.051169 0.946357
0.002300 0.000608 0.046355 0.950737
0.002300 0.000608 0.046355 0.950737
0.004979 0.001606 0.053517 0.939898
0.001997 0.000476 0.051147 0.946379
0.002849 0.000800 0.047131 0.949221
0.001998 0.000477 0.051164 0.946361
0.002688 0.000744 0.046612 0.949956
0.002688 0.000744 0.046612 0.949956
0.002848 0.000799 0.047115 0.949238
0.001997 0.000476 0.051147 0.946379
0.002875 0.000807 0.047464 0.948855
0.001997 0.000476 0.051151 0.946375
0.002848 0.000799 0.047115 0.949238
0.002848 0.000799 0.047115 0.949238
0.002874 0.000807 0.047452 0.948868
0.001997 0.000476 0.051147 0.946379
0.002768 0.000765 0.047622 0.948845
0.002014 0.000481 0.049275 0.948230
0.002874 0.000807 0.047452 0.948868
0.002871 0.000806 0.047409 0.948914
0.002768 0.000766 0.047632 0.948834
0.001997 0.000476 0.051147 0.946379
0.002014 0.000481 0.049275 0.948230
0.002004 0.000478 0.050071 0.947447
0.002768 0.000766 0.047632 0.948834
0.002769 0.000766 0.047641 0.948825
0.001997 0.000476 0.051147 0.946379
0.001997 0.000476 0.051147 0.946379
0.002004 0.000478 0.050071 0.947447
0.002006 0.000479 0.050448 0.947067
0.001997 0.000476 0.051147 0.946379
0.001998 0.000477 0.051169 0.946357
0.001997 0.000476 0.051147 0.946379
0.001997 0.000476 0.051147 0.946379
0.002006 0.000479 0.050448 0.947067
0.002003 0.000478 0.050664 0.946855
0.001997 0.000476 0.051147 0.946379
0.001998 0.000477 0.051164 0.946361
0.001997 0.000476 0.051147 0.946379
0.001997 0.000476 0.051147 0.946379
0.002003 0.000478 0.050664 0.946855
0.001999 0.000477 0.050859 0.946665
0.001997 0.000476 0.051147 0.946379
0.001997 0.000476 0.051151 0.946375
0.001997 0.000476 0.051147 0.946379
0.001997 0.000476 0.051147 0.946379
0.001999 0.000477 0.050859 0.946665
0.002300 0.000608 0.046355 0.950737
0.001997 0.000476 0.051147 0.946379
0.002014 0.000481 0.049275 0.948230
0.001997 0.000476 0.051147 0.946379
0.001997 0.000476 0.051147 0.946379
0.002300 0.000608 0.046355 0.950737
0.002688 0.000744 0.046612 0.949956
0.001998 0.000477 0.051168 0.946358
0.002004 0.000478 0.050071 0.947447
0.001997 0.000476 0.051147 0.946379
0.001997 0.000476 0.051147 0.946379
0.002688 0.000744 0.046612 0.949956
0.002848 0.000799 0.047115 0.949238
0.001998 0.000477 0.051167 0.946359
0.002006 0.000479 0.050448 0.947067
0.001997 0.000476 0.051147 0.946379
0.001997 0.000476 0.051147 0.946379
0.002848 0.000799 0.047115 0.949238
0.002874 0.000807 0.047452 0.948868
0.001998 0.000477 0.051169 0.946357
0.002003 0.000478 0.050664 0.946855
0.001997 0.000476 0.051147 0.946379
0.001997 0.000476 0.051147 0.946379
0.002874 0.000807 0.047452 0.948868
0.002768 0.000766 0.047632 0.948834
0.001998 0.000477 0.051164 0.946361
0.001999 0.000477 0.050859 0.946665
0.001997 0.000476 0.051147 0.946379
0.001997 0.000476 0.051147 0.946379
0.002768 0.000766 0.047632 0.948834
0.001997 0.000476 0.051147 0.946379
0.001997 0.000476 0.051151 0.946375
0.002303 0.000609 0.046404 0.950685
0.001997 0.000476 0.051147 0.946379
0.001997 0.000476 0.051147 0.946379
0.001997 0.000476 0.051147 0.946379
0.001998 0.000477 0.051168 0.946358
0.002014 0.000481 0.049275 0.948230
0.002689 0.000744 0.046622 0.949945
0.001997 0.000476 0.051147 0.946379
0.001998 0.000477 0.051168 0.946358
0.001997 0.000476 0.051147 0.946379
0.001998 0.000477 0.051167 0.946359
0.002004 0.000478 0.050071 0.947447
0.002849 0.000800 0.047131 0.949221
0.001997 0.000476 0.051147 0.946379
0.001998 0.000477 0.051167 0.946359
0.001997 0.000476 0.051147 0.946379
0.001998 0.000477 0.051169 0.946357
0.002006 0.000479 0.050453 0.947062
0.002875 0.000807 0.047464 0.948855
0.001997 0.000476 0.051147 0.946379
0.001998 0.000477 0.051169 0.946357
0.001997 0.000476 0.051147 0.946379
0.001998 0.000477 0.051164 0.946361
0.002004 0.000478 0.050682 0.946836
0.002768 0.000765 0.047622 0.948845
0.001997 0.000476 0.051147 0.946379
0.001998 0.000477 0.051164 0.946361
0.001997 0.000476 0.051147 0.946379
0.001997 0.000476 0.051151 0.946375
0.002000 0.000477 0.050881 0.946642
0.002014 0.000481 0.049275 0.948230
0.001997 0.000476 0.051147 0.946379
0.001997 0.000476 0.051151 0.946375
0.001997 0.000476 0.051147 0.946379
0.002014 0.000481 0.049275 0.948230
0.002301 0.000608 0.046366 0.950725
0.002004 0.000478 0.050071 0.947447
0.001997 0.000476 0.051147 0.946379
0.002014 0.000481 0.049275 0.948230
0.001997 0.000476 0.051147 0.946379
0.002004 0.000478 0.050071 0.947447
0.002688 0.000744 0.046599 0.949970
0.002006 0.000479 0.050448 0.947067
0.001997 0.000476 0.051147 0.946379
0.002004 0.000478 0.050059 0.947459
0.001997 0.000476 0.051147 0.946379
0.002006 0.000479 0.050448 0.947067
0.002914 0.000818 0.046346 0.949922
0.002003 0.000478 0.050664 0.946855
0.001997 0.000476 0.051147 0.946379
0.002007 0.000479 0.050466 0.947048
0.001997 0.000476 0.051147 0.946379
0.002003 0.000478 0.050664 0.946855
0.002910 0.000817 0.046892 0.949381
0.001999 0.000477 0.050859 0.946665
0.001997 0.000476 0.051147 0.946379
0.002004 0.000478 0.050696 0.946821
0.001997 0.000476 0.051147 0.946379
0.001999 0.000477 0.050859 0.946665
0.002795 0.000773 0.047234 0.949198
0.002300 0.000608 0.046355 0.950737
0.001997 0.000476 0.051147 0.946379
0.002001 0.000477 0.050895 0.946627
0.001997 0.000476 0.051147 0.946379
0.002300 0.000608 0.046355 0.950737
0.002003 0.000478 0.050664 0.946855
0.002688 0.000744 0.046612 0.949956
0.001998 0.000477 0.051168 0.946358
0.002301 0.000608 0.046360 0.950731
0.001997 0.000476 0.051147 0.946379
0.002688 0.000744 0.046612 0.949956
0.001999 0.000477 0.050859 0.946665
0.002848 0.000799 0.047115 0.949238
0.001998 0.000477 0.051167 0.946359
0.002754 0.000762 0.045846 0.950637
0.001997 0.000476 0.051147 0.946379
0.002848 0.000799 0.047115 0.949238
0.002300 0.000608 0.046355 0.950737
0.002874 0.000807 0.047452 0.948868
0.001998 0.000477 0.051169 0.946357
0.002884 0.000810 0.046564 0.949742
0.001997 0.000476 0.051147 0.946379
0.002874 0.000807 0.047452 0.948868
0.002688 0.000744 0.046612 0.949956
0.002768 0.000766 0.047632 0.948834
0.001998 0.000477 0.051184 0.946341
0.002970 0.000833 0.046307 0.949890
0.001997 0.000476 0.051147 0.946379
0.002766 0.000765 0.047595 0.948874
0.002848 0.000799 0.047115 0.949238
0.001997 0.000476 0.051147 0.946379
0.001998 0.000477 0.051170 0.946356
0.002814 0.000778 0.046748 0.949659
0.001997 0.000476 0.051147 0.946379
0.001998 0.000477 0.051167 0.946359
0.002874 0.000807 0.047452 0.948868
0.001997 0.000476 0.051147 0.946379
0.002015 0.000481 0.049295 0.948209
0.002008 0.000479 0.050174 0.947338
0.001997 0.000476 0.051147 0.946379
0.001998 0.000477 0.051169 0.946357
0.002768 0.000766 0.047632 0.948834
0.001997 0.000476 0.051147 0.946379
0.002005 0.000478 0.050088 0.947429
0.002314 0.000611 0.046032 0.951043
0.001997 0.000476 0.051147 0.946379
0.001998 0.000477 0.051164 0.946361
0.001997 0.000476 0.051147 0.946379
0.001997 0.000476 0.051147 0.946379
0.002006 0.000479 0.050452 0.947063
0.002690 0.000744 0.046444 0.950122
0.001997 0.000476 0.051147 0.946379
0.001997 0.000476 0.051151 0.946375
0.001997 0.000476 0.051147 0.946379
0.001997 0.000476 0.051147 0.946379
0.002020 0.000482 0.048808 0.948690
0.004165 0.001304 0.049977 0.944554
0.001997 0.000476 0.051147 0.946379
0.002014 0.000481 0.049275 0.948230
0.001998 0.000477 0.051168 0.946358
0.001997 0.000476 0.051147 0.946379
0.002007 0.000479 0.049796 0.947719
0.005400 0.001769 0.055076 0.937756
0.001998 0.000477 0.051168 0.946358
0.002004 0.000478 0.050071 0.947447
0.001998 0.000477 0.051167 0.946359
0.001997 0.000476 0.051147 0.946379
0.002323 0.000614 0.045892 0.951171
0.005357 0.001750 0.055176 0.937717
0.001998 0.000477 0.051167 0.946359
0.002006 0.000479 0.050448 0.947067
0.001998 0.000477 0.051169 0.946357
0.001997 0.000476 0.051147 0.946379
0.002704 0.000748 0.046360 0.950188
0.002874 0.000807 0.047452 0.948868
0.001998 0.000477 0.051169 0.946357
0.002003 0.000478 0.050664 0.946855
0.001998 0.000477 0.051164 0.946361
0.001998 0.000477 0.051168 0.946358
0.002848 0.000800 0.046952 0.949399
0.002768 0.000766 0.047632 0.948834
0.001998 0.000477 0.051164 0.946361
0.001999 0.000477 0.050859 0.946665
0.001997 0.000476 0.051151 0.946375
0.001998 0.000477 0.051167 0.946359
0.004171 0.001305 0.050107 0.944416
0.001997 0.000476 0.051147 0.946379
0.001997 0.000476 0.051151 0.946375
0.002300 0.000608 0.046355 0.950737
0.002014 0.000481 0.049275 0.948230
0.001998 0.000477 0.051169 0.946357
0.004979 0.001606 0.053517 0.939898
0.001997 0.000476 0.051147 0.946379
0.002014 0.000481 0.049275 0.948230
0.002688 0.000744 0.046612 0.949956
0.002004 0.000478 0.050071 0.947447
0.001998 0.000477 0.051164 0.946361
0.002848 0.000799 0.047115 0.949238
0.001997 0.000476 0.051147 0.946379
0.002004 0.000478 0.050071 0.947447
0.002848 0.000799 0.047115 0.949238
0.002006 0.000479 0.050448 0.947067
0.001997 0.000476 0.051151 0.946375
0.002874 0.000807 0.047452 0.948868
0.001997 0.000476 0.051147 0.946379
0.002006 0.000479 0.050448 0.947067
0.002874 0.000807 0.047452 0.948868
0.002003 0.000478 0.050664 0.946855
0.002014 0.000481 0.049275 0.948230
0.002768 0.000766 0.047632 0.948834
0.001997 0.000476 0.051147 0.946379
0.002003 0.000478 0.050664 0.946855
0.002768 0.000766 0.047632 0.948834
0.001999 0.000477 0.050859 0.946665
0.002004 0.000478 0.050071 0.947447
0.001997 0.000476 0.051147 0.946379
0.001997 0.000476 0.051147 0.946379
0.001999 0.000477 0.050859 0.946665
0.001997 0.000476 0.051147 0.946379
0.002300 0.000608 0.046355 0.950737
0.002006 0.000479 0.050448 0.947067
0.001998 0.000477 0.051168 0.946358
0.001997 0.000476 0.051147 0.946379
0.002300 0.000608 0.046355 0.950737
0.001997 0.000476 0.051147 0.946379
0.002688 0.000744 0.046612 0.949956
0.002003 0.000478 0.050664 0.946855
0.001998 0.000477 0.051167 0.946359
0.001997 0.000476 0.051147 0.946379
0.002688 0.000744 0.046612 0.949956
0.001997 0.000476 0.051147 0.946379
0.002848 0.000799 0.047115 0.949238
0.002000 0.000477 0.050877 0.946646
0.001998 0.000477 0.051169 0.946357
0.001997 0.000476 0.051147 0.946379
0.002848 0.000799 0.047115 0.949238
0.001997 0.000476 0.051147 0.946379
0.002874 0.000807 0.047452 0.948868
0.002301 0.000608 0.046372 0.950718
0.001998 0.000477 0.051164 0.946361
0.001997 0.000476 0.051147 0.946379
0.002874 0.000807 0.047452 0.948868
0.001998 0.000477 0.051168 0.946358
0.002768 0.000766 0.047632 0.948834
0.002689 0.000744 0.046627 0.949939
0.001997 0.000476 0.051151 0.946375
0.001997 0.000476 0.051147 0.946379
0.002768 0.000766 0.047632 0.948834
0.001998 0.000477 0.051167 0.946359
0.001997 0.000476 0.051147 0.946379
0.002848 0.000800 0.047127 0.949225
0.002014 0.000481 0.049275 0.948230
0.001997 0.000476 0.051147 0.946379
0.001997 0.000476 0.051147 0.946379
0.001998 0.000477 0.051169 0.946357
0.001997 0.000476 0.051147 0.946379
0.002873 0.000806 0.047438 0.948882
0.002004 0.000478 0.050071 0.947447
0.001997 0.000476 0.051147 0.946379
0.001997 0.000476 0.051147 0.946379
0.001998 0.000477 0.051184 0.946341
0.001997 0.000476 0.051147 0.946379
0.002825 0.000781 0.046680 0.949713
0.002006 0.000479 0.050448 0.947067
0.001997 0.000476 0.051147 0.946379
0.001997 0.000476 0.051147 0.946379
0.001998 0.000477 0.051170 0.946356
0.001997 0.000476 0.051147 0.946379
0.002004 0.000478 0.050071 0.947447
0.002003 0.000478 0.050664 0.946855
0.001997 0.000476 0.051147 0.946379
0.001997 0.000476 0.051147 0.946379
0.002015 0.000481 0.049295 0.948209
0.001997 0.000476 0.051147 0.946379
0.002006 0.000479 0.050448 0.947067
0.001999 0.000477 0.050859 0.946665
0.001997 0.000476 0.051147 0.946379
0.001997 0.000476 0.051147 0.946379
0.002005 0.000478 0.050088 0.947429
0.001997 0.000476 0.051147 0.946379
0.002003 0.000478 0.050664 0.946855
0.002300 0.000608 0.046355 0.950737
0.001998 0.000477 0.051168 0.946358
0.001997 0.000476 0.051147 0.946379
0.002006 0.000479 0.050452 0.947063
0.001997 0.000476 0.051147 0.946379
0.001999 0.000477 0.050859 0.946665
0.002688 0.000744 0.046612 0.949956
0.001998 0.000477 0.051167 0.946359
0.001997 0.000476 0.051147 0.946379
0.002020 0.000482 0.048808 0.948690
0.001997 0.000476 0.051147 0.946379
0.002300 0.000608 0.046355 0.950737
0.002848 0.000799 0.047115 0.949238
0.001998 0.000477 0.051169 0.946357
0.001997 0.000476 0.051147 0.946379
0.002007 0.000479 0.049796 0.947719
0.001997 0.000476 0.051147 0.946379
0.002688 0.000744 0.046612 0.949956
0.002874 0.000807 0.047452 0.948868
0.001998 0.000477 0.051164 0.946361
0.001997 0.000476 0.051147 0.946379
0.002325 0.000614 0.045925 0.951136
0.001998 0.000477 0.051168 0.946358
0.002848 0.000799 0.047115 0.949238
0.002768 0.000766 0.047632 0.948834
0.001997 0.000476 0.051151 0.946375
0.001997 0.000476 0.051147 0.946379
0.002704 0.000748 0.046368 0.950179
0.001998 0.000477 0.051167 0.946359
0.002874 0.000807 0.047452 0.948868
0.001997 0.000476 0.051147 0.946379
0.002014 0.000481 0.049275 0.948230
0.001997 0.000476 0.051147 0.946379
0.002849 0.000800 0.046968 0.949383
0.001998 0.000477 0.051169 0.946357
0.002766 0.000765 0.047595 0.948874
0.001997 0.000476 0.051147 0.946379
0.002004 0.000478 0.050071 0.947447
0.001997 0.000476 0.051147 0.946379
0.004168 0.001304 0.050066 0.944461
0.001998 0.000477 0.051164 0.946361
0.001998 0.000477 0.051167 0.946359
0.001997 0.000476 0.051147 0.946379
0.002006 0.000479 0.050448 0.947067
0.001997 0.000476 0.051147 0.946379
0.004971 0.001604 0.053437 0.939987
0.001997 0.000476 0.051151 0.946375
0.001998 0.000477 0.051169 0.946357
0.001997 0.000476 0.051147 0.946379
0.002003 0.000478 0.050664 0.946855
0.001997 0.000476 0.051147 0.946379
0.002914 0.000818 0.046346 0.949922
0.002014 0.000481 0.049275 0.948230
0.001998 0.000477 0.051164 0.946361
0.001997 0.000476 0.051147 0.946379
0.001999 0.000477 0.050859 0.946665
0.001997 0.000476 0.051147 0.946379
0.002910 0.000817 0.046892 0.949381
0.002004 0.000478 0.050071 0.947447
0.001997 0.000476 0.051151 0.946375
0.001997 0.000476 0.051147 0.946379
0.002300 0.000608 0.046355 0.950737
0.001997 0.000476 0.051147 0.946379
0.002795 0.000773 0.047234 0.949198
0.002006 0.000479 0.050448 0.947067
0.002014 0.000481 0.049275 0.948230
0.001997 0.000476 0.051147 0.946379
0.002688 0.000744 0.046612 0.949956
0.001998 0.000477 0.051168 0.946358
0.002003 0.000478 0.050664 0.946855
0.002003 0.000478 0.050664 0.946855
0.002004 0.000478 0.050071 0.947447
0.001997 0.000476 0.051147 0.946379
0.002846 0.000799 0.047085 0.949271
0.001998 0.000477 0.051167 0.946359
0.001999 0.000477 0.050859 0.946665
0.001999 0.000477 0.050859 0.946665
0.002006 0.000479 0.050448 0.947067
0.001997 0.000476 0.051147 0.946379
0.002874 0.000807 0.047457 0.948862
0.001998 0.000477 0.051169 0.946357
0.002300 0.000608 0.046355 0.950737
0.002300 0.000608 0.046355 0.950737
0.002003 0.000478 0.050664 0.946855
0.001997 0.000476 0.051147 0.946379
0.002770 0.000766 0.047651 0.948814
0.001998 0.000477 0.051164 0.946361
0.002688 0.000744 0.046612 0.949956
0.002688 0.000744 0.046612 0.949956
0.001999 0.000477 0.050859 0.946665
0.001997 0.000476 0.051147 0.946379
0.001998 0.000477 0.051164 0.946361
0.001997 0.000476 0.051151 0.946375
0.002848 0.000799 0.047115 0.949238
0.002848 0.000799 0.047115 0.949238
0.002300 0.000608 0.046355 0.950737
0.001998 0.000477 0.051168 0.946358
0.001997 0.000476 0.051151 0.946375
0.002014 0.000481 0.049275 0.948230
0.002874 0.000807 0.047452 0.948868
0.002874 0.000807 0.047452 0.948868
0.002688 0.000744 0.046612 0.949956
0.001998 0.000477 0.051167 0.946359
0.002014 0.000481 0.049275 0.948230
0.002004 0.000478 0.050071 0.947447
0.002768 0.000766 0.047632 0.948834
0.002768 0.000766 0.047632 0.948834
0.002848 0.000799 0.047115 0.949238
0.001998 0.000477 0.051169 0.946357
0.002004 0.000478 0.050071 0.947447
0.002006 0.000479 0.050448 0.947067
0.001997 0.000476 0.051147 0.946379
0.001997 0.000476 0.051147 0.946379
0.002874 0.000807 0.047452 0.948868
0.001998 0.000477 0.051164 0.946361
0.002006 0.000479 0.050448 0.947067
0.002003 0.000478 0.050664 0.946855
0.001997 0.000476 0.051147 0.946379
0.001997 0.000476 0.051147 0.946379
0.002768 0.000766 0.047632 0.948834
0.001997 0.000476 0.051151 0.946375
0.002003 0.000478 0.050664 0.946855
0.001999 0.000477 0.050859 0.946665
0.001997 0.000476 0.051147 0.946379
0.001997 0.000476 0.051147 0.946379
0.001997 0.000476 0.051147 0.946379
0.002014 0.000481 0.049275 0.948230
0.001999 0.000477 0.050859 0.946665
0.002300 0.000608 0.046355 0.950737
0.001997 0.000476 0.051147 0.946379
0.001997 0.000476 0.051147 0.946379
0.001997 0.000476 0.051147 0.946379
0.002004 0.000478 0.050071 0.947447
0.002300 0.000608 0.046355 0.950737
0.002688 0.000744 0.046612 0.949956
0.001997 0.000476 0.051147 0.946379
0.001997 0.000476 0.051147 0.946379
0.001997 0.000476 0.051147 0.946379
0.002006 0.000479 0.050448 0.947067
0.002689 0.000744 0.046615 0.949953
0.002848 0.000799 0.047115 0.949238
0.001997 0.000476 0.051147 0.946379
0.001997 0.000476 0.051147 0.946379
0.001997 0.000476 0.051147 0.946379
0.002003 0.000478 0.050664 0.946855
0.002848 0.000799 0.047121 0.949232
0.002874 0.000807 0.047452 0.948868
0.001997 0.000476 0.051147 0.946379
0.001998 0.000477 0.051168 0.946358
0.001997 0.000476 0.051147 0.946379
0.001999 0.000477 0.050859 0.946665
0.002875 0.000807 0.047468 0.948850
0.002768 0.000766 0.047632 0.948834
0.001997 0.000476 0.051147 0.946379
0.001998 0.000477 0.051167 0.946359
0.001997 0.000476 0.051147 0.946379
0.002300 0.000608 0.046355 0.950737
0.002769 0.000766 0.047646 0.948818
0.001997 0.000476 0.051147 0.946379
0.001997 0.000476 0.051147 0.946379
0.001998 0.000477 0.051169 0.946357
0.001997 0.000476 0.051147 0.946379
0.002688 0.000744 0.046612 0.949956
0.001997 0.000476 0.051151 0.946375
0.001997 0.000476 0.051147 0.946379
0.001997 0.000476 0.051147 0.946379
0.001998 0.000477 0.051164 0.946361
0.001998 0.000477 0.051168 0.946358
0.002848 0.000799 0.047115 0.949238
0.002014 0.000481 0.049275 0.948230
0.001997 0.000476 0.051147 0.946379
0.001997 0.000476 0.051147 0.946379
0.001997 0.000476 0.051151 0.946375
0.001998 0.000477 0.051167 0.946359
0.002874 0.000807 0.047452 0.948868
0.002004 0.000478 0.050071 0.947447
0.001997 0.000476 0.051147 0.946379
0.001997 0.000476 0.051147 0.946379
0.002014 0.000481 0.049275 0.948230
0.001998 0.000477 0.051169 0.946357
0.002768 0.000766 0.047632 0.948834
0.002006 0.000479 0.050448 0.947067
0.001997 0.000476 0.051147 0.946379
0.001997 0.000476 0.051147 0.946379
0.002004 0.000478 0.050071 0.947447
0.001998 0.000477 0.051164 0.946361
0.001997 0.000476 0.051147 0.946379
0.002003 0.000478 0.050664 0.946855
0.001997 0.000476 0.051147 0.946379
0.001997 0.000476 0.051147 0.946379
0.002006 0.000479 0.050448 0.947067
0.001997 0.000476 0.051151 0.946375
0.001997 0.000476 0.051147 0.946379
0.001999 0.000477 0.050859 0.946665
0.001997 0.000476 0.051147 0.946379
0.001997 0.000476 0.051147 0.946379
0.002003 0.000478 0.050664 0.946855
0.002014 0.000481 0.049275 0.948230
0.001998 0.000477 0.051168 0.946358
0.002300 0.000608 0.046355 0.950737
0.001997 0.000476 0.051147 0.946379
0.001997 0.000476 0.051147 0.946379
0.001999 0.000477 0.050859 0.946665
0.002004 0.000478 0.050071 0.947447
0.001999 0.000477 0.051186 0.946338
0.002688 0.000744 0.046612 0.949956
0.001997 0.000476 0.051147 0.946379
0.001997 0.000476 0.051147 0.946379
0.002300 0.000608 0.046355 0.950737
0.002006 0.000479 0.050448 0.947067
0.001999 0.000477 0.051187 0.946338
0.002848 0.000799 0.047115 0.949238
0.001997 0.000476 0.051147 0.946379
0.001997 0.000476 0.051147 0.946379
0.002688 0.000744 0.046612 0.949956
0.002003 0.000478 0.050664 0.946855
0.001998 0.000477 0.051185 0.946339
0.002874 0.000807 0.047452 0.948868
0.001997 0.000476 0.051147 0.946379
0.001997 0.000476 0.051147 0.946379
0.002848 0.000799 0.047115 0.949238
0.001999 0.000477 0.050859 0.946665
0.001998 0.000477 0.051168 0.946358
0.002768 0.000766 0.047632 0.948834
0.001997 0.000476 0.051147 0.946379
0.001997 0.000476 0.051147 0.946379
0.002874 0.000807 0.047452 0.948868
0.002300 0.000608 0.046355 0.950737
0.002015 0.000481 0.049278 0.948227
0.001997 0.000476 0.051147 0.946379
0.001997 0.000476 0.051147 0.946379
0.001997 0.000476 0.051147 0.946379
0.002768 0.000766 0.047632 0.948834
0.002688 0.000744 0.046612 0.949956
0.002020 0.000482 0.048230 0.949268
0.001997 0.000476 0.051147 0.946379
0.001997 0.000476 0.051147 0.946379
0.001997 0.000476 0.051147 0.946379
0.001997 0.000476 0.051147 0.946379
0.002848 0.000799 0.047115 0.949238
0.002013 0.000480 0.049401 0.948106
0.001997 0.000476 0.051147 0.946379
0.001997 0.000476 0.051147 0.946379
0.001997 0.000476 0.051147 0.946379
0.001997 0.000476 0.051147 0.946379
0.002874 0.000807 0.047452 0.948868
0.002012 0.000480 0.049991 0.947517
0.001997 0.000476 0.051147 0.946379
0.001997 0.000476 0.051147 0.946379
0.001997 0.000476 0.051147 0.946379
0.001997 0.000476 0.051147 0.946379
0.002768 0.000766 0.047632 0.948834
0.002005 0.000478 0.050389 0.947127
0.001997 0.000476 0.051147 0.946379
0.001997 0.000476 0.051147 0.946379
0.001997 0.000476 0.051147 0.946379
0.001997 0.000476 0.051147 0.946379
0.001997 0.000476 0.051147 0.946379
0.002303 0.000609 0.046149 0.950939
0.001997 0.000476 0.051147 0.946379
0.001997 0.000476 0.051147 0.946379
0.001997 0.000476 0.051147 0.946379
0.001997 0.000476 0.051147 0.946379
0.001998 0.000477 0.051168 0.946358
0.003867 0.001193 0.048793 0.946147
0.001997 0.000476 0.051147 0.946379
0.001997 0.000476 0.051147 0.946379
0.001998 0.000477 0.051168 0.946358
0.001997 0.000476 0.051147 0.946379
0.001998 0.000477 0.051167 0.946359
0.005354 0.001754 0.054537 0.938354
0.001997 0.000476 0.051147 0.946379
0.001997 0.000476 0.051147 0.946379
0.001998 0.000477 0.051167 0.946359
0.001997 0.000476 0.051147 0.946379
0.001998 0.000477 0.051169 0.946357
0.005790 0.001919 0.056659 0.935632
0.001997 0.000476 0.051147 0.946379
0.001997 0.000476 0.051147 0.946379
0.001998 0.000477 0.051169 0.946357
0.001997 0.000476 0.051147 0.946379
0.001998 0.000477 0.051164 0.946361
0.005256 0.001709 0.054910 0.938125
0.001997 0.000476 0.051147 0.946379
0.001997 0.000476 0.051147 0.946379
0.001998 0.000477 0.051164 0.946361
0.001997 0.000476 0.051147 0.946379
0.001997 0.000476 0.051151 0.946375
0.002769 0.000766 0.047646 0.948818
0.001997 0.000476 0.051147 0.946379
0.001997 0.000476 0.051147 0.946379
0.001997 0.000476 0.051151 0.946375
0.001997 0.000476 0.051147 0.946379
0.002014 0.000481 0.049275 0.948230
0.001997 0.000476 0.051151 0.946375
0.001997 0.000476 0.051147 0.946379
0.001997 0.000476 0.051147 0.946379
0.002013 0.000480 0.049244 0.948263
0.001997 0.000476 0.051147 0.946379
0.002004 0.000478 0.050071 0.947447
0.002014 0.000481 0.049275 0.948230
0.001997 0.000476 0.051147 0.946379
0.001997 0.000476 0.051147 0.946379
0.002005 0.000478 0.050087 0.947429
0.001997 0.000476 0.051147 0.946379
0.002006 0.000479 0.050448 0.947067
0.002004 0.000478 0.050071 0.947447
0.001998 0.000477 0.051168 0.946358
0.001997 0.000476 0.051147 0.946379
0.002007 0.000479 0.050470 0.947045
0.001998 0.000477 0.051168 0.946358
0.002003 0.000478 0.050664 0.946855
0.002006 0.000479 0.050448 0.947067
0.001998 0.000477 0.051167 0.946359
0.001997 0.000476 0.051147 0.946379
0.002004 0.000478 0.050681 0.946837
0.001998 0.000477 0.051167 0.946359
0.001999 0.000477 0.050859 0.946665
0.002003 0.000478 0.050664 0.946855
0.001998 0.000477 0.051169 0.946357
0.001997 0.000476 0.051147 0.946379
0.002000 0.000477 0.050863 0.946660
0.001998 0.000477 0.051169 0.946357
0.002303 0.000609 0.046404 0.950685
0.001999 0.000477 0.050859 0.946665
0.001998 0.000477 0.051164 0.946361
0.001997 0.000476 0.051147 0.946379
0.002351 0.000621 0.045375 0.951652
0.001998 0.000477 0.051164 0.946361
0.002689 0.000744 0.046622 0.949945
0.002300 0.000608 0.046355 0.950737
0.001997 0.000476 0.051151 0.946375
0.001997 0.000476 0.051147 0.946379
0.002724 0.000754 0.046057 0.950465
0.001997 0.000476 0.051151 0.946375
0.002847 0.000799 0.047097 0.949257
0.002688 0.000744 0.046612 0.949956
0.002014 0.000481 0.049275 0.948230
0.001997 0.000476 0.051147 0.946379
0.002878 0.000808 0.046773 0.949541
0.002014 0.000481 0.049275 0.948230
0.002875 0.000807 0.047468 0.948851
0.002848 0.000799 0.047115 0.949238
0.002004 0.000478 0.050071 0.947447
0.001997 0.000476 0.051147 0.946379
0.002889 0.000811 0.047205 0.949095
0.002004 0.000478 0.050071 0.947447
0.002769 0.000766 0.047641 0.948825
0.002874 0.000807 0.047452 0.948868
0.002006 0.000479 0.050448 0.947067
0.001997 0.000476 0.051147 0.946379
0.002770 0.000766 0.047454 0.949010
0.002006 0.000479 0.050448 0.947067
0.002015 0.000481 0.049291 0.948213
0.002768 0.000766 0.047632 0.948834
0.002003 0.000478 0.050664 0.946855
0.001997 0.000476 0.051147 0.946379
0.002300 0.000608 0.046355 0.950737
0.002003 0.000478 0.050664 0.946855
0.002004 0.000478 0.050075 0.947443
0.001997 0.000476 0.051147 0.946379
0.001999 0.000477 0.050859 0.946665
0.001997 0.000476 0.051147 0.946379
0.002688 0.000744 0.046612 0.949956
0.001999 0.000477 0.050859 0.946665
0.002021 0.000482 0.048550 0.948948
0.001997 0.000476 0.051147 0.946379
0.002300 0.000608 0.046355 0.950737
0.001997 0.000476 0.051147 0.946379
0.002848 0.000799 0.047115 0.949238
0.002300 0.000608 0.046355 0.950737
0.002011 0.000480 0.049620 0.947889
0.001997 0.000476 0.051147 0.946379
0.002688 0.000744 0.046612 0.949956
0.001997 0.000476 0.051147 0.946379
0.002874 0.000807 0.047452 0.948868
0.002688 0.000744 0.046612 0.949956
0.002009 0.000479 0.050196 0.947316
0.001997 0.000476 0.051147 0.946379
0.002848 0.000799 0.047115 0.949238
0.001997 0.000476 0.051147 0.946379
0.002768 0.000766 0.047632 0.948834
0.002848 0.000799 0.047115 0.949238
0.002314 0.000612 0.046044 0.951031
0.001997 0.000476 0.051147 0.946379
0.002874 0.000807 0.047452 0.948868
0.001997 0.000476 0.051147 0.946379
0.001997 0.000476 0.051147 0.946379
0.002874 0.000807 0.047452 0.948868
0.002689 0.000744 0.046431 0.950135
