-0.582680
-0.486443
-0.999322
-0.997971
-0.650215
-0.727738
-0.614370
-0.991011
-0.999173
-0.981041
-0.985663
-0.629866
-0.998973
-0.947543
-0.961362
-0.565433
-0.996864
-0.972958
-0.958273
-0.999146
-0.999266
-0.998953
-0.997722
-0.563272
-0.557765
-0.985762
-0.999714
-0.968545
-0.774930
-0.574036
-0.579350
-0.586610
-0.999550
-0.683533
-0.994735
-0.657240
-0.620893
-0.656002
-0.998316
-0.984959
-0.914916
-0.596144
-0.577821
-0.584437
-0.999293
-0.999203
-0.727420
-0.702824
-0.601370
-0.991045
-0.999448
-0.981332
-0.977869
-0.630606
-0.999257
-0.943728
-0.968616
-0.591829
-0.994704
-0.970155
-0.954993
-0.998866
-0.999443
-0.998780
-0.997512
-0.558721
-0.568542
-0.995987
-0.999018
-0.951639
-0.772148
-0.565243
-0.599570
-0.609217
-0.999713
-0.690639
-0.996688
-0.668071
-0.610131
-0.616845
-0.998513
-0.986110
-0.911561
-0.602224
-0.575110
-0.596757
-0.999302
-0.999248
-0.673895
-0.723651
-0.627129
-0.994694
-0.999112
-0.989460
-0.982375
-0.623222
-0.998958
-0.965407
-0.950613
-0.605141
-0.997599
-0.958257
-0.962485
-0.998991
-0.998963
-0.999212
-0.998669
-0.553646
-0.577209
-0.987690
-0.999524
-0.944182
-0.765697
-0.549625
-0.573095
-0.589152
-0.999286
-0.677949
-0.994154
-0.642119
-0.598197
-0.614246
-0.998521
-0.993691
-0.914962
-0.565276
-0.562683
-0.593747
-0.998934
-0.999464
-0.699806
-0.703436
-0.638900
-0.989951
-0.998638
-0.982477
-0.988862
-0.617359
-0.998976
-0.933394
-0.968313
-0.608964
-0.997408
-0.961699
-0.940339
-0.999077
-0.999239
-0.998493
-0.997695
-0.566386
-0.564942
-0.990124
-0.998908
-0.972546
-0.768567
-0.532801
-0.597409
-0.566687
-0.999631
-0.681870
-0.996082
-0.623626
-0.598642
-0.578130
-0.998564
-0.986590
-0.924583
-0.588268
-0.573144
-0.568798
-0.999435
-0.999454
-0.677491
-0.698013
-0.628876
-0.992014
-0.999318
-0.990045
-0.978666
-0.592471
-0.999282
-0.948209
-0.970145
-0.611336
-0.996212
-0.959648
-0.938811
-0.999035
-0.998878
-0.997980
-0.998520
-0.569297
-0.555614
-0.989057
-0.998982
-0.962012
-0.756563
-0.500438
-0.614114
-0.562165
-0.999068
-0.689326
-0.993696
-0.604653
-0.599367
-0.597093
-0.997653
-0.987585
-0.906663
-0.559189
-0.571514
-0.573064
-0.999253
-0.998681
-0.664753
-0.724208
-0.633019
-0.990556
-0.998817
-0.979141
-0.978889
-0.591810
-0.997615
-0.947822
-0.969546
-0.607010
-0.997099
-0.951962
-0.934096
-0.997787
-0.999201
-0.998157
-0.998354
-0.546173
-0.545524
-0.991682
-0.999092
-0.925288
-0.740135
-0.500658
-0.578516
-0.525138
-0.999189
-0.675256
-0.993214
-0.618116
-0.582872
-0.592361
-0.997724
-0.986801
-0.916110
-0.556620
-0.583129
-0.559638
-0.998749
-0.998293
-0.685941
-0.737737
-0.620810
-0.990384
-0.998726
-0.986429
-0.983666
-0.580302
-0.997612
-0.936503
-0.952535
-0.607985
-0.996964
-0.958657
-0.959717
-0.999231
-0.998746
-0.998188
-0.997689
-0.511302
-0.506800
-0.991677
-0.999168
-0.963405
-0.743225
-0.567723
-0.565455
-0.520029
-0.999517
-0.674544
-0.985862
-0.625223
-0.588776
-0.544776
-0.998372
-0.991926
-0.913650
-0.540053
-0.559434
-0.583863
-0.998774
-0.998336
-0.644484
-0.695433
-0.598108
-0.990014
-0.998921
-0.981896
-0.978297
-0.579641
-0.997665
-0.933041
-0.970752
-0.584895
-0.997857
-0.953300
-0.954063
-0.998708
-0.999545
-0.998025
-0.999024
-0.491277
-0.562486
-0.993467
-0.999423
-0.933120
-0.740101
-0.561700
-0.548509
-0.578249
-0.998927
-0.657583
-0.993150
-0.630285
-0.611895
-0.563009
-0.998046
-0.990279
-0.907071
-0.551087
-0.571800
-0.590928
-0.999325
-0.998812
-0.649348
-0.715097
-0.615194
-0.994117
-0.998525
-0.978329
-0.975424
-0.594007
-0.999385
-0.957179
-0.962206
-0.572820
-0.993738
-0.972690
-0.959695
-0.997963
-0.999494
-0.998779
-0.998625
-0.512665
-0.563131
-0.988414
-0.998927
-0.961274
-0.735492
-0.572585
-0.522533
-0.565464
-0.999589
-0.685889
-0.996012
-0.638571
-0.613858
-0.548516
-0.998078
-0.993733
-0.927002
-0.566010
-0.571138
-0.576884
-0.999227
-0.999399
-0.702494
-0.737174
-0.637061
-0.990121
-0.998447
-0.985861
-0.979353
-0.614723
-0.998220
-0.937610
-0.948861
-0.589783
-0.997062
-0.963702
-0.944193
-0.998637
-0.998391
-0.999098
-0.998494
-0.540551
-0.549286
-0.991807
-0.999639
-0.962325
-0.750486
-0.553007
-0.498944
-0.538466
-0.999719
-0.703970
-0.996171
-0.644425
-0.597009
-0.586574
-0.997163
-0.987661
-0.908557
-0.598351
-0.600050
-0.567249
-0.999233
-0.998998
-0.649295
-0.718422
-0.621831
-0.991531
-0.999377
-0.986402
-0.983530
-0.619662
-0.998686
-0.944604
-0.955411
-0.566394
-0.998023
-0.952266
-0.954150
-0.998938
-0.998733
-0.999023
-0.997654
-0.562258
-0.568421
-0.991658
-0.999171
-0.962762
-0.748571
-0.582235
-0.548059
-0.518765
-0.999571
-0.694912
-0.995817
-0.663254
-0.585437
-0.556620
-0.997943
-0.994123
-0.912288
-0.608697
-0.579144
-0.565334
-0.999462
-0.999504
-0.663837
-0.732554
-0.616975
-0.993426
-0.999120
-0.987081
-0.978236
-0.623633
-0.998817
-0.954795
-0.954162
-0.569738
-0.997208
-0.969368
-0.944235
-0.998802
-0.999194
-0.998344
-0.998795
-0.574093
-0.558029
-0.986126
-0.999630
-0.942448
-0.768754
-0.580502
-0.586595
-0.529271
-0.999423
-0.656435
-0.995084
-0.582278
-0.608423
-0.550665
-0.998494
-0.989007
-0.919992
-0.580982
-0.560021
-0.567572
-0.999382
-0.998687
-0.665348
-0.746580
-0.628012
-0.989544
-0.998270
-0.978723
-0.988965
-0.632427
-0.997778
-0.961362
-0.967835
-0.565389
-0.995023
-0.975379
-0.950894
-0.998298
-0.999290
-0.998667
-0.997275
-0.558318
-0.467922
-0.990817
-0.999460
-0.948341
-0.768927
-0.587575
-0.574629
-0.544948
-0.999151
-0.653213
-0.991053
-0.598008
-0.590087
-0.616198
-0.998236
-0.994950
-0.915560
-0.571064
-0.561739
-0.563624
-0.999103
-0.998998
-0.682218
-0.710038
-0.637533
-0.993930
-0.998261
-0.980196
-0.986713
-0.605973
-0.997938
-0.960208
-0.945985
-0.531381
-0.997858
-0.953357
-0.942373
-0.998343
-0.998890
-0.998054
-0.997738
-0.479350
-0.487166
-0.985354
-0.999270
-0.948003
-0.716433
-0.528722
-0.594046
-0.561094
-0.999599
-0.692031
-0.992831
-0.661335
-0.580619
-0.616767
-0.997485
-0.989326
-0.915273
-0.570785
-0.557903
-0.572128
-0.999331
-0.999564
-0.680120
-0.692997
-0.623147
-0.991604
-0.999446
-0.986062
-0.984566
-0.583855
-0.998854
-0.937839
-0.960372
-0.580829
-0.995054
-0.964540
-0.956906
-0.999028
-0.998757
-0.998194
-0.997945
-0.473719
-0.531259
-0.988946
-0.999217
-0.934815
-0.733282
-0.534593
-0.597452
-0.574654
-0.999551
-0.675152
-0.986296
-0.653281
-0.600909
-0.601587
-0.998476
-0.994338
-0.900298
-0.542803
-0.546560
-0.552640
-0.998639
-0.999407
-0.683761
-0.702568
-0.601869
-0.991996
-0.999463
-0.977854
-0.985421
-0.551628
-0.999161
-0.963730
-0.974073
-0.603324
-0.996258
-0.977086
-0.955355
-0.999097
-0.998830
-0.998849
-0.997270
-0.534428
-0.553657
-0.988540
-0.999430
-0.964658
-0.760413
-0.550696
-0.599069
-0.559537
-0.999627
-0.683519
-0.992385
-0.608444
-0.582921
-0.611111
-0.998266
-0.989243
-0.904320
-0.535701
-0.561691
-0.542968
-0.999273
-0.998595
-0.696191
-0.701782
-0.615931
-0.992007
-0.999288
-0.988905
-0.983341
-0.570409
-0.997584
-0.964750
-0.961660
-0.580577
-0.997753
-0.969833
-0.955962
-0.998882
-0.998980
-0.998977
-0.998886
-0.540426
-0.558663
-0.989284
-0.999499
-0.946094
-0.778359
-0.564987
-0.606679
-0.551652
-0.999663
-0.680275
-0.995884
-0.585883
-0.554820
-0.620079
-0.998549
-0.988328
-0.906992
-0.573991
-0.549693
-0.529645
-0.999152
-0.998623
-0.649165
-0.720409
-0.590203
-0.990643
-0.999168
-0.985239
-0.977977
-0.607184
-0.998770
-0.958952
-0.968764
-0.591046
-0.995562
-0.958449
-0.942041
-0.998147
-0.999331
-0.998297
-0.998851
-0.519306
-0.568375
-0.988945
-0.998750
-0.965719
-0.768160
-0.576047
-0.612030
-0.563476
-0.999131
-0.687783
-0.994230
-0.619905
-0.591918
-0.592969
-0.998439
-0.986329
-0.903637
-0.587707
-0.594528
-0.522419
-0.999587
-0.999480
-0.704781
-0.688668
-0.583752
-0.991109
-0.998928
-0.990942
-0.985780
-0.600806
-0.997035
-0.954635
-0.971336
-0.590908
-0.995772
-0.957885
-0.962645
-0.998401
-0.999387
-0.998309
-0.997235
-0.495208
-0.569271
-0.985479
-0.999317
-0.946683
-0.760541
-0.571105
-0.573387
-0.505018
-0.999029
-0.700295
-0.992720
-0.606049
-0.581892
-0.597195
-0.998391
-0.986655
-0.908911
-0.545329
-0.579001
-0.568083
-0.998469
-0.998716
-0.653922
-0.695914
-0.612984
-0.990837
-0.998973
-0.976314
-0.976036
-0.601821
-0.999000
-0.959762
-0.972496
-0.590179
-0.997847
-0.958858
-0.957783
-0.999053
-0.999352
-0.999103
-0.998934
-0.531938
-0.571457
-0.992298
-0.999519
-0.971710
-0.729247
-0.580159
-0.583529
-0.478542
-0.999013
-0.705998
-0.993611
-0.580872
-0.556212
-0.595014
-0.997699
-0.989396
-0.920221
-0.504288
-0.557716
-0.581478
-0.999588
-0.999234
-0.681861
-0.713965
-0.592227
-0.993112
-0.998924
-0.981242
-0.976950
-0.612442
-0.997733
-0.940960
-0.958803
-0.573928
-0.994873
-0.977255
-0.954843
-0.998545
-0.999391
-0.998933
-0.997803
-0.530703
-0.560826
-0.988734
-0.998912
-0.967645
-0.716988
-0.546550
-0.583009
-0.556871
-0.999631
-0.711509
-0.995872
-0.521381
-0.549008
-0.580829
-0.997084
-0.994458
-0.907382
-0.548634
-0.560971
-0.581967
-0.999124
-0.998308
-0.675957
-0.694305
-0.602548
-0.989572
-0.998844
-0.978366
-0.980163
-0.623230
-0.998676
-0.961181
-0.974033
-0.609683
-0.995926
-0.956014
-0.948637
-0.998667
-0.999373
-0.998474
-0.999072
-0.497467
-0.550896
-0.991069
-0.999598
-0.963684
-0.717475
-0.494669
-0.573481
-0.591431
-0.999657
-0.674217
-0.988988
-0.557886
-0.600085
-0.569850
-0.997622
-0.988884
-0.910119
-0.573976
-0.583611
-0.630411
-0.998830
-0.998481
-0.693422
-0.718574
-0.629609
-0.992504
-0.999314
-0.978194
-0.986601
-0.600775
-0.999260
-0.973660
-0.967130
-0.601952
-0.997405
-0.966553
-0.955411
-0.998927
-0.998883
-0.998002
-0.997903
-0.539761
-0.548173
-0.991104
-0.999629
-0.939235
-0.722610
-0.496381
-0.589391
-0.576986
-0.999268
-0.709987
-0.992457
-0.571992
-0.573402
-0.524562
-0.998576
-0.985323
-0.909283
-0.581943
-0.573065
-0.559344
-0.998856
-0.998294
-0.666861
-0.726740
-0.606028
-0.991393
-0.998892
-0.985026
-0.974788
-0.557426
-0.999064
-0.925298
-0.954788
-0.569823
-0.993864
-0.973857
-0.943138
-0.998940
-0.998479
-0.998535
-0.999096
-0.497605
-0.534053
-0.988881
-0.999152
-0.946077
-0.743833
-0.547392
-0.580075
-0.551980
-0.999635
-0.712516
-0.991976
-0.621277
-0.605141
-0.584884
-0.997478
-0.989256
-0.910285
-0.564679
-0.586787
-0.570222
-0.998836
-0.999097
-0.699544
-0.736668
-0.582300
-0.991847
-0.998758
-0.986146
-0.978483
-0.585735
-0.998768
-0.929319
-0.963934
-0.555999
-0.995635
-0.952317
-0.949982
-0.998002
-0.999010
-0.998485
-0.997093
-0.518076
-0.542096
-0.989817
-0.998757
-0.946913
-0.764838
-0.562058
-0.592562
-0.537322
-0.999107
-0.715403
-0.996372
-0.629584
-0.570532
-0.602119
-0.998183
-0.987670
-0.904654
-0.555659
-0.538045
-0.519563
-0.999045
-0.998578
-0.640574
-0.701478
-0.589729
-0.990977
-0.999215
-0.984627
-0.981819
-0.598849
-0.999086
-0.957930
-0.962999
-0.590093
-0.994850
-0.957768
-0.931810
-0.997687
-0.999340
-0.998317
-0.998217
-0.537765
-0.531080
-0.983516
-0.999053
-0.936657
-0.749956
-0.589062
-0.558508
-0.560065
-0.999185
-0.659158
-0.989574
-0.608784
-0.561722
-0.563159
-0.998448
-0.986741
-0.902427
-0.539168
-0.561199
-0.536907
-0.998694
-0.998654
-0.698303
-0.710658
-0.607083
-0.989545
-0.999041
-0.978003
-0.981840
-0.627478
-0.998030
-0.951379
-0.967862
-0.588750
-0.995590
-0.953528
-0.954592
-0.998724
-0.999636
-0.999177
-0.997798
-0.530112
-0.523802
-0.987218
-0.998888
-0.950236
-0.752999
-0.577655
-0.502856
-0.565945
-0.999721
-0.686380
-0.990873
-0.578545
-0.536528
-0.547560
-0.999225
-0.988072
-0.912024
-0.495873
-0.550226
-0.570785
-0.998652
-0.998752
-0.636795
-0.716139
-0.566137
-0.994161
-0.998985
-0.976067
-0.974099
-0.584925
-0.998164
-0.952953
-0.955326
-0.608281
-0.995595
-0.948704
-0.951887
-0.999194
-0.998656
-0.998231
-0.997531
-0.471607
-0.552280
-0.992288
-0.999405
-0.954140
-0.766324
-0.559656
-0.560305
-0.549001
-0.999669
-0.692854
-0.996535
-0.628554
-0.577033
-0.525121
-0.998203
-0.994394
-0.919964
-0.512771
-0.559303
-0.559874
-0.999461
-0.998848
-0.628113
-0.683232
-0.535801
-0.992452
-0.998676
-0.987034
-0.973819
-0.562590
-0.999531
-0.940841
-0.961452
-0.597732
-0.994838
-0.950457
-0.951577
-0.997558
-0.998683
-0.997900
-0.997473
-0.461904
-0.501763
-0.987764
-0.998949
-0.945929
-0.746703
-0.555650
-0.557896
-0.552060
-0.999720
-0.677773
-0.991630
-0.647353
-0.558748
-0.534727
-0.998541
-0.994478
-0.898612
-0.558408
-0.519139
-0.571585
-0.998929
-0.999566
-0.637332
-0.676609
-0.575956
-0.992937
-0.999473
-0.979473
-0.979172
-0.584795
-0.998852
-0.926068
-0.958955
-0.595137
-0.996297
-0.975127
-0.951356
-0.998857
-0.998622
-0.999141
-0.998021
-0.482030
-0.529482
-0.985958
-0.999388
-0.968134
-0.754743
-0.577594
-0.565075
-0.506137
-0.999687
-0.659861
-0.993167
-0.618529
-0.516293
-0.565481
-0.998334
-0.993907
-0.906122
-0.534460
-0.498924
-0.557326
-0.999130
-0.999121
-0.658321
-0.689269
-0.603061
-0.989975
-0.999233
-0.976328
-0.978706
-0.613197
-0.998607
-0.935122
-0.961461
-0.607385
-0.995332
-0.958503
-0.946064
-0.999276
-0.999235
-0.999116
-0.998903
-0.559974
-0.478314
-0.988405
-0.998950
-0.964144
-0.749559
-0.556773
-0.534846
-0.447382
-0.998905
-0.675578
-0.988541
-0.573564
-0.496694
-0.570775
-0.998795
-0.990683
-0.904791
-0.530993
-0.507576
-0.484374
-0.999408
-0.998319
-0.659926
-0.707378
-0.573324
-0.991669
-0.998670
-0.977978
-0.980902
-0.587332
-0.999014
-0.964373
-0.968654
-0.605716
-0.996535
-0.972824
-0.956627
-0.997996
-0.998976
-0.998011
-0.999373
-0.537786
-0.489537
-0.983850
-0.999447
-0.937279
-0.762695
-0.542319
-0.533926
-0.472694
-0.999552
-0.678250
-0.984658
-0.640863
-0.508726
-0.574933
-0.998125
-0.991032
-0.906698
-0.583719
-0.567841
-0.491863
-0.998673
-0.998834
-0.649454
-0.718744
-0.551972
-0.994141
-0.999312
-0.975667
-0.978188
-0.586654
-0.997681
-0.934724
-0.968436
-0.610640
-0.995334
-0.955287
-0.953090
-0.999068
-0.998797
-0.998417
-0.998174
-0.486573
-0.457996
-0.989271
-0.999529
-0.951616
-0.730206
-0.515671
-0.474840
-0.529936
-0.999641
-0.699432
-0.991855
-0.608254
-0.536605
-0.585078
-0.997446
-0.991434
-0.912159
-0.541764
