-0.809424
-0.985817
-0.980080
-0.874963
-0.896911
-0.882978
-0.819570
-0.976991
-0.993122
-0.860575
-0.996462
-0.801699
-0.837578
-0.902704
-0.979462
-0.948512
-0.974391
-0.846673
-0.893213
-0.935921
-0.979089
-0.991921
-0.971318
-0.990513
-0.993548
-0.808167
-0.992470
-0.905442
-0.809044
-0.883663
-0.792177
-0.871015
-0.991463
-0.987765
-0.929753
-0.983126
-0.860751
-0.945398
-0.956177
-0.955704
-0.977885
-0.934153
-0.809938
-0.990129
-0.989611
-0.903723
-0.885895
-0.893172
-0.811728
-0.983440
-0.987012
-0.868522
-0.998686
-0.899934
-0.844137
-0.924452
-0.973716
-0.950042
-0.968365
-0.824249
-0.870341
-0.957810
-0.968847
-0.993773
-0.993680
-0.991577
-0.994485
-0.815913
-0.997182
-0.900477
-0.825947
-0.896929
-0.812918
-0.832609
-0.997874
-0.963756
-0.945099
-0.995538
-0.871245
-0.964845
-0.956505
-0.940156
-0.994576
-0.893906
-0.807856
-0.987536
-0.988648
-0.926266
-0.933145
-0.910960
-0.833961
-0.992402
-0.979278
-0.856840
-0.993034
-0.901130
-0.881055
-0.869239
-0.982467
-0.966801
-0.957711
-0.841764
-0.883327
-0.900596
-0.981542
-0.982603
-0.979395
-0.981141
-0.992657
-0.858198
-0.998063
-0.895651
-0.828306
-0.866451
-0.815182
-0.844872
-0.989861
-0.957393
-0.960658
-0.987304
-0.869913
-0.942635
-0.954759
-0.953211
-0.992634
-0.894307
-0.809370
-0.992164
-0.979862
-0.870950
-0.900928
-0.914531
-0.848509
-0.954970
-0.973526
-0.870951
-0.993815
-0.883325
-0.861972
-0.893437
-0.972382
-0.955178
-0.978372
-0.823551
-0.901317
-0.932477
-0.969623
-0.995097
-0.988775
-0.986482
-0.998822
-0.851118
-0.988795
-0.896998
-0.814215
-0.868719
-0.800792
-0.855368
-0.996759
-0.972936
-0.980017
-0.982671
-0.866785
-0.966086
-0.961260
-0.933483
-0.994150
-0.946461
-0.819772
-0.995689
-0.995827
-0.920491
-0.882873
-0.909343
-0.818108
-0.976956
-0.989004
-0.853689
-0.995730
-0.852894
-0.837695
-0.911867
-0.975447
-0.981910
-0.975257
-0.854770
-0.887527
-0.945008
-0.953664
-0.985737
-0.985754
-0.988900
-0.996597
-0.843200
-0.998687
-0.905222
-0.806266
-0.852625
-0.758979
-0.850920
-0.994224
-0.960842
-0.976010
-0.996295
-0.839412
-0.957645
-0.982246
-0.939437
-0.981309
-0.904228
-0.780802
-0.993427
-0.991807
-0.880572
-0.889785
-0.920234
-0.818041
-0.984708
-0.991385
-0.851167
-0.995536
-0.831860
-0.864554
-0.895171
-0.978484
-0.965159
-0.973151
-0.835249
-0.885693
-0.954159
-0.970477
-0.998240
-0.966210
-0.984209
-0.993273
-0.850016
-0.995786
-0.890811
-0.832451
-0.866454
-0.798786
-0.860361
-0.998964
-0.984703
-0.933053
-0.987861
-0.841328
-0.947109
-0.979133
-0.944562
-0.994237
-0.951002
-0.800829
-0.992932
-0.986119
-0.884438
-0.886763
-0.929120
-0.846043
-0.996828
-0.981364
-0.840465
-0.995926
-0.816194
-0.811145
-0.912509
-0.978915
-0.958292
-0.970056
-0.849434
-0.843848
-0.886828
-0.964019
-0.993538
-0.978982
-0.988504
-0.997426
-0.838175
-0.994217
-0.908582
-0.820446
-0.883109
-0.771473
-0.844967
-0.993182
-0.970404
-0.938105
-0.989095
-0.832711
-0.944714
-0.972163
-0.937102
-0.993552
-0.896996
-0.794511
-0.992494
-0.992877
-0.898950
-0.871841
-0.911047
-0.826940
-0.996052
-0.983161
-0.877420
-0.991969
-0.877740
-0.840469
-0.904055
-0.965943
-0.969683
-0.965593
-0.854024
-0.876540
-0.951248
-0.976635
-0.990251
-0.979791
-0.989343
-0.996125
-0.861253
-0.996284
-0.929186
-0.843436
-0.878857
-0.729795
-0.816838
-0.997327
-0.980984
-0.954872
-0.988017
-0.846930
-0.935519
-0.971275
-0.957799
-0.985006
-0.920416
-0.807908
-0.990330
-0.996966
-0.872702
-0.857513
-0.911867
-0.822608
-0.991965
-0.970981
-0.868694
-0.996742
-0.892624
-0.826585
-0.915727
-0.979537
-0.966268
-0.970354
-0.831024
-0.903534
-0.949820
-0.976564
-0.997953
-0.974262
-0.995550
-0.990370
-0.855425
-0.997328
-0.908429
-0.807313
-0.888417
-0.775312
-0.806464
-0.998466
-0.943907
-0.918434
-0.986260
-0.816686
-0.959442
-0.992341
-0.969072
-0.996046
-0.892861
-0.779573
-0.978911
-0.990223
-0.889005
-0.860380
-0.917069
-0.833415
-0.990497
-0.981709
-0.884329
-0.997484
-0.785545
-0.794999
-0.893358
-0.974840
-0.956461
-0.983337
-0.855251
-0.813576
-0.899768
-0.975792
-0.994217
-0.986917
-0.996414
-0.975917
-0.815621
-0.992945
-0.913769
-0.800847
-0.875729
-0.756474
-0.808704
-0.991385
-0.956460
-0.973877
-0.993703
-0.841273
-0.969113
-0.980034
-0.949690
-0.971842
-0.939050
-0.773393
-0.987065
-0.997331
-0.898288
-0.909578
-0.927419
-0.844599
-0.961726
-0.963570
-0.845026
-0.993295
-0.850587
-0.886333
-0.921686
-0.975382
-0.975936
-0.967091
-0.844904
-0.866940
-0.919623
-0.962496
-0.993778
-0.981222
-0.995217
-0.984809
-0.846441
-0.996897
-0.908003
-0.780536
-0.874674
-0.795750
-0.861716
-0.995762
-0.969141
-0.960932
-0.997418
-0.875496
-0.947706
-0.962127
-0.957845
-0.990985
-0.894571
-0.756367
-0.993326
-0.992815
-0.891351
-0.823648
-0.920978
-0.809931
-0.977896
-0.980799
-0.849506
-0.998367
-0.888648
-0.832631
-0.897816
-0.952217
-0.974700
-0.965595
-0.838393
-0.849884
-0.872655
-0.958688
-0.988142
-0.976032
-0.997590
-0.993534
-0.809717
-0.998147
-0.917238
-0.784073
-0.831194
-0.718254
-0.809827
-0.995933
-0.976146
-0.962740
-0.983883
-0.849317
-0.952114
-0.976315
-0.936286
-0.985469
-0.928984
-0.802183
-0.992634
-0.995986
-0.893245
-0.897029
-0.914856
-0.836995
-0.982807
-0.986731
-0.833276
-0.996664
-0.839220
-0.855318
-0.884672
-0.971146
-0.958678
-0.980667
-0.848119
-0.907825
-0.922220
-0.969677
-0.995423
-0.978679
-0.993280
-0.979916
-0.836855
-0.996148
-0.887488
-0.820304
-0.855659
-0.782723
-0.812385
-0.996073
-0.975860
-0.974909
-0.983642
-0.863558
-0.961528
-0.984673
-0.939557
-0.990828
-0.942967
-0.793905
-0.984894
-0.996925
-0.905867
-0.921992
-0.908801
-0.812875
-0.988314
-0.989434
-0.833133
-0.990232
-0.839780
-0.877221
-0.866071
-0.972861
-0.964093
-0.984754
-0.821455
-0.854470
-0.878790
-0.956305
-0.986613
-0.963487
-0.988300
-0.998040
-0.854969
-0.992672
-0.914311
-0.844427
-0.865038
-0.780922
-0.831446
-0.999207
-0.961238
-0.969834
-0.994861
-0.858234
-0.963930
-0.971749
-0.949618
-0.994685
-0.888799
-0.817893
-0.995184
-0.997031
-0.865120
-0.892180
-0.919294
-0.874216
-0.989271
-0.992896
-0.846211
-0.993344
-0.873188
-0.848066
-0.905608
-0.966751
-0.971087
-0.975070
-0.830100
-0.906004
-0.950936
-0.968030
-0.978253
-0.956718
-0.988268
-0.995288
-0.828498
-0.997728
-0.917069
-0.812478
-0.866790
-0.761741
-0.806760
-0.998644
-0.952282
-0.946746
-0.990217
-0.893392
-0.948489
-0.968146
-0.955438
-0.994846
-0.954768
-0.800446
-0.994363
-0.994840
-0.890952
-0.902427
-0.891536
-0.818098
-0.994592
-0.978990
-0.838917
-0.997689
-0.862302
-0.831158
-0.910422
-0.980041
-0.959767
-0.975942
-0.816093
-0.820382
-0.897807
-0.973109
-0.987257
-0.952641
-0.992720
-0.994425
-0.846696
-0.995513
-0.875798
-0.833889
-0.854270
-0.798009
-0.858737
-0.999214
-0.958942
-0.959387
-0.986451
-0.833787
-0.945651
-0.974072
-0.943076
-0.990322
-0.857998
-0.787420
-0.993056
-0.992754
-0.890242
-0.856880
-0.922409
-0.829907
-0.991022
-0.974373
-0.816825
-0.991381
-0.817484
-0.854313
-0.921046
-0.976806
-0.983496
-0.978446
-0.851253
-0.898698
-0.881139
-0.957510
-0.984224
-0.985361
-0.992831
-0.996531
-0.835764
-0.988150
-0.886543
-0.793513
-0.851798
-0.741699
-0.859481
-0.996037
-0.954532
-0.946319
-0.974345
-0.814645
-0.965823
-0.984157
-0.963010
-0.994366
-0.908779
-0.766490
-0.992885
-0.974381
-0.859286
-0.890250
-0.935516
-0.842410
-0.979451
-0.983855
-0.871258
-0.998679
-0.818524
-0.794564
-0.924023
-0.989386
-0.948752
-0.967959
-0.840033
-0.868460
-0.889547
-0.976866
-0.992010
-0.967019
-0.990032
-0.989442
-0.830566
-0.998747
-0.930736
-0.822048
-0.850220
-0.729282
-0.827176
-0.998121
-0.958586
-0.972290
-0.990736
-0.865837
-0.953568
-0.975530
-0.936168
-0.996815
-0.930890
-0.741273
-0.992205
-0.974590
-0.853916
-0.894868
-0.910221
-0.743713
-0.991289
-0.978033
-0.805333
-0.994037
-0.868562
-0.750449
-0.916429
-0.971161
-0.956041
-0.963107
-0.857416
-0.868240
-0.899381
-0.982594
-0.995198
-0.977446
-0.997299
-0.993593
-0.864008
-0.998439
-0.891221
-0.808358
-0.864391
-0.682076
-0.852944
-0.995628
-0.948192
-0.952648
-0.991778
-0.802963
-0.946901
-0.953826
-0.931968
-0.986871
-0.894744
-0.704531
-0.985665
-0.990159
-0.907011
-0.869614
-0.890415
-0.752136
-0.979098
-0.975299
-0.859578
-0.999082
-0.878859
-0.807155
-0.876077
-0.970134
-0.985220
-0.987673
-0.816176
-0.835013
-0.958525
-0.982367
-0.993761
-0.992579
-0.989608
-0.987203
-0.838311
-0.998756
-0.896865
-0.838860
-0.839681
-0.672839
-0.845259
-0.998716
-0.935725
-0.968175
-0.994770
-0.874802
-0.960045
-0.986396
-0.935699
-0.990624
-0.891863
-0.711580
-0.997557
-0.978297
-0.870300
-0.916846
-0.923018
-0.828461
-0.979244
-0.988831
-0.843164
-0.997942
-0.797957
-0.768155
-0.889189
-0.985776
-0.988801
-0.973932
-0.837003
-0.803150
-0.899727
-0.977584
-0.994656
-0.969051
-0.987677
-0.997682
-0.825755
-0.998237
-0.885547
-0.814966
-0.870480
-0.667022
-0.846517
-0.998383
-0.981986
-0.959795
-0.989023
-0.795182
-0.935720
-0.965733
-0.953365
-0.991351
-0.906170
-0.766351
-0.995727
-0.993473
-0.872427
-0.889592
-0.932538
-0.823996
-0.983869
-0.975015
-0.867627
-0.995160
-0.837876
-0.851009
-0.879447
-0.984105
-0.982023
-0.981908
-0.833529
-0.802951
-0.871885
-0.951274
-0.976110
-0.982346
-0.993933
-0.995791
-0.819994
-0.995170
-0.894136
-0.833924
-0.879235
-0.772675
-0.802568
-0.997843
-0.934794
-0.943470
-0.994177
-0.894550
-0.940871
-0.967080
-0.934940
-0.997848
-0.902209
-0.811566
-0.992011
-0.994317
-0.889502
-0.919177
-0.906977
-0.826298
-0.995164
-0.982104
-0.839023
-0.998551
-0.853249
-0.846513
-0.900406
-0.975778
-0.981568
-0.978165
-0.823578
-0.869368
-0.890871
-0.981970
-0.984991
-0.978384
-0.991504
-0.995173
-0.827402
-0.998757
-0.913760
-0.826877
-0.841510
-0.690247
-0.825683
-0.998215
-0.944410
-0.968222
-0.995653
-0.830314
-0.955448
-0.976914
-0.960898
-0.983286
-0.848681
-0.742996
-0.991629
-0.995685
-0.879181
-0.852266
-0.906705
-0.791665
-0.975192
-0.969986
-0.836785
-0.992294
-0.800290
-0.804761
-0.903204
-0.960636
-0.978408
-0.962778
-0.843312
-0.888957
-0.942029
-0.978797
-0.998438
-0.995636
-0.997659
-0.993023
-0.854563
-0.992427
-0.914963
-0.799671
-0.864821
-0.756408
-0.835459
-0.997105
-0.974823
-0.969402
-0.981525
-0.831450
-0.955502
-0.956281
-0.944643
-0.997312
-0.906937
-0.789776
-0.994387
-0.993918
-0.896682
-0.845779
-0.917573
-0.802389
-0.967345
-0.990612
-0.865071
-0.998306
-0.901432
-0.810410
-0.851010
-0.959815
-0.956831
-0.964811
-0.802937
-0.903390
-0.864550
-0.967192
-0.995466
-0.977743
-0.987705
-0.989537
-0.827735
-0.994807
-0.948826
-0.831559
-0.872681
-0.760178
-0.815405
-0.998676
-0.950310
-0.971941
-0.991297
-0.869295
-0.955217
-0.979974
-0.932451
-0.995421
-0.906503
-0.802684
-0.995058
-0.997198
-0.903536
-0.878292
-0.912347
-0.834720
-0.980862
-0.976432
-0.869945
-0.995474
-0.878430
-0.858681
-0.880136
-0.967374
-0.959396
-0.977383
-0.848889
-0.858588
-0.844055
-0.958129
-0.995979
-0.961053
-0.996091
-0.994209
-0.834316
-0.997991
-0.896704
-0.793833
-0.890152
-0.715249
-0.794470
-0.991827
-0.957363
-0.969130
-0.996900
-0.812159
-0.952510
-0.976532
-0.956565
-0.989712
-0.898943
-0.777983
-0.990629
-0.994847
-0.868118
-0.908983
-0.905606
-0.811999
-0.990494
-0.973945
-0.864147
-0.995670
-0.822798
-0.817337
-0.912418
-0.965953
-0.945222
-0.975885
-0.831458
-0.891669
-0.871753
-0.980167
-0.993348
-0.986519
-0.993625
-0.993990
-0.806936
-0.994015
-0.915530
-0.810618
-0.881109
-0.795599
-0.862791
-0.993723
-0.926980
-0.966049
-0.989868
-0.832988
-0.964200
-0.988959
-0.943490
-0.995938
-0.899329
-0.731684
-0.996929
-0.977477
-0.872814
-0.861542
-0.912461
-0.852269
-0.989676
-0.992843
-0.874374
-0.991451
-0.831705
-0.815768
-0.910724
-0.966397
-0.978345
-0.980619
-0.870279
-0.868730
-0.943044
-0.966041
-0.990644
-0.962946
-0.994854
-0.990975
-0.821668
-0.987641
-0.882401
-0.764175
-0.888503
-0.688375
-0.819101
-0.993428
-0.979750
-0.918460
-0.987272
-0.813098
-0.967251
-0.974346
-0.963773
-0.993196
-0.954202
-0.730951
-0.998351
-0.992266
-0.878052
-0.887817
-0.911723
-0.800418
-0.986543
-0.990147
-0.852173
-0.996179
-0.893659
-0.804013
-0.883279
-0.981265
-0.954573
-0.969532
-0.854883
-0.836198
-0.875126
-0.961894
-0.993916
-0.996453
-0.994232
-0.998164
-0.844047
-0.995921
-0.899436
-0.810833
-0.872727
-0.732041
-0.790778
-0.995888
-0.942454
-0.973936
-0.992106
-0.810174
-0.954310
-0.966735
-0.928671
-0.993701
-0.866959
-0.748921
-0.989870
-0.984354
-0.911960
-0.907825
-0.922667
-0.757648
-0.986104
-0.982360
-0.857254
-0.995710
-0.883249
-0.808220
-0.915954
-0.987728
-0.954995
-0.975630
-0.862654
-0.832412
-0.896423
-0.953291
-0.996861
-0.972290
-0.987772
-0.997852
-0.872740
-0.995701
-0.918542
-0.805966
-0.869127
-0.711416
-0.843579
-0.993843
-0.974726
-0.976024
-0.997552
-0.810353
-0.951077
-0.971488
-0.955371
-0.991411
-0.940026
-0.759393
-0.997806
-0.996075
-0.903183
-0.914001
-0.922774
-0.800846
-0.969212
-0.968214
-0.869518
-0.996430
-0.827087
-0.832876
-0.910238
-0.989864
-0.957051
-0.971556
-0.846312
-0.886858
-0.876081
-0.966645
-0.995749
-0.993100
-0.997495
-0.992554
-0.814138
-0.996934
-0.883858
-0.815292
-0.876072
-0.784582
-0.816461
-0.997520
-0.977384
-0.969292
-0.995431
-0.854224
-0.960079
-0.972054
-0.952283
-0.990401
-0.897815
-0.789539
-0.992965
-0.983992
-0.849452
-0.874009
-0.907320
-0.851713
-0.989823
-0.986962
-0.852868
-0.993747
-0.852592
-0.853423
-0.919192
-0.986216
-0.959691
-0.975349
-0.824570
-0.812690
-0.907854
-0.984930
-0.988180
-0.978479
-0.988818
-0.993448
-0.830858
-0.998612
-0.884642
-0.838166
-0.873399
-0.709465
-0.865158
-0.999191
-0.932478
-0.964149
-0.992673
-0.818985
-0.923428
-0.982363
-0.963838
-0.992216
-0.845065
-0.766929
-0.976055
-0.958098
-0.883547
-0.886455
-0.911367
-0.810835
-0.979309
-0.987733
-0.894113
-0.999237
-0.820612
-0.800702
-0.897244
-0.969855
-0.965749
-0.978204
-0.822039
-0.875243
-0.884196
-0.982761
-0.988130
-0.988449
-0.992781
-0.989471
-0.775419
-0.998509
-0.949169
-0.799863
-0.850261
-0.782873
-0.785678
-0.982933
-0.951083
-0.939644
-0.983848
-0.860568
-0.943762
-0.963143
-0.939701
-0.994256
-0.889640
