-0.999989
-1.000000
-1.000000
-0.999999
-1.000000
-1.000000
-0.999949
-1.000000
-0.999997
-1.000000
-0.999998
-0.999996
-1.000000
-0.999999
-1.000000
-0.996958
-0.999999
-0.998829
-0.998870
-0.999999
-0.999955
-1.000000
-0.772194
-1.000000
-0.999999
-0.999997
-1.000000
-0.999999
-0.999988
-0.999999
-1.000000
-0.999279
-1.000000
-1.000000
-1.000000
-1.000000
-1.000000
-1.000000
-1.000000
-1.000000
-0.999979
-0.983688
-0.999986
-1.000000
-1.000000
-0.999999
-0.999999
-1.000000
-0.999949
-1.000000
-0.999996
-0.999999
-0.999998
-0.999998
-1.000000
-0.999999
-1.000000
-0.996130
-0.999999
-0.998865
-0.998949
-1.000000
-0.999958
-1.000000
-0.768686
-1.000000
-0.999999
-0.999998
-1.000000
-0.999998
-0.999984
-1.000000
-1.000000
-0.999259
-1.000000
-1.000000
-1.000000
-1.000000
-1.000000
-1.000000
-1.000000
-1.000000
-0.999977
-0.982969
-0.999988
-1.000000
-1.000000
-0.999999
-0.999999
-1.000000
-0.999945
-1.000000
-0.999997
-1.000000
-0.999998
-0.999995
-1.000000
-0.999998
-1.000000
-0.996863
-0.999998
-0.998532
-0.998615
-0.999999
-0.999958
-1.000000
-0.756201
-1.000000
-0.999999
-0.999980
-1.000000
-0.999999
-0.999974
-0.999999
-1.000000
-0.999166
-1.000000
-1.000000
-1.000000
-1.000000
-1.000000
-1.000000
-1.000000
-1.000000
-0.999965
-0.981527
-0.999978
-1.000000
-1.000000
-1.000000
-1.000000
-1.000000
-0.999933
-1.000000
-0.999996
-0.999999
-0.999998
-0.999997
-1.000000
-0.999999
-1.000000
-0.996272
-1.000000
-0.998722
-0.999061
-0.999999
-0.999953
-1.000000
-0.777153
-1.000000
-1.000000
-0.999995
-1.000000
-0.999998
-0.999988
-1.000000
-1.000000
-0.999122
-1.000000
-1.000000
-1.000000
-1.000000
-1.000000
-1.000000
-1.000000
-1.000000
-0.999969
-0.986915
-0.999989
-1.000000
-1.000000
-0.999999
-0.999999
-1.000000
-0.999950
-1.000000
-0.999997
-0.999999
-0.999997
-0.999998
-1.000000
-0.999999
-1.000000
-0.996846
-0.999997
-0.998636
-0.999057
-0.999999
-0.999963
-1.000000
-0.742078
-1.000000
-0.999999
-0.999992
-1.000000
-0.999998
-0.999985
-0.999999
-1.000000
-0.999184
-1.000000
-1.000000
-1.000000
-1.000000
-1.000000
-1.000000
-1.000000
-1.000000
-0.999961
-0.980966
-0.999988
-1.000000
-1.000000
-1.000000
-0.999999
-1.000000
-0.999956
-1.000000
-0.999997
-0.999999
-0.999997
-0.999996
-1.000000
-0.999999
-1.000000
-0.996746
-0.999998
-0.998601
-0.999065
-0.999999
-0.999957
-1.000000
-0.760760
-1.000000
-1.000000
-0.999997
-1.000000
-0.999996
-0.999979
-1.000000
-1.000000
-0.999310
-1.000000
-1.000000
-1.000000
-1.000000
-1.000000
-1.000000
-1.000000
-1.000000
-0.999963
-0.986495
-0.999981
-1.000000
-1.000000
-0.999999
-0.999999
-1.000000
-0.999917
-1.000000
-0.999994
-0.999999
-0.999997
-0.999998
-1.000000
-0.999999
-1.000000
-0.996748
-0.999999
-0.998579
-0.998409
-1.000000
-0.999948
-1.000000
-0.769856
-1.000000
-0.999999
-0.999999
-1.000000
-0.999998
-0.999983
-1.000000
-1.000000
-0.999492
-1.000000
-1.000000
-1.000000
-1.000000
-1.000000
-1.000000
-1.000000
-1.000000
-0.999938
-0.984415
-0.999965
-1.000000
-1.000000
-0.999999
-0.999999
-1.000000
-0.999917
-1.000000
-0.999996
-0.999999
-0.999997
-0.999988
-1.000000
-0.999999
-1.000000
-0.996288
-0.999999
-0.998456
-0.998833
-1.000000
-0.999952
-1.000000
-0.773717
-1.000000
-1.000000
-0.999999
-1.000000
-0.999997
-0.999981
-0.999999
-1.000000
-0.999429
-1.000000
-1.000000
-1.000000
-1.000000
-1.000000
-1.000000
-1.000000
-1.000000
-0.999974
-0.986871
-0.999976
-1.000000
-1.000000
-1.000000
-1.000000
-1.000000
-0.999914
-1.000000
-0.999997
-1.000000
-0.999998
-0.999997
-1.000000
-0.999999
-1.000000
-0.997160
-0.999999
-0.998554
-0.998913
-1.000000
-0.999963
-1.000000
-0.763372
-1.000000
-0.999999
-0.999998
-1.000000
-0.999999
-0.999986
-1.000000
-1.000000
-0.999444
-1.000000
-1.000000
-1.000000
-1.000000
-1.000000
-1.000000
-1.000000
-1.000000
-0.999972
-0.988777
-0.999985
-1.000000
-1.000000
-0.999999
-0.999999
-1.000000
-0.999944
-1.000000
-0.999996
-0.999999
-0.999998
-0.999996
-1.000000
-0.999999
-1.000000
-0.996644
-0.999999
-0.998546
-0.998928
-0.999999
-0.999955
-1.000000
-0.753014
-1.000000
-1.000000
-0.999998
-1.000000
-0.999998
-0.999979
-1.000000
-1.000000
-0.999123
-1.000000
-1.000000
-1.000000
-1.000000
-1.000000
-1.000000
-0.999999
-1.000000
-0.999963
-0.988991
-0.999989
-1.000000
-1.000000
-1.000000
-0.999999
-1.000000
-0.999942
-1.000000
-0.999994
-1.000000
-0.999997
-0.999997
-1.000000
-0.999996
-1.000000
-0.996409
-0.999999
-0.998707
-0.998781
-0.999999
-0.999955
-1.000000
-0.763044
-1.000000
-0.999999
-0.999969
-1.000000
-0.999999
-0.999981
-1.000000
-1.000000
-0.998863
-1.000000
-1.000000
-1.000000
-1.000000
-1.000000
-1.000000
-1.000000
-1.000000
-0.999980
-0.984783
-0.999944
-1.000000
-1.000000
-1.000000
-0.999999
-1.000000
-0.999884
-1.000000
-0.999996
-0.999999
-0.999998
-0.999996
-1.000000
-0.999999
-1.000000
-0.996892
-0.999999
-0.998589
-0.998701
-0.999999
-0.999956
-1.000000
-0.750362
-1.000000
-0.999999
-0.999997
-1.000000
-0.999998
-0.999983
-1.000000
-1.000000
-0.999259
-1.000000
-1.000000
-1.000000
-1.000000
-1.000000
-1.000000
-1.000000
-1.000000
-0.999985
-0.988087
-0.999990
-1.000000
-1.000000
-0.999999
-1.000000
-1.000000
-0.999955
-1.000000
-0.999997
-0.999999
-0.999998
-0.999997
-1.000000
-0.999999
-1.000000
-0.996614
-0.999999
-0.998782
-0.998820
-0.999999
-0.999958
-1.000000
-0.768847
-1.000000
-1.000000
-0.999998
-1.000000
-0.999997
-0.999983
-0.999999
-1.000000
-0.999238
-1.000000
-1.000000
-1.000000
-1.000000
-1.000000
-1.000000
-1.000000
-1.000000
-0.999987
-0.984183
-0.999991
-1.000000
-1.000000
-0.999999
-1.000000
-1.000000
-0.999962
-1.000000
-0.999996
-0.999999
-0.999997
-0.999997
-1.000000
-0.999999
-1.000000
-0.996510
-0.999999
-0.998820
-0.998982
-0.999999
-0.999959
-1.000000
-0.752802
-1.000000
-0.999997
-0.999992
-1.000000
-0.999997
-0.999984
-1.000000
-1.000000
-0.999302
-1.000000
-1.000000
-1.000000
-1.000000
-1.000000
-1.000000
-1.000000
-1.000000
-0.999975
-0.986150
-0.999987
-1.000000
-1.000000
-0.999999
-1.000000
-1.000000
-0.999938
-1.000000
-0.999997
-0.999999
-0.999997
-0.999991
-1.000000
-0.999998
-1.000000
-0.996349
-0.999999
-0.998547
-0.998811
-0.999999
-0.999962
-1.000000
-0.761631
-1.000000
-0.999999
-0.999991
-1.000000
-0.999997
-0.999986
-0.999999
-1.000000
-0.999337
-1.000000
-1.000000
-1.000000
-1.000000
-1.000000
-1.000000
-1.000000
-1.000000
-0.999971
-0.983898
-0.999990
-1.000000
-1.000000
-0.999999
-0.999999
-1.000000
-0.999948
-1.000000
-0.999996
-0.999999
-0.999997
-0.999996
-1.000000
-0.999999
-1.000000
-0.996314
-0.999999
-0.998799
-0.998946
-0.999999
-0.999952
-1.000000
-0.750158
-1.000000
-0.999999
-0.999992
-1.000000
-0.999997
-0.999975
-1.000000
-1.000000
-0.999384
-1.000000
-1.000000
-1.000000
-1.000000
-1.000000
-1.000000
-1.000000
-1.000000
-0.999961
-0.985480
-0.999979
-1.000000
-1.000000
-0.999999
-0.999999
-1.000000
-0.999933
-1.000000
-0.999996
-0.999999
-0.999997
-0.999995
-1.000000
-0.999999
-1.000000
-0.996986
-0.999999
-0.998380
-0.998781
-0.999999
-0.999959
-1.000000
-0.753111
-1.000000
-1.000000
-0.999997
-1.000000
-0.999999
-0.999986
-0.999999
-1.000000
-0.999314
-1.000000
-1.000000
-1.000000
-1.000000
-1.000000
-1.000000
-1.000000
-1.000000
-0.999968
-0.986475
-0.999970
-1.000000
-1.000000
-1.000000
-0.999999
-1.000000
-0.999927
-1.000000
-0.999997
-0.999999
-0.999997
-0.999998
-1.000000
-0.999999
-1.000000
-0.996795
-0.999996
-0.998468
-0.998368
-0.999999
-0.999954
-1.000000
-0.731799
-1.000000
-0.999999
-0.999984
-1.000000
-0.999998
-0.999982
-1.000000
-1.000000
-0.999168
-1.000000
-1.000000
-1.000000
-1.000000
-1.000000
-1.000000
-0.999999
-1.000000
-0.999963
-0.984604
-0.999976
-1.000000
-1.000000
-1.000000
-0.999998
-1.000000
-0.999921
-1.000000
-0.999997
-0.999999
-0.999996
-0.999996
-1.000000
-0.999999
-1.000000
-0.996403
-0.999996
-0.998522
-0.998710
-0.999999
-0.999958
-1.000000
-0.730993
-1.000000
-0.999999
-0.999996
-1.000000
-0.999998
-0.999976
-0.999999
-1.000000
-0.999145
-1.000000
-1.000000
-1.000000
-1.000000
-1.000000
-1.000000
-1.000000
-1.000000
-0.999963
-0.986735
-0.999984
-1.000000
-1.000000
-1.000000
-0.999999
-1.000000
-0.999922
-1.000000
-0.999995
-0.999999
-0.999997
-0.999994
-1.000000
-0.999999
-1.000000
-0.996627
-0.999999
-0.998730
-0.999019
-0.999999
-0.999960
-1.000000
-0.761243
-1.000000
-0.999999
-0.999998
-1.000000
-0.999996
-0.999983
-0.999999
-1.000000
-0.999304
-1.000000
-1.000000
-1.000000
-1.000000
-1.000000
-1.000000
-1.000000
-1.000000
-0.999957
-0.984340
-0.999982
-1.000000
-1.000000
-0.999999
-0.999999
-1.000000
-0.999946
-1.000000
-0.999996
-1.000000
-0.999997
-0.999995
-1.000000
-0.999999
-1.000000
-0.996957
-0.999997
-0.998729
-0.998851
-0.999999
-0.999958
-1.000000
-0.739859
-1.000000
-0.999999
-0.999997
-1.000000
-0.999998
-0.999977
-1.000000
-1.000000
-0.999356
-1.000000
-1.000000
-1.000000
-1.000000
-1.000000
-1.000000
-1.000000
-1.000000
-0.999967
-0.985972
-0.999979
-1.000000
-1.000000
-0.999999
-0.999999
-1.000000
-0.999944
-1.000000
-0.999997
-0.999998
-0.999997
-0.999997
-1.000000
-0.999999
-1.000000
-0.996152
-0.999996
-0.998768
-0.998919
-0.999999
-0.999959
-1.000000
-0.749889
-1.000000
-1.000000
-0.999998
-1.000000
-0.999997
-0.999984
-0.999998
-1.000000
-0.999414
-1.000000
-1.000000
-1.000000
-1.000000
-1.000000
-1.000000
-1.000000
-1.000000
-0.999956
-0.981258
-0.999977
-1.000000
-1.000000
-0.999999
-0.999999
-1.000000
-0.999871
-1.000000
-0.999995
-0.999999
-0.999997
-0.999991
-0.999998
-0.999999
-1.000000
-0.996933
-0.999997
-0.998689
-0.998158
-0.999999
-0.999954
-1.000000
-0.753191
-1.000000
-0.999996
-0.999996
-1.000000
-0.999999
-0.999983
-1.000000
-1.000000
-0.999328
-1.000000
-1.000000
-1.000000
-1.000000
-1.000000
-1.000000
-1.000000
-1.000000
-0.999953
-0.988112
-0.999983
-1.000000
-1.000000
-1.000000
-0.999999
-1.000000
-0.999953
-1.000000
-0.999995
-0.999999
-0.999997
-0.999997
-1.000000
-0.999999
-1.000000
-0.997000
-0.999999
-0.998361
-0.998797
-0.999999
-0.999956
-1.000000
-0.763221
-1.000000
-0.999999
-0.999995
-1.000000
-0.999999
-0.999987
-1.000000
-1.000000
-0.999167
-1.000000
-1.000000
-1.000000
-1.000000
-1.000000
-1.000000
-1.000000
-1.000000
-0.999965
-0.981484
-0.999977
-0.999999
-1.000000
-0.999999
-0.999999
-1.000000
-0.999860
-1.000000
-0.999991
-0.999999
-0.999997
-0.999253
-0.999995
-0.999995
-1.000000
-0.996835
-0.999996
-0.997390
-0.998853
-0.999999
-0.999953
-1.000000
-0.735896
-0.999999
-0.999996
-0.999844
-1.000000
-0.999997
-0.999979
-0.999924
-0.999998
-0.999232
-1.000000
-1.000000
-1.000000
-1.000000
-1.000000
-1.000000
-1.000000
-1.000000
-0.999959
-0.986334
-0.999950
-0.999999
-1.000000
-0.999999
-1.000000
-1.000000
-0.999893
-1.000000
-0.999995
-0.999999
-0.999997
-0.999993
-0.999999
-0.999999
-1.000000
-0.996442
-0.999995
-0.998618
-0.998614
-0.999999
-0.999954
-1.000000
-0.736949
-1.000000
-0.999999
-0.999987
-1.000000
-0.999998
-0.999976
-0.999996
-1.000000
-0.999407
-1.000000
-1.000000
-0.999999
-1.000000
-1.000000
-1.000000
-1.000000
-1.000000
-0.999970
-0.986058
-0.999979
-1.000000
-1.000000
-1.000000
-0.999999
-1.000000
-0.999919
-1.000000
-0.999995
-0.999999
-0.999998
-0.999997
-1.000000
-0.999999
-1.000000
-0.990614
-0.999999
-0.998689
-0.998817
-1.000000
-0.999956
-1.000000
-0.777144
-1.000000
-0.999999
-0.999999
-1.000000
-0.999998
-0.999988
-0.999999
-1.000000
-0.999313
-1.000000
-1.000000
-1.000000
-1.000000
-1.000000
-1.000000
-1.000000
-1.000000
-0.999973
-0.982798
-0.999984
-1.000000
-1.000000
-0.999999
-0.999999
-1.000000
-0.999915
-1.000000
-0.999997
-0.999999
-0.999997
-0.999993
-1.000000
-0.999999
-1.000000
-0.996622
-0.999999
-0.998394
-0.998748
-0.999999
-0.999958
-1.000000
-0.763499
-1.000000
-0.999998
-0.999986
-1.000000
-0.999997
-0.999982
-0.999998
-1.000000
-0.999230
-1.000000
-1.000000
-0.999999
-1.000000
-0.999999
-1.000000
-1.000000
-1.000000
-0.999919
-0.983346
-0.999952
-1.000000
-1.000000
-0.999999
-0.999998
-1.000000
-0.999903
-1.000000
-0.999996
-0.999999
-0.999997
-0.999996
-0.999999
-0.999999
-1.000000
-0.996490
-0.999996
-0.998681
-0.998446
-0.999999
-0.999960
-1.000000
-0.750738
-1.000000
-0.999997
-0.999998
-1.000000
-0.999997
-0.999981
-0.999999
-1.000000
-0.999330
-1.000000
-1.000000
-1.000000
-1.000000
-0.999999
-1.000000
-0.999999
-1.000000
-0.999966
-0.984367
-0.999975
-1.000000
-1.000000
-0.999999
-0.999999
-1.000000
-0.999896
-1.000000
-0.999993
-0.999999
-0.999998
-0.999994
-1.000000
-0.999999
-1.000000
-0.996767
-0.999998
-0.998633
-0.998910
-0.999999
-0.999948
-1.000000
-0.748088
-1.000000
-0.999999
-0.999995
-1.000000
-0.999997
-0.999981
-0.999999
-1.000000
-0.999172
-1.000000
-1.000000
-1.000000
-1.000000
-1.000000
-1.000000
-0.999999
-1.000000
-0.999908
-0.985884
-0.999944
-1.000000
-1.000000
-0.999999
-0.999999
-1.000000
-0.999868
-1.000000
-0.999994
-0.999998
-0.999997
-0.999995
-1.000000
-0.999997
-1.000000
-0.996269
-0.999996
-0.998605
-0.998568
-0.999999
-0.999959
-1.000000
-0.734011
-1.000000
-0.999999
-0.999963
-1.000000
-0.999998
-0.999984
-1.000000
-1.000000
-0.999099
-1.000000
-1.000000
-1.000000
-1.000000
-1.000000
-1.000000
-1.000000
-1.000000
-0.999963
-0.985265
-0.999985
-1.000000
-1.000000
-0.999999
-0.999999
-1.000000
-0.999938
-1.000000
-0.999992
-0.999999
-0.999996
-0.999988
-1.000000
-0.999998
-1.000000
-0.996550
-0.999996
-0.998583
-0.998774
-0.999999
-0.999934
-1.000000
-0.743662
-1.000000
-0.999999
-0.999992
-1.000000
-0.999998
-0.999978
-0.999999
-1.000000
-0.999332
-1.000000
-1.000000
-0.999999
-1.000000
-1.000000
-1.000000
-0.999999
-1.000000
-0.999928
-0.985775
-0.999975
-1.000000
-1.000000
-0.999999
-0.999999
-1.000000
-0.999924
-1.000000
-0.999995
-0.999999
-0.999997
-0.999990
-1.000000
-0.999999
-1.000000
-0.996321
-0.999999
-0.998317
-0.998777
-0.999999
-0.999962
-1.000000
-0.760687
-1.000000
-0.999999
-0.999997
-1.000000
-0.999998
-0.999987
-1.000000
-1.000000
-0.999424
-1.000000
-1.000000
-1.000000
-1.000000
-1.000000
-1.000000
-1.000000
-1.000000
-0.999963
-0.989886
