-0.984735
-0.999655
-0.999975
-0.998065
-0.999362
-0.998536
-0.969007
-0.999946
-0.999992
-0.999913
-0.994796
-1.000000
-0.999997
-0.999999
-0.999567
-0.999629
-0.999942
-0.740163
-0.993934
-0.999926
-0.999249
-0.999999
-0.999481
-0.972854
-0.999999
-0.969911
-1.000000
-0.991775
-0.909000
-0.894831
-0.999996
-1.000000
-0.999870
-0.999998
-0.979044
-0.999971
-0.935767
-0.590952
-0.998997
-0.999950
-0.998409
-0.999196
-0.958283
-0.998960
-0.999942
-0.999037
-0.999704
-0.992968
-0.978675
-0.999981
-0.999971
-0.999978
-0.992881
-0.999999
-0.999988
-1.000000
-0.999068
-0.999760
-0.999976
-0.802595
-0.997339
-0.999951
-0.999249
-1.000000
-0.999640
-0.971298
-0.999995
-0.971281
-0.999999
-0.981228
-0.786769
-0.789972
-0.999995
-0.999999
-0.999914
-0.999991
-0.952709
-0.999849
-0.930148
-0.698432
-0.999699
-0.999786
-0.996306
-0.997890
-0.948176
-0.997634
-0.999884
-0.998537
-0.998583
-0.993255
-0.876699
-0.999982
-0.999980
-0.999956
-0.988979
-1.000000
-0.999999
-1.000000
-0.998910
-0.999519
-0.999929
-0.754184
-0.987151
-0.999965
-0.998865
-1.000000
-0.999786
-0.963246
-0.999998
-0.967355
-0.999999
-0.996578
-0.881578
-0.958102
-0.999997
-1.000000
-0.999871
-0.999996
-0.982261
-0.999948
-0.968724
-0.947227
-0.999711
-0.999974
-0.998389
-0.998354
-0.988322
-0.999574
-0.999951
-0.997165
-0.998584
-0.995714
-0.951181
-0.999924
-0.999990
-0.999941
-0.997660
-1.000000
-0.999996
-1.000000
-0.999566
-0.999873
-0.999923
-0.906502
-0.990391
-0.999899
-0.998947
-0.999994
-0.999899
-0.982328
-0.999998
-0.980292
-0.999994
-0.994286
-0.984198
-0.976257
-0.999943
-0.999999
-0.999747
-0.999972
-0.985970
-0.999988
-0.952659
-0.880939
-0.999921
-0.999966
-0.997932
-0.999378
-0.975544
-0.998366
-0.999980
-0.998936
-0.997699
-0.999128
-0.969894
-0.999845
-0.999984
-0.999983
-0.980330
-1.000000
-0.999995
-1.000000
-0.999172
-0.999115
-0.999884
-0.777747
-0.997607
-0.999755
-0.999062
-1.000000
-0.999562
-0.966782
-0.999993
-0.968838
-1.000000
-0.987068
-0.897515
-0.927416
-0.999982
-0.999999
-0.999895
-0.999999
-0.963218
-0.999776
-0.981743
-0.855362
-0.999688
-0.999907
-0.997635
-0.997859
-0.978822
-0.998075
-0.999966
-0.998734
-0.998966
-0.990835
-0.919792
-0.999971
-0.999995
-0.999999
-0.986477
-1.000000
-0.999999
-1.000000
-0.997844
-0.999235
-0.999982
-0.812069
-0.982644
-0.999563
-0.999377
-0.999998
-0.999879
-0.981427
-0.999996
-0.967092
-0.999998
-0.988116
-0.937144
-0.936510
-0.999998
-1.000000
-0.999949
-0.999996
-0.978767
-0.999986
-0.972878
-0.754011
-0.999572
-0.999963
-0.998430
-0.999622
-0.990664
-0.997053
-0.999947
-0.998349
-0.999357
-0.998971
-0.988671
-0.999979
-0.999989
-0.999835
-0.992187
-1.000000
-0.999996
-1.000000
-0.998530
-0.998845
-0.999977
-0.779658
-0.995303
-0.999958
-0.998473
-1.000000
-0.999756
-0.931196
-0.999993
-0.966902
-0.999999
-0.991298
-0.967232
-0.695532
-0.999994
-0.999999
-0.999865
-0.999985
-0.992890
-0.999935
-0.965104
-0.543385
-0.999726
-0.999966
-0.999228
-0.996726
-0.989104
-0.998574
-0.999960
-0.999286
-0.999393
-0.998982
-0.949934
-0.999928
-0.999987
-0.999979
-0.989788
-1.000000
-0.999999
-1.000000
-0.998950
-0.999654
-0.999832
-0.845787
-0.992602
-0.999940
-0.999092
-1.000000
-0.999311
-0.977491
-0.999998
-0.987947
-0.999997
-0.963976
-0.898596
-0.963247
-0.999997
-1.000000
-0.999956
-0.999999
-0.982329
-0.999989
-0.921246
-0.914080
-0.999792
-0.999981
-0.997904
-0.998787
-0.972340
-0.997371
-0.999930
-0.999179
-0.999360
-0.995434
-0.972175
-0.999967
-0.999986
-0.999990
-0.992275
-1.000000
-0.999998
-1.000000
-0.998394
-0.999804
-0.999924
-0.897188
-0.995290
-0.999921
-0.999262
-1.000000
-0.999136
-0.985661
-0.999997
-0.982666
-0.999999
-0.995266
-0.862478
-0.886107
-0.999996
-0.999999
-0.999947
-0.999991
-0.967486
-0.999866
-0.933045
-0.913774
-0.999885
-0.999923
-0.997298
-0.997024
-0.969254
-0.998018
-0.999964
-0.998602
-0.999134
-0.977716
-0.959142
-0.999992
-0.999989
-0.999960
-0.984581
-1.000000
-0.999993
-1.000000
-0.998977
-0.999545
-0.999870
-0.743642
-0.998235
-0.999646
-0.999220
-1.000000
-0.999859
-0.963988
-0.999987
-0.923068
-0.999999
-0.994528
-0.954808
-0.920807
-0.999996
-0.999999
-0.999876
-0.999979
-0.984016
-0.999882
-0.949413
-0.825948
-0.999545
-0.999965
-0.999370
-0.997800
-0.952152
-0.997977
-0.999860
-0.999541
-0.999729
-0.997929
-0.845796
-0.999987
-0.999975
-0.999876
-0.994627
-1.000000
-0.999999
-1.000000
-0.999698
-0.999737
-0.999970
-0.890528
-0.990221
-0.999918
-0.999646
-0.999996
-0.999915
-0.983141
-0.999993
-0.975497
-0.999998
-0.985044
-0.981526
-0.898935
-0.999997
-1.000000
-0.999846
-0.999995
-0.978283
-0.999958
-0.996752
-0.825374
-0.999775
-0.999888
-0.997707
-0.997696
-0.992556
-0.997253
-0.999977
-0.997462
-0.997786
-0.991303
-0.982386
-0.999974
-0.999991
-0.999981
-0.983266
-1.000000
-0.999995
-1.000000
-0.998891
-0.999714
-0.999909
-0.725640
-0.995146
-0.999947
-0.999282
-0.999999
-0.999693
-0.979949
-0.999999
-0.983598
-0.999999
-0.985903
-0.856994
-0.947533
-0.999996
-0.999999
-0.999740
-0.999998
-0.967810
-0.999968
-0.917013
-0.457465
-0.999067
-0.999961
-0.998178
-0.999308
-0.919011
-0.999179
-0.999867
-0.999461
-0.999229
-0.997867
-0.902482
-0.999940
-0.999974
-0.999970
-0.980541
-1.000000
-0.999992
-1.000000
-0.995744
-0.999167
-0.999932
-0.908148
-0.991392
-0.999911
-0.998736
-0.999997
-0.999451
-0.979942
-0.999996
-0.983515
-0.999999
-0.981915
-0.705209
-0.965914
-0.999995
-1.000000
-0.999733
-0.999999
-0.965972
-0.999965
-0.950024
-0.920037
-0.999541
-0.999869
-0.996708
-0.998401
-0.970920
-0.998608
-0.999750
-0.996090
-0.999617
-0.998100
-0.930752
-0.999976
-0.999959
-0.999914
-0.979900
-1.000000
-0.999999
-1.000000
-0.995310
-0.999236
-0.999950
-0.858312
-0.992874
-0.999076
-0.997966
-0.999998
-0.998667
-0.954684
-0.999994
-0.957756
-0.999993
-0.969588
-0.925644
-0.908131
-0.999992
-0.999999
-0.999891
-0.999970
-0.987712
-0.999928
-0.973789
-0.852237
-0.999281
-0.999922
-0.998916
-0.997979
-0.989148
-0.996745
-0.999946
-0.997706
-0.999160
-0.996867
-0.954241
-0.999893
-0.999937
-0.999983
-0.995317
-1.000000
-0.999995
-1.000000
-0.998327
-0.998215
-0.999869
-0.874322
-0.986404
-0.999882
-0.998133
-0.999997
-0.999429
-0.959959
-0.999997
-0.983285
-0.999994
-0.984699
-0.889736
-0.804098
-0.999994
-1.000000
-0.999710
-0.999996
-0.966128
-0.999948
-0.908584
-0.947617
-0.999260
-0.999639
-0.998470
-0.997772
-0.954799
-0.999653
-0.999963
-0.992923
-0.998809
-0.995744
-0.912792
-0.999872
-0.999979
-0.999933
-0.986765
-1.000000
-0.999997
-1.000000
-0.997819
-0.999585
-0.999941
-0.922436
-0.994473
-0.999855
-0.998927
-0.999997
-0.999009
-0.972430
-0.999994
-0.979716
-1.000000
-0.962488
-0.785961
-0.912583
-0.999993
-1.000000
-0.999873
-0.999999
-0.932731
-0.999918
-0.937407
-0.745709
-0.999193
-0.999829
-0.997653
-0.998825
-0.974608
-0.999076
-0.999896
-0.998392
-0.999689
-0.999336
-0.947527
-0.999943
-0.999986
-0.999960
-0.987800
-1.000000
-0.999999
-1.000000
-0.994179
-0.999104
-0.999965
-0.743957
-0.985877
-0.998933
-0.998953
-0.999999
-0.999558
-0.871585
-0.999998
-0.929154
-0.999999
-0.980503
-0.839760
-0.701450
-0.999988
-1.000000
-0.999829
-0.999999
-0.956160
-0.999941
-0.924957
-0.879301
-0.999712
-0.999622
-0.997965
-0.997961
-0.978162
-0.998050
-0.999977
-0.997521
-0.999457
-0.997505
-0.878079
-0.999857
-0.999995
-0.999986
-0.983718
-0.999998
-0.999999
-1.000000
-0.999402
-0.999456
-0.999996
-0.858152
-0.992267
-0.999732
-0.999084
-1.000000
-0.997815
-0.960727
-0.999995
-0.973390
-0.999999
-0.983355
-0.819837
-0.780005
-0.999990
-1.000000
-0.999950
-0.999997
-0.972548
-0.999124
-0.948097
-0.884058
-0.999714
-0.999981
-0.997215
-0.996556
-0.940954
-0.998234
-0.999928
-0.999154
-0.998923
-0.976233
-0.851355
-0.999935
-0.999989
-0.999911
-0.992200
-0.999999
-0.999998
-1.000000
-0.999469
-0.999850
-0.999980
-0.775295
-0.984483
-0.999830
-0.998064
-1.000000
-0.999246
-0.968060
-0.999997
-0.920130
-0.999999
-0.991763
-0.778711
-0.865445
-0.999992
-0.999999
-0.999802
-0.999998
-0.964895
-0.999973
-0.881468
-0.500752
-0.999600
-0.999936
-0.997512
-0.998246
-0.934333
-0.998389
-0.999980
-0.997366
-0.999355
-0.989250
-0.836730
-0.999982
-0.999979
-0.999978
-0.949316
-1.000000
-0.999999
-1.000000
-0.998767
-0.999534
-0.999918
-0.852029
-0.987061
-0.999762
-0.998950
-1.000000
-0.998935
-0.969155
-0.999993
-0.949611
-0.999999
-0.976868
-0.913425
-0.881051
-0.999970
-0.999999
-0.999929
-0.999996
-0.985162
-0.999836
-0.865416
-0.580299
-0.999849
-0.999902
-0.998015
-0.997244
-0.917088
-0.995234
-0.999963
-0.997446
-0.999517
-0.992543
-0.821241
-0.999928
-0.999991
-0.999975
-0.985534
-1.000000
-0.999997
-1.000000
-0.999208
-0.998394
-0.999925
-0.697292
-0.978454
-0.999617
-0.999571
-0.999999
-0.999489
-0.948627
-1.000000
-0.917425
-1.000000
-0.989321
-0.860901
-0.858881
-0.999993
-0.999999
-0.999879
-0.999992
-0.973387
-0.999805
-0.852209
-0.597374
-0.999784
-0.999960
-0.998668
-0.998120
-0.950063
-0.999314
-0.999951
-0.999436
-0.998960
-0.986488
-0.930712
-0.999958
-0.999982
-0.999999
-0.996886
-0.999999
-0.999988
-1.000000
-0.999013
-0.999903
-0.999988
-0.746070
-0.996263
-0.999376
-0.998690
-0.999999
-0.999966
-0.929337
-0.999993
-0.984756
-0.999999
-0.993685
-0.982515
-0.651647
-0.999996
-0.999999
-0.999949
-0.999999
-0.985203
-0.998649
-0.952863
-0.688951
-0.999901
-0.999899
-0.996969
-0.997090
-0.951558
-0.998877
-0.999959
-0.999407
-0.998902
-0.998450
-0.892222
-0.999987
-0.999994
-0.999985
-0.988747
-1.000000
-0.999999
-1.000000
-0.998393
-0.999084
-0.999894
-0.943977
-0.976704
-0.999861
-0.999153
-0.999999
-0.999769
-0.972216
-0.999998
-0.977747
-0.999999
-0.988170
-0.794600
-0.794698
-0.999993
-0.999999
-0.999934
-0.999997
-0.925418
-0.999724
-0.840982
-0.713079
-0.999017
-0.999962
-0.997266
-0.995698
-0.928389
-0.999588
-0.999886
-0.999100
-0.999595
-0.996855
-0.806602
-0.999858
-0.999991
-0.999971
-0.978251
-1.000000
-0.999999
-1.000000
-0.998766
-0.999732
-0.999972
-0.768343
-0.988848
-0.999866
-0.999312
-1.000000
-0.999832
-0.967017
-0.999999
-0.981767
-0.999989
-0.991013
-0.989860
-0.799364
-0.999983
-0.999990
-0.999927
-0.999998
-0.977054
-0.999614
-0.793044
-0.810892
-0.999064
-0.999945
-0.996135
-0.997501
-0.968346
-0.994874
-0.999954
-0.998552
-0.999477
-0.984516
-0.838269
-0.999970
-0.999982
-0.999916
-0.963788
-1.000000
-0.999999
-1.000000
-0.997950
-0.999949
-0.999873
-0.768236
-0.983591
-0.999893
-0.998696
-1.000000
-0.998304
-0.971644
-0.999999
-0.973288
-0.999999
-0.995911
-0.774297
-0.955339
-0.999883
-0.999999
-0.999812
-0.999988
-0.939563
-0.999825
-0.819391
-0.864407
-0.999592
-0.999947
-0.998521
-0.998775
-0.900648
-0.997360
-0.999896
-0.997976
-0.999544
-0.999458
-0.792735
-0.999965
-0.999975
-0.999978
-0.984642
-1.000000
-0.999999
-1.000000
-0.996444
-0.999644
-0.999863
-0.650110
-0.991692
-0.998983
-0.998615
-0.999995
-0.999446
-0.933330
-0.999996
-0.949767
-0.999999
-0.986893
-0.939380
-0.817221
-0.999958
-1.000000
-0.999904
-0.999952
-0.995468
-0.999031
-0.935319
-0.562836
-0.999757
-0.999968
-0.999580
-0.998138
-0.925002
-0.999455
-0.999923
-0.999047
-0.999382
-0.992237
-0.863324
-0.999954
-0.999961
-0.999939
-0.980498
-1.000000
-0.999999
-1.000000
-0.999048
-0.999779
-0.999937
-0.893113
-0.985578
-0.998627
-0.999157
-0.999999
-0.999154
-0.968595
-0.999998
-0.954735
-0.999999
-0.974199
-0.706629
-0.778423
-0.999987
-0.999999
-0.999917
-0.999996
-0.958955
-0.999756
-0.938145
-0.686740
-0.999208
-0.999960
-0.990128
-0.994892
-0.959018
-0.999429
-0.999923
-0.999044
-0.999460
-0.974031
-0.854343
-0.999719
-0.999991
-0.999960
-0.984800
-0.999999
-1.000000
-1.000000
-0.999222
-0.999420
-0.999981
-0.874869
-0.984994
-0.999427
-0.999459
-1.000000
-0.999855
-0.969629
-0.999999
-0.933722
-1.000000
-0.975182
-0.925881
-0.932301
-0.999996
-1.000000
-0.999825
-0.999999
-0.967829
-0.999936
-0.866313
-0.817300
-0.998992
-0.999914
-0.998271
-0.998236
-0.958886
-0.989410
-0.999927
-0.996910
-0.998751
-0.987150
-0.909643
-0.999986
-0.999971
-0.999934
-0.980616
-1.000000
-0.999998
-1.000000
-0.998982
-0.999948
-0.999974
-0.826867
-0.995814
-0.999917
-0.998994
-0.999996
-0.999734
-0.966905
-0.999997
-0.970511
-0.999997
-0.988971
-0.924233
-0.894305
-0.999992
-1.000000
-0.999940
-0.999989
-0.942884
-0.999919
-0.896144
-0.821608
-0.999868
-0.999915
-0.997815
-0.996719
-0.940071
-0.997136
-0.999917
-0.999580
-0.999108
-0.997178
-0.837314
-0.999851
-0.999962
-0.999994
-0.976899
-1.000000
-0.999999
-1.000000
-0.996903
-0.999794
-0.999836
-0.814771
-0.987595
-0.999157
-0.998839
-1.000000
-0.999030
-0.975159
-0.999990
-0.918132
-0.999999
-0.984505
-0.760635
-0.882062
-0.999997
-1.000000
-0.999933
-0.999996
-0.942659
-0.999962
-0.971957
-0.605596
-0.999869
-0.999947
-0.998691
-0.998397
-0.935875
-0.986789
-0.999970
-0.999119
-0.999556
-0.984947
-0.759336
-0.999930
-0.999905
-0.999968
-0.991734
-1.000000
-0.999999
-1.000000
-0.998082
-0.998926
-0.999942
-0.634607
-0.976858
-0.999748
-0.999169
-1.000000
-0.999753
-0.926052
-0.999999
-0.976267
-0.999997
-0.982163
-0.921768
-0.792086
-0.999998
-0.999999
-0.999522
-0.999999
-0.974604
-0.999952
-0.989995
-0.827992
-0.999765
-0.999942
-0.998295
-0.998138
-0.986625
-0.997132
-0.999951
-0.999156
-0.997749
-0.999523
-0.967092
-0.999889
-0.999944
-0.999940
-0.992866
-1.000000
-1.000000
-1.000000
-0.997741
-0.999741
-0.999973
-0.742866
-0.986574
-0.999790
-0.996969
-1.000000
-0.998883
-0.925732
-1.000000
-0.966971
-0.999999
-0.978734
-0.894057
-0.813768
-0.999989
-0.999999
-0.999952
-0.999998
-0.963360
-0.999816
-0.832884
-0.728964
-0.999867
-0.999942
-0.996861
-0.995092
-0.958737
-0.999045
-0.999975
-0.998832
-0.999745
-0.987132
-0.925082
-0.999658
-0.999982
-0.999982
-0.992930
-1.000000
-0.999988
-1.000000
-0.998689
-0.999810
-0.999931
-0.854443
-0.981316
-0.999688
-0.999424
-0.999999
-0.999761
-0.962629
-0.999999
-0.885126
-0.999999
-0.963094
-0.917932
-0.708399
-0.999991
-0.999998
-0.999902
-0.999997
-0.981511
-0.999458
-0.932691
-0.682663
-0.999503
-0.999918
-0.998780
-0.997220
