-0.656593
-0.972245
-0.998787
-0.968076
-0.701784
-0.814010
-0.671926
-0.982926
-0.998655
-0.986146
-0.993018
-0.996586
-0.679691
-0.984450
-0.978424
-0.961140
-0.763683
-0.686462
-0.979123
-0.695698
-0.996089
-0.905744
-0.995482
-0.714006
-0.674617
-0.973729
-0.999242
-0.703235
-0.978112
-0.694220
-0.931183
-0.913642
-0.998782
-0.994471
-0.819496
-0.645401
-0.610685
-0.579569
-0.998667
-0.874288
-0.679259
-0.771587
-0.655044
-0.969924
-0.999055
-0.968450
-0.705457
-0.804073
-0.656036
-0.989738
-0.998792
-0.979976
-0.992278
-0.995842
-0.699439
-0.972328
-0.985390
-0.961143
-0.773518
-0.675327
-0.989019
-0.711692
-0.997811
-0.912772
-0.995731
-0.692003
-0.670708
-0.987782
-0.998608
-0.726328
-0.977188
-0.691725
-0.923353
-0.923895
-0.998915
-0.995690
-0.792454
-0.653102
-0.577488
-0.590360
-0.998732
-0.867857
-0.689898
-0.731395
-0.634030
-0.965297
-0.998052
-0.965274
-0.713852
-0.797355
-0.689051
-0.988321
-0.998479
-0.982247
-0.994735
-0.993717
-0.683817
-0.978114
-0.976904
-0.968215
-0.771315
-0.686328
-0.985430
-0.715440
-0.997287
-0.920389
-0.995993
-0.692731
-0.673962
-0.970604
-0.999556
-0.700807
-0.976798
-0.715726
-0.945324
-0.942764
-0.999424
-0.995406
-0.853578
-0.661763
-0.602724
-0.593380
-0.997400
-0.864864
-0.692673
-0.768217
-0.616025
-0.960478
-0.998800
-0.964487
-0.678893
-0.798972
-0.658921
-0.992758
-0.998746
-0.969596
-0.991617
-0.996951
-0.688760
-0.986050
-0.981761
-0.958952
-0.784978
-0.674084
-0.982316
-0.716166
-0.998672
-0.918665
-0.995044
-0.697627
-0.655671
-0.976675
-0.998941
-0.693949
-0.980148
-0.696724
-0.934417
-0.902006
-0.998739
-0.997095
-0.829291
-0.674041
-0.576512
-0.567223
-0.998096
-0.891821
-0.661635
-0.747216
-0.644379
-0.976584
-0.996550
-0.970497
-0.665646
-0.844691
-0.679190
-0.987813
-0.999035
-0.978018
-0.996236
-0.993103
-0.706828
-0.978631
-0.981027
-0.960059
-0.749525
-0.690129
-0.982623
-0.701806
-0.997562
-0.922389
-0.996774
-0.694208
-0.655363
-0.977205
-0.999431
-0.686765
-0.967514
-0.689959
-0.948688
-0.933391
-0.999725
-0.994402
-0.852431
-0.651356
-0.601695
-0.567304
-0.996790
-0.854907
-0.696274
-0.768913
-0.632924
-0.974219
-0.999470
-0.963285
-0.647085
-0.827164
-0.661747
-0.993434
-0.997416
-0.986078
-0.994691
-0.993195
-0.667945
-0.983723
-0.977770
-0.954376
-0.781443
-0.679476
-0.986418
-0.698485
-0.996896
-0.921294
-0.995156
-0.720489
-0.650653
-0.955901
-0.999562
-0.689658
-0.976224
-0.679439
-0.935341
-0.913243
-0.998295
-0.996236
-0.830772
-0.652946
-0.602232
-0.564949
-0.999307
-0.860631
-0.686838
-0.755904
-0.648560
-0.972457
-0.997729
-0.959213
-0.679272
-0.819537
-0.706508
-0.990410
-0.998760
-0.983498
-0.990096
-0.998172
-0.679920
-0.981366
-0.982641
-0.963426
-0.748484
-0.704370
-0.986028
-0.743556
-0.996952
-0.915231
-0.995750
-0.709171
-0.655449
-0.982590
-0.998960
-0.690113
-0.977026
-0.679272
-0.920527
-0.932105
-0.998739
-0.993977
-0.818093
-0.632386
-0.596343
-0.551214
-0.997864
-0.873212
-0.691230
-0.743032
-0.652831
-0.969240
-0.998704
-0.965874
-0.647981
-0.833484
-0.689479
-0.986129
-0.998506
-0.979633
-0.994972
-0.996267
-0.688469
-0.971276
-0.985518
-0.959583
-0.793706
-0.718550
-0.983734
-0.714785
-0.998486
-0.916531
-0.996596
-0.713325
-0.622295
-0.973963
-0.999035
-0.707131
-0.981637
-0.692191
-0.918977
-0.923865
-0.998881
-0.995734
-0.849031
-0.659555
-0.607985
-0.567177
-0.998384
-0.832093
-0.715762
-0.718104
-0.663578
-0.976020
-0.998384
-0.967672
-0.692497
-0.815615
-0.704198
-0.988142
-0.998960
-0.983148
-0.995287
-0.996600
-0.675578
-0.984077
-0.983044
-0.970418
-0.797144
-0.686462
-0.990809
-0.695915
-0.997710
-0.923682
-0.996209
-0.678821
-0.656605
-0.978987
-0.999737
-0.688824
-0.989677
-0.678312
-0.943714
-0.915352
-0.998889
-0.995725
-0.804944
-0.658676
-0.577882
-0.558941
-0.998206
-0.854866
-0.701733
-0.773100
-0.640781
-0.975575
-0.997951
-0.959215
-0.657231
-0.827081
-0.637925
-0.991814
-0.998921
-0.989715
-0.992177
-0.997853
-0.663592
-0.979313
-0.984979
-0.963271
-0.794176
-0.700823
-0.985246
-0.701967
-0.998820
-0.929161
-0.995456
-0.663933
-0.657177
-0.989379
-0.999699
-0.711437
-0.981117
-0.655082
-0.941144
-0.933528
-0.998615
-0.996904
-0.826117
-0.623709
-0.601342
-0.572474
-0.997824
-0.858804
-0.707571
-0.770071
-0.645970
-0.977568
-0.998820
-0.956531
-0.654018
-0.810261
-0.657167
-0.986447
-0.999191
-0.983707
-0.993222
-0.998721
-0.672296
-0.984737
-0.977899
-0.968468
-0.761110
-0.687752
-0.987947
-0.720171
-0.996997
-0.930786
-0.995515
-0.682347
-0.688006
-0.973960
-0.999629
-0.695888
-0.972108
-0.673488
-0.941462
-0.931365
-0.998332
-0.996030
-0.816447
-0.624821
-0.605166
-0.548500
-0.998775
-0.857966
-0.679491
-0.776074
-0.636785
-0.975745
-0.997837
-0.964142
-0.690329
-0.809540
-0.658245
-0.992029
-0.999269
-0.989500
-0.996544
-0.995702
-0.713266
-0.974783
-0.973621
-0.963656
-0.789165
-0.693361
-0.989651
-0.711590
-0.999070
-0.917155
-0.997133
-0.696968
-0.671492
-0.954401
-0.999343
-0.705635
-0.979747
-0.679559
-0.939890
-0.939380
-0.998738
-0.996259
-0.823130
-0.633808
-0.593470
-0.547712
-0.997946
-0.865296
-0.684942
-0.751238
-0.630869
-0.971353
-0.998961
-0.963428
-0.688715
-0.803878
-0.670216
-0.989028
-0.999450
-0.974821
-0.996112
-0.998004
-0.660679
-0.979432
-0.984164
-0.956548
-0.779904
-0.700562
-0.977972
-0.724914
-0.997160
-0.928133
-0.996230
-0.687727
-0.663503
-0.985199
-0.998757
-0.672081
-0.989264
-0.666915
-0.939065
-0.920571
-0.998534
-0.996194
-0.813682
-0.616590
-0.592603
-0.563255
-0.998210
-0.876779
-0.655521
-0.704850
-0.608275
-0.970226
-0.998244
-0.964889
-0.649153
-0.815498
-0.696279
-0.990443
-0.998551
-0.984764
-0.996939
-0.997718
-0.699715
-0.973272
-0.982745
-0.966361
-0.779244
-0.726941
-0.986078
-0.709142
-0.996863
-0.919466
-0.998426
-0.703249
-0.659278
-0.988575
-0.998462
-0.677957
-0.975004
-0.691630
-0.934206
-0.932432
-0.999074
-0.996263
-0.847745
-0.617015
-0.598058
-0.575697
-0.998605
-0.869068
-0.686565
-0.698078
-0.615761
-0.982184
-0.998399
-0.950496
-0.696664
-0.841054
-0.675848
-0.993687
-0.997491
-0.981685
-0.993111
-0.996786
-0.683613
-0.977552
-0.985829
-0.958689
-0.762602
-0.684539
-0.992367
-0.683020
-0.996501
-0.920706
-0.996830
-0.704995
-0.673819
-0.970417
-0.999006
-0.722090
-0.982250
-0.685211
-0.938070
-0.919551
-0.999370
-0.994902
-0.844937
-0.621484
-0.596161
-0.568480
-0.998224
-0.873999
-0.674013
-0.749045
-0.614027
-0.970673
-0.998442
-0.975437
-0.684059
-0.810216
-0.683095
-0.993247
-0.999024
-0.988023
-0.995816
-0.998958
-0.697511
-0.981301
-0.983713
-0.958296
-0.791696
-0.679575
-0.985581
-0.714891
-0.998836
-0.924965
-0.994973
-0.702999
-0.673532
-0.980385
-0.999181
-0.679969
-0.974717
-0.704339
-0.923459
-0.929610
-0.999023
-0.998475
-0.854082
-0.648762
-0.598575
-0.587592
-0.998286
-0.849763
-0.707194
-0.770945
-0.632923
-0.974407
-0.998550
-0.956912
-0.698112
-0.812899
-0.656878
-0.986057
-0.998709
-0.986187
-0.994030
-0.996828
-0.667231
-0.983097
-0.978472
-0.960737
-0.774635
-0.654407
-0.983257
-0.727106
-0.998309
-0.913598
-0.998013
-0.695343
-0.649638
-0.962065
-0.999263
-0.683850
-0.978334
-0.685965
-0.929046
-0.926383
-0.998694
-0.995588
-0.826427
-0.620526
-0.599797
-0.582435
-0.997751
-0.859550
-0.663970
-0.743960
-0.661968
-0.970548
-0.997881
-0.971176
-0.690182
-0.816933
-0.702741
-0.993849
-0.998280
-0.982436
-0.993426
-0.996636
-0.725157
-0.986828
-0.985225
-0.964830
-0.789977
-0.693502
-0.987643
-0.695959
-0.997971
-0.930180
-0.994929
-0.711941
-0.642813
-0.980570
-0.999457
-0.683939
-0.982255
-0.700145
-0.933808
-0.921515
-0.999287
-0.996501
-0.834361
-0.624554
-0.565193
-0.561578
-0.997629
-0.874985
-0.661238
-0.771214
-0.643760
-0.977192
-0.997969
-0.968556
-0.668390
-0.795506
-0.669129
-0.993387
-0.998818
-0.980309
-0.995085
-0.997232
-0.693618
-0.978599
-0.977698
-0.966017
-0.800804
-0.683923
-0.986178
-0.713141
-0.997901
-0.918847
-0.997463
-0.684478
-0.649693
-0.962887
-0.998989
-0.688038
-0.977423
-0.699308
-0.927321
-0.935416
-0.998933
-0.997601
-0.861359
-0.634882
-0.556186
-0.544768
-0.999218
-0.862163
-0.638980
-0.738692
-0.628898
-0.976072
-0.998029
-0.959990
-0.652657
-0.804293
-0.691558
-0.986559
-0.998759
-0.983228
-0.994933
-0.995544
-0.692237
-0.984303
-0.982836
-0.967156
-0.794681
-0.699190
-0.985841
-0.678668
-0.997618
-0.910630
-0.997020
-0.706359
-0.653419
-0.973838
-0.999135
-0.703530
-0.973254
-0.709766
-0.941742
-0.929179
-0.999418
-0.993117
-0.853896
-0.658584
-0.540316
-0.552284
-0.997813
-0.876067
-0.653862
-0.757804
-0.641394
-0.973149
-0.998741
-0.960045
-0.638346
-0.812185
-0.688294
-0.991737
-0.996999
-0.980236
-0.995611
-0.994493
-0.704179
-0.977409
-0.984387
-0.960865
-0.749036
-0.673040
-0.985928
-0.721176
-0.998522
-0.920815
-0.996095
-0.712753
-0.636420
-0.966726
-0.999661
-0.688469
-0.991190
-0.710962
-0.944175
-0.926960
-0.999006
-0.995193
-0.827852
-0.655797
-0.546871
-0.559813
-0.998202
-0.873964
-0.649882
-0.783978
-0.658661
-0.979427
-0.998034
-0.968496
-0.669798
-0.833892
-0.691513
-0.992817
-0.999109
-0.984581
-0.990733
-0.996528
-0.699750
-0.977487
-0.984170
-0.969517
-0.760900
-0.687754
-0.989897
-0.709577
-0.997483
-0.921097
-0.997073
-0.713761
-0.645659
-0.954479
-0.999055
-0.701738
-0.976533
-0.679386
-0.935651
-0.925626
-0.999474
-0.994799
-0.829598
-0.620928
-0.580580
-0.574281
-0.998160
-0.843718
-0.669336
-0.733200
-0.639984
-0.984192
-0.997412
-0.965084
-0.664712
-0.809099
-0.711141
-0.989658
-0.998884
-0.984838
-0.995126
-0.997521
-0.688791
-0.976752
-0.979376
-0.970958
-0.792123
-0.705084
-0.987610
-0.700481
-0.997290
-0.928742
-0.996716
-0.700189
-0.668114
-0.972589
-0.999380
-0.694654
-0.976609
-0.701949
-0.927216
-0.953545
-0.999403
-0.993820
-0.815456
-0.621180
-0.604212
-0.554730
-0.998823
-0.853203
-0.686014
-0.752262
-0.631837
-0.974505
-0.998046
-0.963409
-0.677348
-0.822086
-0.676124
-0.991826
-0.998155
-0.990640
-0.992431
-0.996428
-0.673356
-0.983173
-0.985132
-0.968932
-0.767104
-0.704682
-0.992418
-0.720687
-0.998372
-0.912650
-0.997212
-0.701597
-0.673184
-0.952930
-0.999521
-0.665021
-0.979949
-0.670496
-0.937507
-0.949710
-0.998638
-0.996704
-0.798185
-0.640891
-0.583025
-0.537439
-0.998445
-0.870227
-0.676121
-0.680812
-0.620954
-0.979290
-0.997903
-0.957405
-0.685689
-0.803913
-0.691826
-0.989883
-0.999150
-0.980742
-0.993180
-0.998132
-0.733426
-0.981209
-0.982415
-0.975936
-0.769065
-0.706107
-0.987233
-0.725079
-0.998082
-0.930544
-0.994847
-0.682943
-0.627248
-0.978008
-0.999292
-0.693088
-0.975852
-0.695674
-0.932224
-0.931758
-0.998997
-0.995730
-0.833658
-0.635066
-0.573408
-0.548460
-0.997439
-0.846172
-0.679516
-0.757483
-0.637938
-0.967964
-0.998323
-0.958394
-0.691044
-0.819672
-0.681531
-0.991393
-0.999146
-0.989585
-0.989598
-0.996320
-0.674776
-0.973014
-0.981139
-0.975499
-0.759388
-0.699115
-0.982432
-0.740322
-0.995351
-0.921672
-0.997727
-0.696434
-0.674396
-0.979001
-0.999533
-0.696031
-0.978853
-0.694513
-0.944960
-0.910150
-0.999361
-0.996705
-0.801206
-0.632505
-0.546878
-0.548394
-0.997343
-0.880081
-0.685516
-0.730902
-0.643654
-0.969776
-0.998821
-0.962482
-0.691863
-0.791850
-0.670053
-0.985099
-0.998981
-0.980066
-0.991954
-0.993534
-0.704372
-0.986318
-0.976587
-0.966373
-0.782712
-0.704304
-0.987926
-0.718150
-0.997747
-0.910625
-0.997638
-0.707346
-0.658598
-0.964845
-0.999513
-0.702877
-0.973140
-0.696959
-0.922722
-0.936773
-0.999117
-0.991925
-0.838962
-0.661797
-0.613763
-0.584428
-0.997487
-0.867761
-0.672518
-0.735270
-0.670065
-0.973942
-0.997333
-0.967464
-0.695194
-0.812295
-0.711931
-0.992623
-0.997565
-0.985727
-0.993255
-0.996506
-0.685899
-0.974475
-0.987349
-0.962883
-0.801515
-0.679683
-0.989960
-0.713903
-0.996540
-0.926066
-0.996207
-0.701096
-0.672919
-0.975800
-0.998982
-0.685462
-0.978700
-0.670573
-0.947140
-0.914113
-0.999186
-0.993614
-0.814108
-0.656760
-0.579814
-0.564795
-0.998984
-0.875520
-0.703578
-0.743181
-0.672748
-0.970206
-0.997926
-0.966706
-0.663235
-0.839272
-0.694528
-0.992944
-0.999156
-0.980566
-0.993654
-0.998025
-0.701252
-0.972833
-0.979127
-0.976967
-0.762939
-0.671491
-0.991544
-0.692089
-0.997996
-0.922415
-0.997775
-0.692882
-0.657158
-0.969170
-0.999595
-0.651328
-0.980146
-0.665565
-0.930582
-0.925053
-0.998867
-0.995557
-0.836197
-0.649843
-0.607520
-0.561830
-0.998898
-0.869817
-0.682383
-0.777824
-0.656305
-0.962956
-0.998187
-0.962109
-0.697358
-0.818153
-0.679161
-0.993400
-0.997826
-0.984234
-0.994751
-0.998056
-0.667819
-0.980068
-0.982640
-0.969884
-0.753638
-0.697447
-0.970616
-0.706668
-0.997012
-0.914852
-0.996669
-0.700916
-0.665138
-0.963038
-0.999067
-0.654791
-0.985121
-0.683399
-0.934273
-0.934607
-0.999264
-0.991624
-0.819263
-0.653344
-0.571422
-0.544787
-0.998544
-0.870931
-0.664254
-0.713394
-0.630021
-0.976984
-0.998153
-0.963000
-0.680541
-0.801883
-0.664913
-0.993460
-0.998636
-0.982717
-0.995222
-0.994317
-0.684731
-0.983517
-0.984271
-0.962796
-0.763501
-0.652071
-0.990201
-0.698422
-0.997817
-0.931751
-0.997267
-0.699208
-0.654197
-0.966326
-0.999645
-0.648515
-0.977037
-0.688313
-0.945808
-0.922189
-0.999161
-0.993010
-0.856194
-0.657269
-0.594299
-0.562349
-0.998479
-0.858221
-0.661090
-0.774857
-0.634981
-0.967622
-0.998292
-0.960055
-0.673563
-0.805083
-0.659474
-0.992356
-0.996826
-0.984558
-0.994035
-0.996805
-0.675020
-0.980649
-0.984807
-0.975225
-0.765176
-0.696000
-0.988796
-0.697717
-0.997446
-0.914732
-0.995705
-0.699239
-0.661159
-0.987452
-0.999741
-0.685134
-0.984197
-0.696745
-0.962693
-0.927872
-0.999646
-0.992333
-0.801143
-0.652023
-0.593616
-0.599848
-0.998139
-0.857799
-0.662638
-0.783527
-0.653193
-0.978698
-0.997735
-0.952177
-0.698658
-0.808151
-0.674412
-0.991712
-0.998586
-0.982379
-0.991901
-0.997348
-0.710356
-0.982042
-0.981880
-0.973123
-0.766942
-0.694559
-0.990282
-0.702649
-0.997056
-0.927390
-0.995634
-0.731518
-0.675247
-0.986904
-0.999406
-0.685564
-0.973012
-0.682556
-0.931368
-0.923118
-0.999144
-0.992376
-0.818196
-0.610826
-0.605635
-0.565788
-0.998798
-0.846566
-0.695677
-0.752203
