-0.997312
-0.999710
-0.999790
-0.993524
-0.676286
-0.644729
-0.993182
-0.999403
-0.999613
-0.742170
-0.690417
-0.555591
-0.999782
-0.999900
-0.999240
-0.949859
-0.507005
-0.578485
-0.711355
-0.999501
-0.999531
-0.999809
-0.654174
-0.456038
-0.795704
-0.999571
-0.999784
-0.701283
-0.662181
-0.495901
-0.847196
-0.998767
-0.999878
-0.910104
-0.451714
-0.997610
-0.696657
-0.999692
-0.999728
-0.940978
-0.942205
-0.546784
-0.997473
-0.999698
-0.999786
-0.997106
-0.695262
-0.682405
-0.993114
-0.999404
-0.999587
-0.756018
-0.707041
-0.519621
-0.999796
-0.999729
-0.999852
-0.950332
-0.561130
-0.593990
-0.713415
-0.999503
-0.999472
-0.999807
-0.692347
-0.500531
-0.793532
-0.999571
-0.999776
-0.732061
-0.690775
-0.545752
-0.855673
-0.996216
-0.999869
-0.911787
-0.462619
-0.997657
-0.687272
-0.999674
-0.999915
-0.942270
-0.939999
-0.491077
-0.997379
-0.999692
-0.999791
-0.993513
-0.689075
-0.695709
-0.993649
-0.999410
-0.999626
-0.752555
-0.695024
-0.558006
-0.999791
-0.999728
-0.999242
-0.951013
-0.560224
-0.624211
-0.720405
-0.999487
-0.999505
-0.999822
-0.673438
-0.462420
-0.767469
-0.999556
-0.999780
-0.722637
-0.661043
-0.500621
-0.843686
-0.996402
-0.999870
-0.910274
-0.413752
-0.997585
-0.700234
-0.999674
-0.999729
-0.946971
-0.935866
-0.475110
-0.997353
-0.999703
-0.999803
-0.993332
-0.679804
-0.658697
-0.993445
-0.999399
-0.999618
-0.746233
-0.672492
-0.538814
-0.999810
-0.999972
-0.999853
-0.951810
-0.494085
-0.593950
-0.709879
-0.999781
-0.999494
-0.999802
-0.660335
-0.484834
-0.775186
-0.999571
-0.999794
-0.692972
-0.642244
-0.504948
-0.841822
-0.996514
-0.999870
-0.908319
-0.431889
-0.997642
-0.720962
-0.999666
-0.999722
-0.943864
-0.939072
-0.535972
-0.997395
-0.999702
-0.999797
-0.993723
-0.679924
-0.673893
-0.993283
-0.999767
-0.999840
-0.740293
-0.681350
-0.531599
-0.999789
-0.999747
-0.999225
-0.949050
-0.515776
-0.582514
-0.689861
-0.998920
-0.999531
-0.999800
-0.663277
-0.467933
-0.772481
-0.999557
-0.999791
-0.683409
-0.655334
-0.502038
-0.840236
-0.996496
-0.999956
-0.913188
-0.437159
-0.997624
-0.688570
-0.999687
-0.999732
-0.943667
-0.941220
-0.475389
-0.997395
-0.999710
-0.999792
-0.993598
-0.679220
-0.633220
-0.993338
-0.999402
-0.999614
-0.743859
-0.682913
-0.519041
-0.999799
-0.999716
-0.999279
-0.948533
-0.554661
-0.603047
-0.702531
-0.999472
-0.999529
-0.999824
-0.689194
-0.473376
-0.759003
-0.999600
-0.999792
-0.678911
-0.675353
-0.507481
-0.843153
-0.996482
-0.999873
-0.910366
-0.471920
-0.997558
-0.693874
-0.999674
-0.999739
-0.942716
-0.940550
-0.523735
-0.997388
-0.999714
-0.999938
-0.993485
-0.681170
-0.665264
-0.993301
-0.999395
-0.999618
-0.757457
-0.692825
-0.562291
-0.999788
-0.999726
-0.999642
-0.949275
-0.570243
-0.602246
-0.711709
-0.999512
-0.999532
-0.999805
-0.649675
-0.485611
-0.765619
-0.999560
-0.999790
-0.681454
-0.671077
-0.473586
-0.836988
-0.996666
-0.999870
-0.912452
-0.448213
-0.997325
-0.711139
-0.999677
-0.999741
-0.945279
-0.939867
-0.545300
-0.997407
-0.999696
-0.999797
-0.993396
-0.680567
-0.660227
-0.993152
-0.999413
-0.999608
-0.746707
-0.690854
-0.579505
-0.999794
-0.999727
-0.999243
-0.952374
-0.506898
-0.578533
-0.719666
-0.999498
-0.999516
-0.999822
-0.652855
-0.481625
-0.771074
-0.999574
-0.999796
-0.679895
-0.661677
-0.536161
-0.840627
-0.996431
-0.999861
-0.912274
-0.424242
-0.997687
-0.687108
-0.999664
-0.999917
-0.945694
-0.940199
-0.530198
-0.996749
-0.999695
-0.999906
-0.993711
-0.672330
-0.671447
-0.993800
-0.999459
-0.999842
-0.746183
-0.685705
-0.528611
-0.999786
-0.999725
-0.999205
-0.952747
-0.510851
-0.582653
-0.717950
-0.999479
-0.999514
-0.999817
-0.657424
-0.460119
-0.762477
-0.999564
-0.999790
-0.686442
-0.678882
-0.503610
-0.845484
-0.996386
-0.999870
-0.912972
-0.416096
-0.997444
-0.687811
-0.999677
-0.999731
-0.943801
-0.938665
-0.493821
-0.997324
-0.999702
-0.999778
-0.993774
-0.675504
-0.679380
-0.993279
-0.999407
-0.999610
-0.737767
-0.694615
-0.555823
-0.999799
-0.999729
-0.999224
-0.951792
-0.540663
-0.626434
-0.732976
-0.999777
-0.999543
-0.999813
-0.650833
-0.492126
-0.768949
-0.999569
-0.999778
-0.689525
-0.657760
-0.524770
-0.851178
-0.996416
-0.999869
-0.909861
-0.431354
-0.997638
-0.698689
-0.999679
-0.999728
-0.941916
-0.938685
-0.548224
-0.997352
-0.999704
-0.999800
-0.993573
-0.696557
-0.668872
-0.993429
-0.999413
-0.999602
-0.736372
-0.689169
-0.576472
-0.999789
-0.999720
-0.999254
-0.950783
-0.528286
-0.613469
-0.721883
-0.999500
-0.999522
-0.999819
-0.650866
-0.493134
-0.780634
-0.999571
-0.999797
-0.701447
-0.652457
-0.510609
-0.853238
-0.996650
-0.999874
-0.905512
-0.463132
-0.997590
-0.703136
-0.999677
-0.999738
-0.941312
-0.940296
-0.515455
-0.997510
-0.999706
-0.999794
-0.993274
-0.689693
-0.680542
-0.993438
-0.999382
-0.999612
-0.732924
-0.677206
-0.555464
-0.999797
-0.999732
-0.999279
-0.950088
-0.520841
-0.624849
-0.719335
-0.999511
-0.999530
-0.999818
-0.688468
-0.500228
-0.780172
-0.999577
-0.999788
-0.711029
-0.668284
-0.481260
-0.853066
-0.996523
-0.999870
-0.911745
-0.438254
-0.997543
-0.702195
-0.999668
-0.999737
-0.943136
-0.943328
-0.464734
-0.997410
-0.999701
-0.999794
-0.993440
-0.684805
-0.644564
-0.993626
-0.999380
-0.999599
-0.742678
-0.679025
-0.536054
-0.999791
-0.999719
-0.999299
-0.952293
-0.521038
-0.559591
-0.712635
-0.999497
-0.999518
-0.999812
-0.666393
-0.457542
-0.768902
-0.999947
-0.999787
-0.687365
-0.645920
-0.483890
-0.843440
-0.996430
-0.999864
-0.907918
-0.414189
-0.997685
-0.692636
-0.999581
-0.999731
-0.942810
-0.940759
-0.509414
-0.997331
-0.999710
-0.999797
-0.993334
-0.681750
-0.656100
-0.992202
-0.999408
-0.999606
-0.740216
-0.678790
-0.537301
-0.999801
-0.999726
-0.999237
-0.950820
-0.520001
-0.562088
-0.711522
-0.999471
-0.999506
-0.999820
-0.644728
-0.473940
-0.764545
-0.999552
-0.999790
-0.700804
-0.675099
-0.482954
-0.837810
-0.996641
-0.999870
-0.909063
-0.425912
-0.997519
-0.690811
-0.999672
-0.999750
-0.944963
-0.941628
-0.526415
-0.997445
-0.999705
-0.999803
-0.993789
-0.667517
-0.639328
-0.993409
-0.999391
-0.999615
-0.747244
-0.678242
-0.535120
-0.999798
-0.999721
-0.999217
-0.951492
-0.510521
-0.603756
-0.708671
-0.999484
-0.999522
-0.999813
-0.633546
-0.491702
-0.763299
-0.999573
-0.999978
-0.720647
-0.652852
-0.528509
-0.845528
-0.996453
-0.999870
-0.913589
-0.421054
-0.997421
-0.692572
-0.999675
-0.999761
-0.945681
-0.954238
-0.482885
-0.997358
-0.999722
-0.999855
-0.993430
-0.678912
-0.670744
-0.988877
-0.999395
-0.999622
-0.760514
-0.681542
-0.544271
-0.999795
-0.999714
-0.999261
-0.951091
-0.507644
-0.592739
-0.717982
-0.999780
-0.999925
-0.999818
-0.664568
-0.433900
-0.756330
-0.999565
-0.999935
-0.683120
-0.643777
-0.506989
-0.851046
-0.996400
-0.999866
-0.909236
-0.432233
-0.997506
-0.690322
-0.999678
-0.999742
-0.943725
-0.942810
-0.503981
-0.997344
-0.999719
-0.999793
-0.993310
-0.664393
-0.679710
-0.993403
-0.999397
-0.999835
-0.736892
-0.666936
-0.540358
-0.999791
-0.999711
-0.999173
-0.950049
-0.513096
-0.613306
-0.716157
-0.999475
-0.999478
-0.999815
-0.652490
-0.484930
-0.765098
-0.999554
-0.999794
-0.690809
-0.652401
-0.500613
-0.847426
-0.998779
-0.999868
-0.912203
-0.412833
-0.997577
-0.688764
-0.999676
-0.999737
-0.944131
-0.940785
-0.508831
-0.997380
-0.999709
-0.999783
-0.993575
-0.685729
-0.674068
-0.993125
-0.999382
-0.999592
-0.744998
-0.701089
-0.564926
-0.999797
-0.999709
-0.999259
-0.951614
-0.525227
-0.606422
-0.698185
-0.999505
-0.999808
-0.999813
-0.662173
-0.516221
-0.772390
-0.999557
-0.999788
-0.694399
-0.666844
-0.493463
-0.837675
-0.996378
-0.999867
-0.908527
-0.419046
-0.997551
-0.682846
-0.999660
-0.999735
-0.942440
-0.940032
-0.507841
-0.997267
-0.999715
-0.999794
-0.993640
-0.663068
-0.676242
-0.993392
-0.999411
-0.999603
-0.759314
-0.676356
-0.583897
-0.999797
-0.999721
-0.999242
-0.953639
-0.523301
-0.613695
-0.709183
-0.999484
-0.999518
-0.999800
-0.648877
-0.474442
-0.768036
-0.999560
-0.999792
-0.681437
-0.664297
-0.517074
-0.839480
-0.996347
-0.999956
-0.906098
-0.447338
-0.997658
-0.685501
-0.999667
-0.999725
-0.941650
-0.940869
-0.505955
-0.997381
-0.999686
-0.999788
-0.993321
-0.677071
-0.677226
-0.993541
-0.999412
-0.999602
-0.733507
-0.701511
-0.551157
-0.999799
-0.999716
-0.999231
-0.951006
-0.543881
-0.607222
-0.716999
-0.999786
-0.999497
-0.999816
-0.656994
-0.476202
-0.773597
-0.999580
-0.999787
-0.677978
-0.644672
-0.505555
-0.842847
-0.996377
-0.999869
-0.906693
-0.421605
-0.997368
-0.692026
-0.999666
-0.999736
-0.944183
-0.938031
-0.457396
-0.997369
-0.999683
-0.999779
-0.993216
-0.664104
-0.645669
-0.993471
-0.999403
-0.999608
-0.752779
-0.682428
-0.525577
-0.999794
-0.999719
-0.999220
-0.950772
-0.514280
-0.605489
-0.727197
-0.999490
-0.999531
-0.999809
-0.671485
-0.447538
-0.777746
-0.999562
-0.999792
-0.697418
-0.667513
-0.468639
-0.842713
-0.996493
-0.999865
-0.909802
-0.486433
-0.997495
-0.692953
-0.999666
-0.999726
-0.945700
-0.943182
-0.495119
-0.997402
-0.999721
-0.999808
-0.993440
-0.680035
-0.658117
-0.993436
-0.999410
-0.999588
-0.765698
-0.680784
-0.560584
-0.999795
-0.999723
-0.999227
-0.949937
-0.520069
-0.613616
-0.710476
-0.999475
-0.999526
-0.999813
-0.672965
-0.473291
-0.772849
-0.999600
-0.999974
-0.710564
-0.674213
-0.503772
-0.845693
-0.996292
-0.999871
-0.909587
-0.449046
-0.997451
-0.698354
-0.999667
-0.999732
-0.944979
-0.937353
-0.504579
-0.997452
-0.999721
-0.999791
-0.993464
-0.684365
-0.659631
-0.993658
-0.999419
-0.999602
-0.745991
-0.699874
-0.563134
-0.999803
-0.999712
-0.998846
-0.948817
-0.569850
-0.601110
-0.703388
-0.999487
-0.999515
-0.999814
-0.663002
-0.488370
-0.764031
-0.999559
-0.999779
-0.701091
-0.665420
-0.542488
-0.848637
-0.996355
-0.999868
-0.908488
-0.459117
-0.997595
-0.690582
-0.999675
-0.999725
-0.942407
-0.939005
-0.492801
-0.997424
-0.999700
-0.999795
-0.993484
-0.662057
-0.665251
-0.993193
-0.999408
-0.999948
-0.739820
-0.692345
-0.524571
-0.999794
-0.999732
-0.999249
-0.950385
-0.536244
-0.592849
-0.728154
-0.999477
-0.999510
-0.999823
-0.649948
-0.443611
-0.768219
-0.999569
-0.999774
-0.693534
-0.648637
-0.482590
-0.841084
-0.996472
-0.999864
-0.911536
-0.436105
-0.997536
-0.691068
-0.999686
-0.999738
-0.944032
-0.938798
-0.493335
-0.997450
-0.999703
-0.999787
-0.994145
-0.674809
-0.645319
-0.993194
-0.999390
-0.999610
-0.743608
-0.689945
-0.520149
-0.999795
-0.999726
-0.999210
-0.954055
-0.529280
-0.605771
-0.712385
-0.999462
-0.999561
-0.999816
-0.660713
-0.430340
-0.778999
-0.999570
-0.999779
-0.707338
-0.678872
-0.480262
-0.840092
-0.996765
-0.999870
-0.911561
-0.452915
-0.997584
-0.694240
-0.999683
-0.999739
-0.945391
-0.939115
-0.494047
-0.997406
-0.999701
-0.999794
-0.993703
-0.662748
-0.646418
-0.993723
-0.999388
-0.999605
-0.743127
-0.689986
-0.542366
-0.999795
-0.999720
-0.999252
-0.950749
-0.532236
-0.599060
-0.709063
-0.999480
-0.999495
-0.999819
-0.647422
-0.458030
-0.776183
-0.999566
-0.999979
-0.707488
-0.673984
-0.544548
-0.839146
-0.996469
-0.999871
-0.907640
-0.456950
-0.997679
-0.696548
-0.999681
-0.999732
-0.943678
-0.940629
-0.547361
-0.997297
-0.999690
-0.999791
-0.993215
-0.680195
-0.681260
-0.993217
-0.999438
-0.999601
-0.739896
-0.663396
-0.550122
-0.999792
-0.999724
-0.999206
-0.949293
-0.503165
-0.586977
-0.706670
-0.999464
-0.999513
-0.999807
-0.634698
-0.472023
-0.757842
-0.999566
-0.999779
-0.678230
-0.678964
-0.513134
-0.836839
-0.996692
-0.999863
-0.910376
-0.441086
-0.997497
-0.695703
-0.999691
-0.999733
-0.942971
-0.938159
-0.538325
-0.997284
-0.999708
-0.999791
-0.993337
-0.659798
-0.677394
-0.993438
-0.999372
-0.999588
-0.745884
-0.684912
-0.585191
-0.999793
-0.999733
-0.999253
-0.949993
-0.499445
-0.603166
-0.710313
-0.999496
-0.999507
-0.999817
-0.645518
-0.453658
-0.768250
-0.999559
-0.999787
-0.692216
-0.672497
-0.497164
-0.839845
-0.996384
-0.999865
-0.909484
-0.468929
-0.997623
-0.691863
-0.999669
-0.999740
-0.944466
-0.943037
-0.483705
-0.997291
-0.999703
-0.999789
-0.993230
-0.677450
-0.669429
-0.993337
-0.999405
-0.999562
-0.750622
-0.701175
-0.538327
-0.999795
-0.999718
-0.999191
-0.951383
-0.516756
-0.575546
-0.702616
-0.999476
-0.999498
-0.999805
-0.649495
-0.451159
-0.769533
-0.999555
-0.999787
-0.729695
-0.645298
-0.514787
-0.841338
-0.996487
-0.999866
-0.913670
-0.473058
-0.997464
-0.711405
-0.999681
-0.999726
-0.942221
-0.946134
-0.488610
-0.997426
-0.999706
-0.999786
-0.993747
-0.677918
-0.686419
-0.993555
-0.999396
-0.999617
-0.756481
-0.678262
-0.575256
-0.999789
-0.999733
-0.999207
-0.953363
-0.499075
-0.586757
-0.704850
-0.999496
-0.999530
-0.999814
-0.653461
-0.454886
-0.777419
-0.999584
-0.999788
-0.701254
-0.664532
-0.514766
-0.842328
-0.996470
-0.999866
-0.912657
-0.461925
-0.997477
-0.698365
-0.999665
-0.999720
-0.943671
-0.939335
-0.488264
-0.997463
-0.999709
-0.999794
-0.993392
-0.690058
-0.676600
-0.993255
-0.999396
-0.999597
-0.742738
-0.698847
-0.558821
-0.999790
-0.999710
-0.999874
-0.954099
-0.530893
-0.610170
-0.711567
-0.999488
-0.999515
-0.999819
-0.664659
-0.500221
-0.779690
-0.999576
-0.999793
-0.701648
-0.650194
-0.509099
-0.839264
-0.996533
-0.999866
-0.912814
-0.452182
-0.997779
-0.693314
-0.999674
-0.999912
-0.944614
-0.942705
-0.537660
-0.997377
-0.999704
-0.999789
-0.993391
-0.680128
-0.680501
-0.993180
-0.999444
-0.999608
-0.736087
-0.713589
-0.555864
-0.999788
-0.999711
-0.999239
-0.953281
-0.541793
-0.607250
-0.694909
-0.999483
-0.999476
-0.999821
-0.649079
-0.493311
-0.757451
-0.999567
-0.999797
-0.734320
-0.649432
-0.502128
-0.846076
-0.996374
-0.999862
-0.911879
-0.449794
-0.997671
-0.690045
-0.999681
-0.999911
-0.944920
-0.938361
-0.528043
-0.997426
-0.999708
-0.999794
-0.993744
-0.684634
-0.670282
-0.993407
-0.999442
-0.999612
-0.739749
-0.684612
-0.580587
-0.999802
-0.999724
-0.999259
-0.950643
-0.525796
-0.593140
-0.699408
-0.999491
-0.999502
-0.999819
-0.632814
-0.501142
-0.773891
-0.999552
-0.999781
-0.708661
-0.621548
-0.494564
-0.857620
-0.996396
-0.999870
-0.909714
-0.414114
-0.997674
-0.692966
-0.999669
-0.999737
-0.942961
-0.938466
-0.506470
