-0.929771
-0.929470
-0.948150
-0.760460
-0.446755
-0.519023
-0.844198
-0.919026
-0.965480
-0.850448
-0.469692
-0.418048
-0.938450
-0.947833
-0.868393
-0.793237
-0.404898
-0.526395
-0.828701
-0.927070
-0.917419
-0.768368
-0.432774
-0.400107
-0.852016
-0.855504
-0.926490
-0.869767
-0.390818
-0.262581
-0.589156
-0.421011
-0.955146
-0.772958
-0.310511
-0.488225
-0.692235
-0.453923
-0.958268
-0.691875
-0.374761
-0.527677
-0.929208
-0.927427
-0.950104
-0.749464
-0.430503
-0.524881
-0.841985
-0.914968
-0.966641
-0.844646
-0.487331
-0.421838
-0.936921
-0.947621
-0.878239
-0.777767
-0.448767
-0.521727
-0.822221
-0.930887
-0.923788
-0.753895
-0.465919
-0.399124
-0.849945
-0.868220
-0.926241
-0.863407
-0.417772
-0.303122
-0.623245
-0.520882
-0.952148
-0.768694
-0.341966
-0.486272
-0.711915
-0.513955
-0.957230
-0.678979
-0.361706
-0.530356
-0.934011
-0.929860
-0.948855
-0.738202
-0.442741
-0.517718
-0.851960
-0.919314
-0.965062
-0.842380
-0.485665
-0.428696
-0.938316
-0.948564
-0.883947
-0.774234
-0.433884
-0.520674
-0.820895
-0.930825
-0.922788
-0.749883
-0.453588
-0.422185
-0.844677
-0.859651
-0.926151
-0.865030
-0.419386
-0.325482
-0.615026
-0.459339
-0.954800
-0.782185
-0.285959
-0.488370
-0.727134
-0.491875
-0.957915
-0.715081
-0.341116
-0.539333
-0.932206
-0.926703
-0.948268
-0.770350
-0.422428
-0.530285
-0.845351
-0.913735
-0.965483
-0.866565
-0.502965
-0.432157
-0.939402
-0.947863
-0.882898
-0.813827
-0.432264
-0.531790
-0.824761
-0.925169
-0.923188
-0.785288
-0.468979
-0.417419
-0.851304
-0.846478
-0.926097
-0.876932
-0.468177
-0.302615
-0.648100
-0.445870
-0.954044
-0.808474
-0.368612
-0.493991
-0.746403
-0.505196
-0.957517
-0.746955
-0.454458
-0.556553
-0.935689
-0.927009
-0.948019
-0.782209
-0.456244
-0.529085
-0.861614
-0.917344
-0.964814
-0.860565
-0.545518
-0.426345
-0.940521
-0.948908
-0.878195
-0.800867
-0.431403
-0.542794
-0.814228
-0.933089
-0.918483
-0.752765
-0.444012
-0.403681
-0.840409
-0.860774
-0.927512
-0.855194
-0.401534
-0.277045
-0.566398
-0.463949
-0.954432
-0.768470
-0.321622
-0.490398
-0.694177
-0.498684
-0.958161
-0.678807
-0.363274
-0.542372
-0.926915
-0.932346
-0.948983
-0.726426
-0.431593
-0.528392
-0.826713
-0.911554
-0.965732
-0.838692
-0.510974
-0.410003
-0.936749
-0.946838
-0.881111
-0.782666
-0.439566
-0.535683
-0.803483
-0.920681
-0.923765
-0.736742
-0.440276
-0.403132
-0.836779
-0.833107
-0.929586
-0.858511
-0.396727
-0.282379
-0.552756
-0.376658
-0.955546
-0.771063
-0.310033
-0.505291
-0.700059
-0.517309
-0.958203
-0.679748
-0.373801
-0.540699
-0.928126
-0.928453
-0.949811
-0.731181
-0.439120
-0.534523
-0.830732
-0.913856
-0.966259
-0.849776
-0.510679
-0.425664
-0.937048
-0.947669
-0.886427
-0.785676
-0.446973
-0.538595
-0.800780
-0.923731
-0.926272
-0.748676
-0.454394
-0.384419
-0.837702
-0.850184
-0.928655
-0.867172
-0.404647
-0.290835
-0.590544
-0.422473
-0.954475
-0.779648
-0.312913
-0.490161
-0.727694
-0.453097
-0.958383
-0.701275
-0.396124
-0.527631
-0.932385
-0.928467
-0.949419
-0.764557
-0.441673
-0.519293
-0.839567
-0.912735
-0.965292
-0.862963
-0.515878
-0.397353
-0.937606
-0.947392
-0.873682
-0.792888
-0.446841
-0.527346
-0.807297
-0.920923
-0.919103
-0.748596
-0.468005
-0.374799
-0.839815
-0.840913
-0.926494
-0.863305
-0.438848
-0.292180
-0.616178
-0.409159
-0.955152
-0.779246
-0.315260
-0.499809
-0.693713
-0.478346
-0.958223
-0.706706
-0.395493
-0.542658
-0.927477
-0.929137
-0.948979
-0.778351
-0.439424
-0.554010
-0.831063
-0.915098
-0.966103
-0.869393
-0.503098
-0.453628
-0.937347
-0.948380
-0.883668
-0.822914
-0.444097
-0.547531
-0.804885
-0.929443
-0.924240
-0.789097
-0.474070
-0.389440
-0.842412
-0.860805
-0.929967
-0.871694
-0.434846
-0.304774
-0.632747
-0.488286
-0.958325
-0.789615
-0.293308
-0.484362
-0.698538
-0.515922
-0.958735
-0.712351
-0.396328
-0.517392
-0.930922
-0.928438
-0.950857
-0.745233
-0.446100
-0.525714
-0.835910
-0.916292
-0.966281
-0.848013
-0.498980
-0.428972
-0.936488
-0.948651
-0.885678
-0.796650
-0.450930
-0.528076
-0.797999
-0.932242
-0.923521
-0.766696
-0.468014
-0.347088
-0.837847
-0.862788
-0.926363
-0.865212
-0.412478
-0.281644
-0.541357
-0.484158
-0.953362
-0.779070
-0.307398
-0.478191
-0.654240
-0.526063
-0.957606
-0.707622
-0.383833
-0.531307
-0.926726
-0.928553
-0.948035
-0.751694
-0.436396
-0.531727
-0.827619
-0.917439
-0.966226
-0.848793
-0.490709
-0.423296
-0.936180
-0.948534
-0.885000
-0.802616
-0.433609
-0.524246
-0.804421
-0.932683
-0.927609
-0.762779
-0.437419
-0.372091
-0.839664
-0.860853
-0.927772
-0.868438
-0.397745
-0.289323
-0.554410
-0.480146
-0.953927
-0.791682
-0.315475
-0.493400
-0.693743
-0.510253
-0.957791
-0.722360
-0.385266
-0.539759
-0.934040
-0.927556
-0.947504
-0.769083
-0.447736
-0.519966
-0.835365
-0.912171
-0.965856
-0.860798
-0.495295
-0.412303
-0.937405
-0.946962
-0.870869
-0.811616
-0.435847
-0.542908
-0.809772
-0.922763
-0.920574
-0.764588
-0.449679
-0.392231
-0.840313
-0.838128
-0.926162
-0.866485
-0.433607
-0.307442
-0.573481
-0.418833
-0.954202
-0.776000
-0.320456
-0.495806
-0.714643
-0.489888
-0.957994
-0.717508
-0.398469
-0.539182
-0.928844
-0.929307
-0.949958
-0.767148
-0.445220
-0.528443
-0.832116
-0.914405
-0.966358
-0.851376
-0.494107
-0.444439
-0.937121
-0.947465
-0.878331
-0.784300
-0.434369
-0.600925
-0.803441
-0.924121
-0.924568
-0.748105
-0.464942
-0.413413
-0.838297
-0.840402
-0.928040
-0.857930
-0.414369
-0.346800
-0.585910
-0.379144
-0.955381
-0.768640
-0.313849
-0.502104
-0.715902
-0.447146
-0.958451
-0.686442
-0.396813
-0.543913
-0.930198
-0.928164
-0.949609
-0.739484
-0.443530
-0.530916
-0.844311
-0.911968
-0.965855
-0.849812
-0.498444
-0.432430
-0.938530
-0.947672
-0.876662
-0.787988
-0.437004
-0.520610
-0.828869
-0.924516
-0.920888
-0.764402
-0.455112
-0.382147
-0.844338
-0.846561
-0.925414
-0.872237
-0.391731
-0.343716
-0.605078
-0.466179
-0.952184
-0.790240
-0.309629
-0.481531
-0.703402
-0.491873
-0.957528
-0.705802
-0.376642
-0.534598
-0.932593
-0.928102
-0.947659
-0.746401
-0.428651
-0.522545
-0.834969
-0.915502
-0.964965
-0.853269
-0.480162
-0.420274
-0.938317
-0.947981
-0.878240
-0.788459
-0.424285
-0.523736
-0.820667
-0.925505
-0.927538
-0.747009
-0.448425
-0.387465
-0.845771
-0.859321
-0.927593
-0.860675
-0.400633
-0.308157
-0.593916
-0.479968
-0.954380
-0.775937
-0.329815
-0.483134
-0.701534
-0.466890
-0.958212
-0.686167
-0.361171
-0.525368
-0.928390
-0.926667
-0.949804
-0.738818
-0.433922
-0.518359
-0.829981
-0.913803
-0.966236
-0.850001
-0.509550
-0.435583
-0.937274
-0.948579
-0.890801
-0.779872
-0.448513
-0.560601
-0.802565
-0.922769
-0.927988
-0.748631
-0.451031
-0.375120
-0.839044
-0.853273
-0.927995
-0.858748
-0.423637
-0.297622
-0.576735
-0.476042
-0.955601
-0.765342
-0.309759
-0.497001
-0.690230
-0.497409
-0.957871
-0.682604
-0.347974
-0.537498
-0.926262
-0.927467
-0.948032
-0.741716
-0.423317
-0.515560
-0.840632
-0.915804
-0.965287
-0.848747
-0.491509
-0.418587
-0.938611
-0.947732
-0.871077
-0.786572
-0.416159
-0.529077
-0.816451
-0.927915
-0.914204
-0.768807
-0.446677
-0.376960
-0.846567
-0.855067
-0.924374
-0.869178
-0.401276
-0.285199
-0.643203
-0.455159
-0.952892
-0.793270
-0.278486
-0.497429
-0.727851
-0.515587
-0.957674
-0.742505
-0.367233
-0.534120
-0.933331
-0.927755
-0.948904
-0.773063
-0.434943
-0.514737
-0.841902
-0.912683
-0.966067
-0.857835
-0.505591
-0.408767
-0.937261
-0.947514
-0.890882
-0.806579
-0.434044
-0.527084
-0.799973
-0.923524
-0.927344
-0.766222
-0.466353
-0.377260
-0.837927
-0.838496
-0.928225
-0.860759
-0.387839
-0.271218
-0.560028
-0.409955
-0.956682
-0.773493
-0.283643
-0.485265
-0.673789
-0.510433
-0.959484
-0.689707
-0.385089
-0.533960
-0.929693
-0.929108
-0.947422
-0.731120
-0.418677
-0.507961
-0.846956
-0.915860
-0.965271
-0.843631
-0.490732
-0.408071
-0.938127
-0.947680
-0.876554
-0.780195
-0.431105
-0.530742
-0.806937
-0.924754
-0.921108
-0.757791
-0.454952
-0.392935
-0.840745
-0.846367
-0.925151
-0.867855
-0.393407
-0.281450
-0.607731
-0.412888
-0.954982
-0.787981
-0.316083
-0.473374
-0.704026
-0.485217
-0.957582
-0.714627
-0.369363
-0.541641
-0.930493
-0.927542
-0.947372
-0.745989
-0.442066
-0.508109
-0.853344
-0.915378
-0.965676
-0.847913
-0.514636
-0.417052
-0.938469
-0.947555
-0.876769
-0.783322
-0.441749
-0.541734
-0.804173
-0.922529
-0.923389
-0.753582
-0.469499
-0.401429
-0.842038
-0.843432
-0.928559
-0.863154
-0.450416
-0.293175
-0.615849
-0.432891
-0.955349
-0.794713
-0.312336
-0.473153
-0.651683
-0.430412
-0.959772
-0.722562
-0.369758
-0.548680
-0.926664
-0.926503
-0.949631
-0.747912
-0.435326
-0.518017
-0.829075
-0.911957
-0.966059
-0.846938
-0.482720
-0.423367
-0.937219
-0.947420
-0.873678
-0.780230
-0.423672
-0.517188
-0.791995
-0.919494
-0.915377
-0.740394
-0.441370
-0.387702
-0.836221
-0.839585
-0.924394
-0.860130
-0.393028
-0.271439
-0.590871
-0.434276
-0.951775
-0.789086
-0.284596
-0.454549
-0.687866
-0.452112
-0.958063
-0.690356
-0.381722
-0.523954
-0.928032
-0.927195
-0.947505
-0.748206
-0.449373
-0.507047
-0.831505
-0.912244
-0.965562
-0.850089
-0.491676
-0.423032
-0.937841
-0.946860
-0.878027
-0.778023
-0.444868
-0.527289
-0.805930
-0.922762
-0.922643
-0.743388
-0.474930
-0.396071
-0.836993
-0.842051
-0.924741
-0.866416
-0.436144
-0.300679
-0.558573
-0.455069
-0.953811
-0.771006
-0.353936
-0.505768
-0.674553
-0.482664
-0.958466
-0.677278
-0.392261
-0.584202
-0.924474
-0.928402
-0.949178
-0.740920
-0.436802
-0.536492
-0.821960
-0.912184
-0.966390
-0.849638
-0.490944
-0.449088
-0.935818
-0.946979
-0.878988
-0.766840
-0.429458
-0.561502
-0.794720
-0.921448
-0.922875
-0.738074
-0.437369
-0.392671
-0.833458
-0.829420
-0.925689
-0.852064
-0.395091
-0.273575
-0.529912
-0.368515
-0.955906
-0.764108
-0.291927
-0.471374
-0.673897
-0.471106
-0.959507
-0.663512
-0.363208
-0.545699
-0.927947
-0.928190
-0.949498
-0.724985
-0.436171
-0.510296
-0.830909
-0.913172
-0.966191
-0.843384
-0.488611
-0.422077
-0.936666
-0.947158
-0.878732
-0.782641
-0.419011
-0.525395
-0.806243
-0.924475
-0.916085
-0.750082
-0.439817
-0.382409
-0.840266
-0.843435
-0.923391
-0.858876
-0.389879
-0.274857
-0.579599
-0.429934
-0.952685
-0.771868
-0.314670
-0.496529
-0.698191
-0.514272
-0.957250
-0.683549
-0.365927
-0.539819
-0.930561
-0.927726
-0.948089
-0.718552
-0.436431
-0.523176
-0.831120
-0.912981
-0.966199
-0.838992
-0.487591
-0.423352
-0.937502
-0.947125
-0.881010
-0.776870
-0.435786
-0.529438
-0.806293
-0.923929
-0.920484
-0.733850
-0.447112
-0.379768
-0.838450
-0.840871
-0.925876
-0.851732
-0.390064
-0.307878
-0.554572
-0.431088
-0.954407
-0.763670
-0.302830
-0.495693
-0.698474
-0.497917
-0.957985
-0.679940
-0.354229
-0.542930
-0.928570
-0.927276
-0.950507
-0.721661
-0.431924
-0.524965
-0.833506
-0.915175
-0.966126
-0.844008
-0.486892
-0.426914
-0.937371
-0.947436
-0.889083
-0.777285
-0.428614
-0.536697
-0.811409
-0.927350
-0.922390
-0.742006
-0.429896
-0.386162
-0.837888
-0.853692
-0.927653
-0.855712
-0.408222
-0.312515
-0.546028
-0.423212
-0.954978
-0.774235
-0.299911
-0.495432
-0.655637
-0.486095
-0.956650
-0.680168
-0.376327
-0.549951
-0.925578
-0.926967
-0.945567
-0.735265
-0.434770
-0.528956
-0.818855
-0.913404
-0.965627
-0.842183
-0.491884
-0.420680
-0.936789
-0.947098
-0.867711
-0.780994
-0.430509
-0.525313
-0.801747
-0.925358
-0.910602
-0.747328
-0.453708
-0.393486
-0.842664
-0.845113
-0.926418
-0.857703
-0.411589
-0.281422
-0.586475
-0.409752
-0.954722
-0.771198
-0.322741
-0.486992
-0.714831
-0.509290
-0.957655
-0.685666
-0.383523
-0.549923
-0.930081
-0.928298
-0.946802
-0.740650
-0.421395
-0.545451
-0.830360
-0.912902
-0.966285
-0.844659
-0.491874
-0.435603
-0.937675
-0.947556
-0.869970
-0.783398
-0.423457
-0.541678
-0.797876
-0.925268
-0.912996
-0.749007
-0.441523
-0.385997
-0.836895
-0.848289
-0.925419
-0.851966
-0.392729
-0.292052
-0.549744
-0.411749
-0.955324
-0.770083
-0.317184
-0.470520
-0.652184
-0.487392
-0.957941
-0.691264
-0.382616
-0.543152
-0.924352
-0.925281
-0.949205
-0.738684
-0.442462
-0.504980
-0.822150
-0.910719
-0.965836
-0.843170
-0.496478
-0.411497
-0.936586
-0.947187
-0.887684
-0.792463
-0.451851
-0.503749
-0.785231
-0.924188
-0.927115
-0.761773
-0.484155
-0.370858
-0.835690
-0.839981
-0.926779
-0.856118
-0.412590
-0.296266
-0.541005
-0.415011
-0.953197
-0.782509
-0.312981
-0.481166
-0.656838
-0.504222
-0.958054
-0.725948
-0.414300
-0.534831
-0.925358
-0.928233
-0.946733
-0.755666
-0.450707
-0.496256
-0.825176
-0.913947
-0.965007
-0.848670
-0.495047
-0.415880
-0.935998
-0.947926
-0.866940
-0.798990
-0.447391
-0.501743
-0.797044
-0.928586
-0.912846
-0.776439
-0.479678
-0.376099
-0.836290
-0.848206
-0.921846
-0.867395
-0.419723
-0.268820
-0.544767
-0.441524
-0.949593
-0.771881
-0.307369
-0.467828
-0.679207
-0.450598
-0.957492
-0.697062
-0.386859
-0.518678
-0.925381
-0.927415
-0.944156
-0.734513
-0.451790
-0.499764
-0.813477
-0.911885
-0.964907
-0.839547
-0.506715
-0.423678
-0.936569
-0.947560
-0.865415
-0.768983
-0.457350
-0.538139
-0.793517
-0.920008
-0.913464
-0.753645
-0.482285
-0.390251
-0.834140
-0.826152
-0.921720
-0.857959
-0.424918
-0.303174
-0.513912
-0.383373
-0.952933
-0.772840
-0.322970
-0.484495
-0.650028
-0.501680
-0.957065
-0.698879
-0.393696
-0.535141
-0.926289
-0.928918
-0.946179
-0.748856
-0.447574
-0.496446
-0.819640
-0.918287
-0.965476
-0.849333
-0.499780
-0.410310
-0.937231
-0.947832
-0.878301
-0.792768
-0.438616
-0.512932
-0.793148
-0.926752
-0.916447
-0.772939
-0.461781
-0.362196
-0.836582
-0.848479
-0.923596
-0.862145
-0.424205
-0.265044
-0.551827
-0.450771
-0.954026
-0.775972
-0.349575
-0.485358
-0.651252
-0.443141
-0.957473
-0.705619
-0.438880
-0.535024
-0.925777
-0.928870
-0.946643
-0.759026
-0.458714
-0.512088
-0.821064
-0.912955
-0.965331
-0.849512
-0.522024
-0.413294
-0.936862
-0.946807
-0.874930
-0.790306
-0.468049
-0.513839
-0.786521
-0.922995
-0.923398
-0.756487
-0.481761
-0.391391
-0.835747
-0.838549
-0.928056
-0.859162
-0.429115
-0.308180
-0.543579
-0.441948
-0.955845
-0.779167
-0.317092
-0.515800
-0.653280
-0.516292
-0.958292
-0.730556
-0.389680
-0.541034
