0.120989 0.158681 0.140168 0.139906 0.133419 0.167575 0.139262
0.177337 0.154244 0.124693 0.124693 0.148620 0.129244 0.141169
0.130310 0.148645 0.148645 0.148635 0.145222 0.149858 0.128686
0.169242 0.133583 0.137089 0.137089 0.116505 0.131377 0.175115
0.151212 0.148807 0.158807 0.142141 0.135725 0.123807 0.139500
0.135326 0.147033 0.147033 0.144306 0.141527 0.146785 0.137990
0.140382 0.147855 0.147855 0.147855 0.127254 0.147855 0.140946
0.167918 0.129542 0.128669 0.133320 0.135890 0.129673 0.174987
0.160647 0.126898 0.118176 0.143176 0.122442 0.142909 0.185751
0.164841 0.132850 0.146516 0.145350 0.137036 0.143191 0.130215
0.142310 0.144856 0.142445 0.144856 0.148692 0.137412 0.139429
0.118812 0.142917 0.129573 0.142917 0.144924 0.159848 0.161008
0.130749 0.140329 0.134251 0.140329 0.125962 0.139190 0.189190
0.183188 0.143188 0.144411 0.143188 0.123219 0.133232 0.129575
0.160266 0.136475 0.130006 0.136475 0.159212 0.140642 0.136925
0.134557 0.132787 0.124183 0.132787 0.141586 0.197296 0.136803
0.131755 0.145734 0.145849 0.145734 0.141223 0.146383 0.143322
0.113206 0.136329 0.123829 0.135471 0.169142 0.136012 0.186012
0.136813 0.148751 0.145366 0.138751 0.132860 0.147089 0.150371
0.142554 0.150888 0.150620 0.152081 0.133729 0.132535 0.137593
0.139841 0.138225 0.136075 0.135051 0.182899 0.138121 0.129788
0.133378 0.146736 0.138403 0.123378 0.132720 0.162693 0.162693
0.145423 0.141238 0.158169 0.133922 0.148323 0.136462 0.136462
0.146494 0.146111 0.148837 0.136559 0.139769 0.141115 0.141115
0.112821 0.152281 0.152291 0.122269 0.135528 0.170296 0.154514
0.128258 0.160278 0.156500 0.137565 0.142675 0.147778 0.126945
0.136032 0.141540 0.179040 0.149978 0.107365 0.134690 0.151357
0.135436 0.150924 0.153985 0.135878 0.125239 0.150475 0.148063
0.141520 0.150639 0.150639 0.133379 0.134083 0.152362 0.137377
0.132624 0.143908 0.140626 0.140200 0.138476 0.160575 0.143590
0.164281 0.130610 0.122277 0.113397 0.158215 0.147277 0.163944
0.132607 0.143823 0.143823 0.118479 0.137748 0.140045 0.183474
0.133072 0.149448 0.149448 0.160075 0.151230 0.136955 0.119772
0.116240 0.142144 0.142144 0.144162 0.186155 0.142144 0.127009
0.145206 0.140523 0.140523 0.134687 0.141590 0.140523 0.156948
0.149330 0.138298 0.138298 0.159528 0.137518 0.138298 0.138730
0.180517 0.132050 0.132923 0.150096 0.122196 0.132923 0.149297
0.134190 0.133088 0.145588 0.176772 0.130347 0.141810 0.138203
0.154559 0.150361 0.149195 0.133761 0.145427 0.136695 0.130002
0.125749 0.139417 0.142672 0.125146 0.159222 0.142672 0.165123
0.138833 0.119200 0.140033 0.109691 0.162622 0.140033 0.189588
0.127194 0.156069 0.152591 0.125680 0.139469 0.152591 0.146406
0.121564 0.142610 0.132309 0.193551 0.137064 0.144809 0.128092
0.138012 0.138492 0.138595 0.137385 0.147582 0.151095 0.148838
0.128377 0.144252 0.158710 0.137514 0.128647 0.142917 0.159583
0.166834 0.128309 0.128260 0.124756 0.142902 0.143172 0.165766
0.124823 0.131890 0.142208 0.174840 0.140995 0.146871 0.138373
0.131521 0.151968 0.144988 0.142796 0.131885 0.154385 0.142457
0.156941 0.139808 0.143190 0.129729 0.142229 0.154467 0.133634
0.144323 0.144675 0.147386 0.138084 0.139101 0.151601 0.134831
0.117886 0.134083 0.135035 0.152161 0.160495 0.143818 0.156523
0.147247 0.155343 0.137598 0.151738 0.139341 0.141753 0.126978
0.150187 0.138932 0.138496 0.152904 0.150447 0.138766 0.130268
0.132863 0.130287 0.153306 0.144362 0.145867 0.142650 0.150665
0.133223 0.181331 0.131607 0.128097 0.135247 0.145247 0.145247
0.171835 0.140236 0.135022 0.115784 0.142559 0.149414 0.145150
0.137253 0.147817 0.144584 0.131635 0.135658 0.151751 0.151302
0.136720 0.145860 0.147264 0.145858 0.127860 0.149401 0.147037
0.178474 0.133561 0.131651 0.129452 0.138559 0.144151 0.144151
0.120717 0.140401 0.152666 0.160990 0.141091 0.133734 0.150401
0.138004 0.148443 0.144402 0.150658 0.131365 0.145453 0.141675
0.125465 0.145786 0.179015 0.141522 0.129136 0.145786 0.133292
0.136320 0.143402 0.146182 0.139475 0.140281 0.147170 0.147170
0.140240 0.140104 0.137740 0.137473 0.139236 0.152604 0.152604
0.157477 0.169714 0.128932 0.130054 0.132729 0.144714 0.136380
0.149397 0.148277 0.138180 0.138180 0.142656 0.145393 0.137918
0.141198 0.132061 0.141188 0.137675 0.127533 0.132061 0.188283
0.139911 0.154452 0.144281 0.131781 0.129538 0.157965 0.142072
0.150726 0.132259 0.145726 0.145736 0.151224 0.142259 0.132070
0.150886 0.135053 0.159308 0.159308 0.134746 0.135053 0.125645
0.107572 0.134508 0.134873 0.184873 0.121522 0.147008 0.169646
0.130336 0.124927 0.138824 0.141884 0.190856 0.137427 0.135747
0.140446 0.150340 0.123829 0.123829 0.180618 0.133673 0.147264
0.121052 0.143383 0.130487 0.127205 0.194148 0.145794 0.137931
0.132473 0.142249 0.146920 0.138587 0.146684 0.147234 0.145854
0.128876 0.129462 0.125751 0.125751 0.176230 0.128114 0.185815
0.124462 0.152205 0.142661 0.142661 0.136860 0.153063 0.148088
0.129663 0.139160 0.153692 0.153692 0.123804 0.153430 0.146558
0.146498 0.157856 0.153167 0.136500 0.127913 0.140445 0.137622
0.143482 0.147026 0.151432 0.134765 0.115612 0.135023 0.172660
0.143394 0.142885 0.125628 0.139017 0.134862 0.166274 0.147940
0.148260 0.140753 0.125508 0.139640 0.135335 0.135858 0.174646
0.161540 0.139881 0.142871 0.136194 0.158684 0.133204 0.127627
0.132523 0.149619 0.157059 0.144239 0.144455 0.140727 0.131378
0.119804 0.141052 0.147553 0.147553 0.150013 0.141320 0.152706
0.131951 0.149608 0.139365 0.145039 0.138960 0.147539 0.147539
0.137222 0.139116 0.174116 0.171128 0.113378 0.136128 0.128912
0.122834 0.144603 0.147223 0.143873 0.122044 0.165989 0.153433
0.171842 0.140158 0.143936 0.145521 0.130638 0.143220 0.124685
0.169144 0.132582 0.124893 0.139874 0.151634 0.155520 0.126353
0.160508 0.138783 0.111259 0.124115 0.152668 0.152167 0.160500
0.142642 0.157103 0.134603 0.143895 0.147311 0.130551 0.143895
0.125718 0.145500 0.141275 0.137601 0.188366 0.127867 0.133673
0.126006 0.149253 0.141414 0.143705 0.146343 0.150020 0.143259
0.138396 0.138850 0.133675 0.156175 0.128581 0.150406 0.153918
0.143647 0.143973 0.156334 0.141473 0.139962 0.133139 0.141473
0.125949 0.164389 0.134720 0.128053 0.108635 0.185201 0.153053
0.138165 0.165545 0.136157 0.123425 0.167918 0.148878 0.119912
0.138364 0.140022 0.147272 0.151627 0.140614 0.140467 0.141634
0.175862 0.134375 0.129449 0.148373 0.121126 0.150775 0.140040
0.159934 0.149379 0.133151 0.143151 0.132348 0.147219 0.134818
0.154224 0.138736 0.127779 0.122571 0.156945 0.126316 0.173429
0.113723 0.149382 0.166943 0.139388 0.149507 0.132980 0.148077
0.131013 0.142983 0.151255 0.136615 0.154243 0.139471 0.144419
0.138328 0.152932 0.138016 0.144345 0.145663 0.142942 0.137774
0.118326 0.144319 0.171813 0.124723 0.150909 0.144319 0.145590
0.129828 0.127734 0.145085 0.131318 0.147549 0.177734 0.140753
0.146251 0.141629 0.133639 0.141931 0.149471 0.145548 0.141531
0.131079 0.150013 0.141863 0.129786 0.146510 0.160013 0.140737
0.181442 0.145133 0.136251 0.122959 0.139808 0.140657 0.133751
0.123795 0.134034 0.132959 0.122800 0.184305 0.128001 0.174106
0.133191 0.124848 0.153728 0.152334 0.130389 0.134848 0.170662
0.133621 0.140190 0.152336 0.127079 0.156857 0.137828 0.152089
0.174947 0.141324 0.132736 0.135806 0.137781 0.141324 0.136084
0.134413 0.148844 0.148592 0.130495 0.136060 0.151920 0.149676
0.142234 0.163292 0.137707 0.126372 0.138282 0.153561 0.138551
0.148206 0.130802 0.141402 0.152414 0.147468 0.150919 0.128789
0.128856 0.139245 0.154634 0.137230 0.143411 0.163611 0.133014
0.141627 0.151351 0.180025 0.128117 0.136265 0.128588 0.134027
0.129073 0.144395 0.129156 0.171009 0.146056 0.148418 0.131895
0.122044 0.141161 0.153254 0.147325 0.139204 0.134188 0.162823
0.122761 0.132233 0.144305 0.124896 0.173753 0.128152 0.173900
0.131405 0.168589 0.131609 0.119887 0.165092 0.140909 0.142510
0.122675 0.145688 0.147205 0.165509 0.140630 0.132715 0.145577
0.136126 0.138112 0.136406 0.130460 0.165821 0.129963 0.163112
0.178270 0.138959 0.136619 0.130941 0.139482 0.135216 0.140514
0.138839 0.156273 0.141538 0.131878 0.152003 0.138197 0.141273
0.130903 0.162842 0.135342 0.133110 0.165515 0.132781 0.139507
0.141663 0.134543 0.154554 0.153132 0.142454 0.141336 0.132318
0.118179 0.162046 0.133498 0.156067 0.127237 0.140899 0.162074
0.119813 0.135968 0.169541 0.119998 0.163530 0.136410 0.154740
0.141284 0.141742 0.151781 0.134993 0.146017 0.141421 0.142763
0.165672 0.146395 0.142598 0.171016 0.128353 0.116238 0.129728
0.148291 0.156804 0.136730 0.155287 0.140985 0.126067 0.135835
0.146619 0.119695 0.130322 0.138321 0.166882 0.156425 0.141737
0.126238 0.142072 0.145380 0.154066 0.151252 0.152189 0.128803
0.117034 0.143570 0.145051 0.183687 0.140296 0.142323 0.128039
0.123953 0.128599 0.146028 0.181390 0.136134 0.143985 0.139912
0.105634 0.166030 0.125447 0.160841 0.130856 0.117835 0.193356
0.144088 0.140999 0.120867 0.112079 0.161330 0.161601 0.159036
0.146225 0.143259 0.148643 0.123317 0.146733 0.149617 0.142206
0.133392 0.148984 0.143018 0.132894 0.146772 0.146782 0.148157
0.133648 0.146920 0.138919 0.137353 0.149177 0.144807 0.149177
0.130804 0.129605 0.139710 0.117500 0.152105 0.182105 0.148171
0.130335 0.136125 0.154744 0.159638 0.152528 0.135665 0.130966
0.119255 0.154680 0.148916 0.145701 0.173993 0.130025 0.127430
0.160137 0.150397 0.147618 0.121471 0.135386 0.134605 0.150386
0.119411 0.139846 0.136355 0.160958 0.143545 0.135040 0.164846
0.153714 0.168363 0.126401 0.121562 0.146489 0.140108 0.143363
0.170316 0.147783 0.168850 0.116929 0.131086 0.120131 0.144905
0.169983 0.144168 0.147052 0.125586 0.142337 0.143291 0.127582
0.123776 0.155736 0.163928 0.149436 0.147251 0.138126 0.121749
0.192073 0.129512 0.136453 0.141514 0.135695 0.116908 0.147845
0.108459 0.134739 0.151362 0.149811 0.136092 0.137211 0.182327
0.130719 0.143101 0.135985 0.186317 0.130737 0.140737 0.132403
0.144203 0.150597 0.139290 0.167715 0.125947 0.134460 0.137788
0.166543 0.143209 0.137396 0.132176 0.132837 0.143204 0.144634
0.144598 0.144025 0.124019 0.145495 0.135242 0.166866 0.139755
0.136742 0.146368 0.148730 0.138420 0.146540 0.140929 0.142271
0.132638 0.148475 0.149318 0.132488 0.140985 0.149583 0.146513
0.131392 0.132638 0.137895 0.146381 0.157041 0.154983 0.139670
0.178811 0.126156 0.134665 0.143706 0.137392 0.127671 0.151600
0.128322 0.138044 0.141753 0.124803 0.137233 0.139923 0.189923
0.140154 0.117445 0.147246 0.137940 0.129828 0.186801 0.140585
0.126784 0.150731 0.156477 0.129912 0.131356 0.147647 0.157092
0.131300 0.152460 0.140010 0.128281 0.142930 0.152510 0.152510
0.147208 0.134733 0.152056 0.131280 0.136244 0.147598 0.150880
0.143471 0.145863 0.145398 0.150418 0.137565 0.139476 0.137809
0.125616 0.143507 0.158435 0.121149 0.173201 0.145935 0.132157
0.123421 0.129131 0.149989 0.155078 0.143464 0.144850 0.154068
0.119272 0.126689 0.145821 0.134182 0.192154 0.145821 0.136060
0.121565 0.149303 0.129055 0.170439 0.147124 0.136837 0.145677
0.176288 0.136100 0.129286 0.140467 0.126027 0.139556 0.152276
0.173865 0.135555 0.140816 0.130681 0.129763 0.144037 0.145283
0.113007 0.207096 0.117322 0.135290 0.146663 0.139822 0.140800
0.143777 0.171722 0.135706 0.135989 0.144505 0.134250 0.134050
0.143400 0.122828 0.132166 0.179965 0.132221 0.134466 0.154954
0.107299 0.158137 0.129538 0.163535 0.160465 0.139528 0.141497
0.124190 0.121873 0.132427 0.179842 0.154842 0.130909 0.155915
0.140655 0.115732 0.149765 0.160176 0.146792 0.141431 0.145450
0.120598 0.154236 0.140424 0.145894 0.151494 0.140409 0.146945
0.132881 0.146064 0.143858 0.142287 0.142287 0.146326 0.146297
0.119447 0.142573 0.132103 0.129932 0.133709 0.146471 0.195764
0.160600 0.145837 0.126093 0.133604 0.146104 0.146114 0.141648
0.154175 0.162317 0.139750 0.139476 0.139476 0.139486 0.125320
0.157721 0.129324 0.147793 0.131261 0.134774 0.151440 0.147686
0.147567 0.139205 0.158076 0.128940 0.138940 0.145833 0.141440
0.119991 0.148349 0.152429 0.151861 0.151861 0.142088 0.133420
0.148029 0.130759 0.153637 0.140749 0.130749 0.153637 0.142440
0.125017 0.155138 0.142009 0.155138 0.144295 0.136449 0.141953
0.118515 0.187606 0.125106 0.137606 0.154272 0.119277 0.157620
0.160249 0.136918 0.130355 0.133857 0.132779 0.126872 0.178970
0.171513 0.142526 0.131637 0.141637 0.134904 0.143748 0.134034
0.121673 0.148412 0.185027 0.135027 0.128079 0.145224 0.136558
0.170726 0.131314 0.143847 0.140786 0.143265 0.130864 0.139198
0.138493 0.142657 0.140123 0.140123 0.135331 0.141914 0.161359
0.174018 0.150634 0.130685 0.133967 0.119874 0.140634 0.150188
0.141009 0.139066 0.132891 0.141224 0.139050 0.153279 0.153482
0.136889 0.146959 0.146959 0.146959 0.134166 0.144391 0.143677
0.121761 0.148306 0.143637 0.143637 0.151527 0.136153 0.154979
0.169375 0.142553 0.142281 0.142281 0.142708 0.136581 0.124220
0.155479 0.140699 0.138219 0.137375 0.129891 0.140964 0.157372
0.159970 0.143550 0.126884 0.117677 0.124566 0.139616 0.187737
0.113309 0.156158 0.156418 0.145141 0.143650 0.155899 0.129425
0.122512 0.142641 0.142641 0.141607 0.187902 0.136606 0.126091
0.128275 0.143439 0.143449 0.132704 0.133831 0.170939 0.147364
0.161226 0.147328 0.147328 0.136464 0.129420 0.150652 0.127581
0.161776 0.138298 0.150798 0.144720 0.131438 0.138298 0.134672
0.164543 0.142654 0.144382 0.142816 0.137182 0.139383 0.129041
0.151906 0.143188 0.133188 0.136451 0.138918 0.134854 0.161495
0.142796 0.135000 0.132107 0.119293 0.155653 0.160000 0.155151
0.110151 0.153379 0.134412 0.118495 0.137233 0.156263 0.190067
0.112021 0.146727 0.137585 0.136544 0.185085 0.147585 0.134452
0.169816 0.122942 0.135303 0.127256 0.132752 0.129429 0.182502
0.140935 0.146590 0.145396 0.134281 0.135396 0.135396 0.162006
0.135282 0.145802 0.144168 0.138315 0.144831 0.148102 0.143500
0.142462 0.124269 0.134873 0.178002 0.125936 0.135142 0.159316
0.126456 0.138450 0.136331 0.162345 0.152755 0.148588 0.135076
0.147294 0.147351 0.126185 0.138643 0.150078 0.146185 0.144262
0.176367 0.125999 0.157608 0.129178 0.129933 0.132345 0.148570
0.127879 0.142237 0.152705 0.132894 0.138728 0.155006 0.150552
0.123468 0.144251 0.139730 0.178082 0.134008 0.144253 0.136207
0.107984 0.132885 0.144271 0.144819 0.142885 0.142885 0.184271
0.133355 0.139558 0.169423 0.132176 0.140153 0.144423 0.140911
0.124120 0.141978 0.151198 0.140159 0.151978 0.152248 0.138320
0.143291 0.144675 0.145389 0.160464 0.130971 0.145834 0.129376
0.114359 0.145856 0.154888 0.152683 0.135657 0.160657 0.135900
0.150395 0.151356 0.126999 0.128466 0.153023 0.136094 0.153666
0.168292 0.127513 0.172267 0.119949 0.119856 0.122267 0.169856
0.147671 0.149431 0.148307 0.145686 0.131945 0.149421 0.127539
0.138014 0.144987 0.155109 0.132549 0.141282 0.152434 0.135624
0.120185 0.133895 0.152497 0.144268 0.160830 0.127497 0.160830
0.118745 0.153773 0.151234 0.137379 0.149348 0.153303 0.136219
0.114945 0.135763 0.145763 0.127107 0.140329 0.145763 0.190329
0.130910 0.141501 0.150165 0.145237 0.140222 0.145015 0.146950
0.127380 0.144250 0.153511 0.134504 0.144250 0.156750 0.139354
0.186538 0.138620 0.132078 0.115533 0.151864 0.139468 0.135899
0.143777 0.115768 0.150768 0.163281 0.125319 0.125768 0.175319
0.152042 0.166200 0.139747 0.130293 0.138522 0.140880 0.132315
0.135049 0.137884 0.137301 0.145339 0.149801 0.149801 0.144826
0.118280 0.133217 0.143207 0.146591 0.158718 0.142052 0.157934
0.138279 0.139101 0.140252 0.155234 0.142664 0.141806 0.142664
0.120301 0.129156 0.129156 0.140343 0.151662 0.141656 0.187728
0.168901 0.139603 0.141078 0.135839 0.137504 0.142475 0.134600
0.124660 0.153791 0.154060 0.134863 0.141560 0.151759 0.139309
0.130185 0.146048 0.152756 0.119709 0.152575 0.141702 0.157026
0.118753 0.126978 0.161105 0.142431 0.137248 0.126237 0.187248
0.179184 0.143678 0.130914 0.128639 0.142000 0.133586 0.142000
0.169050 0.140828 0.142882 0.125654 0.140828 0.139036 0.141722
0.143825 0.136085 0.150330 0.148004 0.134940 0.137620 0.149197
0.128228 0.159240 0.145601 0.149623 0.146740 0.130799 0.139768
0.109643 0.169605 0.149395 0.157916 0.145761 0.130550 0.137129
0.133808 0.135592 0.150233 0.127804 0.131154 0.146176 0.175233
0.142358 0.158453 0.162025 0.121476 0.139286 0.132588 0.143815
0.175044 0.144344 0.146392 0.118993 0.146191 0.139633 0.129402
0.170542 0.132967 0.147573 0.117523 0.145268 0.134804 0.151322
0.144738 0.134240 0.132012 0.142447 0.143748 0.154525 0.148290
0.117454 0.140349 0.140730 0.156370 0.150217 0.145844 0.149034
0.106573 0.143562 0.160229 0.130515 0.141199 0.158139 0.159784
0.143124 0.144719 0.148402 0.149077 0.136153 0.132390 0.146135
0.147393 0.138902 0.139170 0.149824 0.139432 0.146109 0.139170
0.137049 0.130967 0.149880 0.138060 0.133224 0.152607 0.158214
0.147125 0.133801 0.146528 0.121730 0.143811 0.171538 0.135468
0.135149 0.154052 0.141288 0.142368 0.153788 0.140394 0.132961
0.127140 0.143285 0.136921 0.120914 0.159952 0.131088 0.180699
0.142873 0.154718 0.142207 0.129682 0.156591 0.131422 0.142508
0.166733 0.132626 0.136713 0.130365 0.124293 0.151713 0.157556
0.112474 0.159882 0.151549 0.147625 0.132327 0.145470 0.150673
0.116316 0.157454 0.154570 0.147728 0.139871 0.137537 0.146524
0.156653 0.135382 0.152049 0.152312 0.127049 0.153434 0.123121
0.112042 0.132810 0.152989 0.199487 0.126301 0.152989 0.123381
0.127808 0.150275 0.147775 0.140846 0.147775 0.143841 0.141681
0.153331 0.131019 0.133553 0.157710 0.144039 0.133108 0.147240
0.143109 0.130602 0.136140 0.152409 0.127923 0.133883 0.175934
0.181313 0.139830 0.138518 0.134291 0.132685 0.138518 0.134845
0.120462 0.140147 0.140147 0.134435 0.133162 0.165147 0.166501
0.181673 0.131400 0.148569 0.114223 0.144165 0.148569 0.131400
0.127133 0.141817 0.154770 0.133905 0.150047 0.154776 0.137553
0.153390 0.149732 0.135546 0.143879 0.132626 0.135546 0.149282
0.137676 0.143707 0.146118 0.141282 0.143755 0.146118 0.141343
0.136213 0.140487 0.132973 0.124677 0.195473 0.132973 0.137205
0.133144 0.147778 0.133930 0.128951 0.166157 0.146430 0.143611
0.165453 0.145495 0.132116 0.140857 0.145495 0.141103 0.129482
0.189285 0.139963 0.148399 0.125528 0.140957 0.121733 0.134135
0.126443 0.155002 0.154206 0.130522 0.147118 0.156618 0.130091
0.135994 0.141026 0.135992 0.159914 0.143389 0.140978 0.142707
0.185445 0.136765 0.124740 0.131321 0.136765 0.124265 0.160701
0.111100 0.153564 0.130739 0.178184 0.136897 0.143239 0.146277
0.114092 0.140827 0.155262 0.163938 0.137049 0.158366 0.130466
0.166498 0.137402 0.142765 0.144473 0.124896 0.145626 0.138338
0.123403 0.160279 0.143979 0.110738 0.160279 0.158843 0.142479
0.135356 0.147820 0.150124 0.135163 0.147820 0.147868 0.135849
0.105523 0.132269 0.132269 0.198438 0.132269 0.132269 0.166961
0.163313 0.152482 0.130425 0.120060 0.153355 0.150489 0.129876
0.164545 0.120647 0.149160 0.147371 0.136067 0.124424 0.157786
0.139237 0.126391 0.137108 0.173023 0.127725 0.143171 0.153346
0.131058 0.153239 0.137883 0.117079 0.156844 0.153509 0.150389
0.135035 0.133523 0.166628 0.123624 0.142865 0.152554 0.145772
0.129272 0.143246 0.156217 0.138756 0.120991 0.158473 0.153045
0.134454 0.153097 0.144399 0.117288 0.155795 0.152835 0.142132
0.129056 0.154276 0.140942 0.134264 0.146245 0.149625 0.145593
0.122102 0.146330 0.135776 0.175283 0.133859 0.121320 0.165331
0.179966 0.139716 0.145972 0.126367 0.141872 0.140039 0.126067
0.149717 0.140259 0.158680 0.134397 0.153002 0.125347 0.138598
0.139093 0.140891 0.134125 0.167886 0.140714 0.139388 0.137903
0.147124 0.159754 0.132849 0.122619 0.134749 0.143143 0.159761
0.163491 0.144335 0.150514 0.134598 0.129268 0.142191 0.135602
0.126860 0.142936 0.157024 0.147777 0.122963 0.158630 0.143809
0.146218 0.144846 0.139061 0.140502 0.132313 0.143228 0.153833
0.152250 0.149189 0.142933 0.128034 0.151530 0.143179 0.132885
0.121152 0.134568 0.134663 0.197436 0.148204 0.136071 0.127907
0.162204 0.129142 0.138606 0.163485 0.138769 0.137694 0.130101
0.118223 0.153607 0.131215 0.155766 0.154701 0.122637 0.163852
0.136970 0.146232 0.149736 0.138943 0.137349 0.148808 0.141962
0.140208 0.147667 0.137503 0.144181 0.151751 0.135534 0.143155
0.136273 0.145825 0.151377 0.133076 0.136935 0.161117 0.135398
0.143379 0.138496 0.145942 0.120219 0.119888 0.141217 0.190860
0.144942 0.124099 0.140533 0.129499 0.140163 0.178033 0.142732
0.136353 0.151520 0.144849 0.144923 0.130624 0.152106 0.139626
0.115825 0.126926 0.126414 0.135535 0.181119 0.125825 0.188357
0.132291 0.148492 0.145031 0.143087 0.151994 0.134016 0.145089
0.128629 0.163551 0.134630 0.141344 0.136307 0.137490 0.158048
0.105941 0.149402 0.155498 0.134645 0.153695 0.169601 0.131218
0.142468 0.151508 0.146413 0.137872 0.150840 0.139140 0.131760
0.154160 0.138941 0.138063 0.136016 0.144222 0.140415 0.148183
0.111892 0.150536 0.141581 0.131591 0.133703 0.137803 0.192894
0.153022 0.132776 0.171684 0.149056 0.124812 0.130250 0.138400
0.122937 0.140285 0.142892 0.190008 0.130243 0.139739 0.133896
0.129296 0.125840 0.132686 0.156813 0.149096 0.130429 0.175840
0.149871 0.127071 0.145453 0.150723 0.140378 0.138966 0.147538
0.114132 0.162255 0.126397 0.121716 0.178472 0.137518 0.159511
0.114563 0.158646 0.146268 0.123116 0.161899 0.156268 0.139239
0.120344 0.154178 0.159633 0.133902 0.146211 0.158450 0.127281
0.163923 0.159524 0.127514 0.137324 0.134033 0.130658 0.147024
0.156048 0.147182 0.109298 0.127591 0.152631 0.152631 0.154619
0.122164 0.138893 0.146672 0.138102 0.190422 0.145972 0.117775
0.146104 0.139379 0.141981 0.166594 0.142255 0.144180 0.119507
0.146778 0.124661 0.132994 0.147877 0.146599 0.141749 0.159342
0.140610 0.145919 0.146063 0.138170 0.141415 0.134697 0.153126
0.144425 0.154748 0.133857 0.130485 0.119344 0.144447 0.172694
0.169233 0.136409 0.134904 0.134370 0.140515 0.147328 0.137242
0.127036 0.154736 0.150905 0.143109 0.137387 0.153109 0.133718
0.155215 0.133980 0.129401 0.157764 0.133980 0.139894 0.149765
0.142798 0.146362 0.126305 0.129005 0.166676 0.132149 0.156704
0.136102 0.133911 0.136743 0.143151 0.134178 0.135621 0.180294
0.158321 0.129868 0.163380 0.148496 0.132033 0.132027 0.135876
0.150193 0.136388 0.135999 0.143673 0.148234 0.147066 0.138446
0.132254 0.144766 0.140700 0.139579 0.155359 0.153058 0.134284
0.141051 0.119225 0.187980 0.124526 0.129225 0.123159 0.174832
0.127274 0.153100 0.143078 0.137797 0.151896 0.154527 0.132328
0.115113 0.154957 0.154529 0.134590 0.153480 0.159515 0.127816
0.133554 0.172553 0.140629 0.140350 0.120053 0.138619 0.154242
0.131648 0.154652 0.140633 0.138474 0.149230 0.148698 0.136666
0.111636 0.137175 0.182905 0.131331 0.137175 0.134918 0.164859
0.135314 0.136639 0.146456 0.144110 0.143855 0.133845 0.159781
0.152020 0.132455 0.138694 0.161567 0.141057 0.141321 0.132886
0.126792 0.164897 0.138872 0.136447 0.167153 0.142153 0.123686
0.142568 0.132326 0.147775 0.138505 0.142326 0.139452 0.157048
0.122065 0.140926 0.140662 0.176617 0.140662 0.140662 0.138405
0.144430 0.139382 0.142901 0.127043 0.139382 0.167895 0.138967
0.156795 0.130826 0.140815 0.134961 0.130815 0.143699 0.162088
0.126905 0.147763 0.147763 0.144871 0.147763 0.147763 0.137173
0.156635 0.165731 0.140731 0.118218 0.140731 0.137218 0.140737
0.150953 0.134307 0.131423 0.174046 0.131423 0.121423 0.156423
0.130269 0.146018 0.142240 0.147198 0.146018 0.146018 0.142240
0.176141 0.141326 0.132339 0.128172 0.144839 0.144839 0.132345
0.177827 0.129393 0.139393 0.135208 0.139393 0.139393 0.139393
0.128064 0.147342 0.147342 0.138741 0.147342 0.147342 0.143829
0.129058 0.147930 0.147930 0.141290 0.147930 0.147930 0.137930
0.135668 0.147018 0.147018 0.129241 0.147018 0.147018 0.147018
0.123733 0.140088 0.139216 0.181083 0.139216 0.140088 0.136576
0.128631 0.152246 0.139746 0.145997 0.139746 0.151388 0.142246
0.180043 0.141036 0.142202 0.130778 0.142202 0.131036 0.132703
0.182442 0.139776 0.137365 0.130640 0.137365 0.140970 0.131443
0.109185 0.138993 0.126493 0.183149 0.126493 0.136693 0.178993
0.127770 0.148418 0.150673 0.147831 0.150673 0.138418 0.136218
0.136937 0.131713 0.132586 0.178672 0.131713 0.134948 0.153430
0.118069 0.140957 0.148314 0.149936 0.136687 0.153457 0.152581
0.181321 0.139779 0.138343 0.107287 0.152009 0.147179 0.134080
0.144572 0.137426 0.151140 0.129653 0.147563 0.152069 0.137576
0.117930 0.153777 0.134698 0.155796 0.124610 0.147353 0.165835
0.117632 0.154119 0.142037 0.139374 0.156792 0.144275 0.145770
0.129127 0.143319 0.150559 0.145584 0.148304 0.148567 0.134540
0.116316 0.130346 0.133278 0.184616 0.128150 0.133268 0.174026
0.110609 0.137297 0.133297 0.186357 0.127297 0.127577 0.177567
0.162109 0.129436 0.152466 0.133747 0.151567 0.126070 0.144606
0.150989 0.124724 0.138036 0.123245 0.125599 0.187673 0.149734
0.131188 0.152940 0.142541 0.128927 0.145303 0.155625 0.143475
0.170680 0.135739 0.131379 0.115468 0.134323 0.131205 0.181205
0.130405 0.160413 0.123747 0.154107 0.132090 0.142453 0.156785
0.169775 0.138159 0.147725 0.146680 0.132558 0.136492 0.128612
0.148711 0.168499 0.135904 0.128109 0.157001 0.146669 0.115107
0.144956 0.137566 0.132873 0.139920 0.162509 0.136594 0.145581
0.115124 0.128194 0.158400 0.154796 0.124227 0.134271 0.184989
0.125647 0.150120 0.149880 0.133786 0.143371 0.152292 0.144905
0.166548 0.119400 0.131990 0.128229 0.120786 0.169400 0.163647
0.180550 0.136239 0.131079 0.124148 0.143674 0.143371 0.140941
0.135102 0.126774 0.139794 0.121953 0.134750 0.153601 0.188025
0.158566 0.133229 0.134442 0.145088 0.149944 0.136723 0.142008
0.140243 0.138229 0.135789 0.145426 0.148383 0.147912 0.144019
0.134363 0.133542 0.132980 0.182000 0.131820 0.144320 0.140975
0.133933 0.132494 0.142908 0.146857 0.152315 0.131984 0.159509
0.138796 0.138174 0.144656 0.173533 0.129303 0.125172 0.150366
0.128797 0.144916 0.186164 0.118351 0.147995 0.129149 0.144628
0.123878 0.165329 0.153712 0.132830 0.133072 0.144680 0.146500
0.136256 0.147145 0.142330 0.145151 0.148505 0.138072 0.142541
0.136434 0.149452 0.131298 0.122092 0.149257 0.147452 0.164014
0.140271 0.129246 0.142530 0.141216 0.153375 0.142760 0.150603
0.179901 0.141901 0.117914 0.162809 0.152165 0.122576 0.122735
0.159297 0.162524 0.139768 0.106632 0.154616 0.143002 0.134161
0.125392 0.127920 0.148472 0.136857 0.153892 0.158725 0.148743
0.124226 0.152281 0.153688 0.139625 0.163678 0.127011 0.139492
0.120361 0.151424 0.135782 0.106530 0.177861 0.158319 0.149722
0.110221 0.116145 0.201438 0.127290 0.139405 0.154322 0.151178
0.136540 0.121939 0.139071 0.190915 0.131948 0.139799 0.139789
0.147442 0.185197 0.129826 0.123762 0.132644 0.138813 0.142316
0.156192 0.138743 0.142074 0.121306 0.135973 0.160356 0.145356
0.146836 0.140063 0.145411 0.154426 0.125392 0.156628 0.131244
0.143205 0.150774 0.144410 0.142740 0.130137 0.156910 0.131824
0.104918 0.173973 0.131826 0.134816 0.156826 0.140814 0.156826
0.115150 0.132876 0.152402 0.185781 0.133868 0.125735 0.154188
0.145668 0.156878 0.137154 0.145022 0.151425 0.127066 0.136787
0.140284 0.131298 0.151868 0.135364 0.156079 0.144353 0.140753
0.120045 0.149544 0.142548 0.137916 0.132867 0.157867 0.159215
0.184164 0.136651 0.142841 0.128581 0.139172 0.140429 0.128162
0.157683 0.156630 0.141068 0.128293 0.148670 0.140352 0.127304
0.113661 0.143262 0.122837 0.186051 0.137626 0.124634 0.171928
0.141688 0.139821 0.129124 0.183675 0.147281 0.131487 0.126924
0.108899 0.132155 0.138714 0.129285 0.201214 0.134444 0.155288
0.121033 0.131348 0.160663 0.141880 0.148223 0.143547 0.153305
0.140773 0.137122 0.135319 0.171292 0.145413 0.145455 0.124628
0.167526 0.149093 0.121620 0.116341 0.130832 0.146614 0.167973
0.112362 0.146517 0.144017 0.158772 0.133772 0.156517 0.148043
0.165652 0.132852 0.148254 0.140805 0.133999 0.146499 0.131938
0.178606 0.165468 0.120831 0.123140 0.123959 0.140735 0.147262
0.154314 0.123196 0.140686 0.128734 0.140541 0.127656 0.184872
0.142614 0.139816 0.146998 0.150320 0.137908 0.152683 0.129661
0.175456 0.156324 0.114585 0.137904 0.137189 0.154674 0.123869
0.128011 0.151097 0.138948 0.150909 0.152706 0.151097 0.127232
0.126903 0.135195 0.163742 0.141391 0.142896 0.139977 0.149896
0.181660 0.111871 0.117549 0.133969 0.119699 0.122316 0.212937
0.121527 0.188226 0.153452 0.133456 0.130034 0.139289 0.134017
0.146051 0.129625 0.157053 0.146725 0.154561 0.141365 0.124621
0.184733 0.133889 0.126890 0.147630 0.121815 0.131389 0.153653
0.144284 0.153202 0.139927 0.114200 0.146484 0.137455 0.164449
0.124506 0.143275 0.152603 0.140473 0.152598 0.154014 0.132531
0.127901 0.147250 0.143284 0.144826 0.138958 0.157056 0.140726
0.164811 0.135375 0.124561 0.130662 0.130093 0.146796 0.167703
0.135255 0.139835 0.166534 0.127527 0.141758 0.140957 0.148133
0.140423 0.126687 0.134690 0.139883 0.136940 0.143454 0.177923
0.189313 0.137378 0.123455 0.128610 0.131004 0.154434 0.135807
0.143619 0.121271 0.181888 0.140493 0.144432 0.140621 0.127675
0.150246 0.145383 0.144535 0.150314 0.125881 0.128371 0.155270
0.152039 0.140217 0.131189 0.128617 0.142296 0.151461 0.154181
0.133948 0.151794 0.132582 0.136910 0.167805 0.143338 0.133622
0.125210 0.165753 0.132252 0.144436 0.151447 0.123570 0.157331
0.164869 0.122641 0.124363 0.150338 0.139395 0.149600 0.148795
0.145218 0.131242 0.129183 0.141273 0.130748 0.141473 0.180863
0.127045 0.113728 0.157632 0.150533 0.177220 0.129538 0.144304
0.128837 0.155903 0.135157 0.168635 0.123103 0.135646 0.152720
0.137400 0.137333 0.136428 0.147184 0.146359 0.156359 0.138938
0.112197 0.141810 0.153182 0.132294 0.173493 0.140322 0.146702
0.125870 0.160878 0.138135 0.119232 0.149820 0.143615 0.162450
0.138098 0.163358 0.137087 0.123379 0.137077 0.166011 0.134989
0.112917 0.149144 0.130991 0.179233 0.133026 0.142372 0.152318
0.127694 0.165344 0.156734 0.129553 0.132004 0.146761 0.141910
0.141951 0.136740 0.132274 0.137005 0.131754 0.150741 0.169533
0.174405 0.139430 0.132083 0.131413 0.134668 0.136905 0.151096
0.131976 0.160556 0.130310 0.129627 0.149370 0.133561 0.164600
0.123233 0.131863 0.132132 0.184186 0.125634 0.128035 0.174917
0.134817 0.152005 0.159452 0.138326 0.138983 0.132775 0.143642
0.107280 0.124392 0.163183 0.123724 0.161387 0.163183 0.156852
0.146814 0.149262 0.165261 0.134091 0.130261 0.143410 0.130900
0.137471 0.127754 0.157754 0.140530 0.153499 0.150494 0.132497
0.140447 0.149426 0.146915 0.140797 0.135933 0.151813 0.134668
0.136257 0.146869 0.140013 0.141702 0.130383 0.153791 0.150986
0.166265 0.111457 0.125330 0.164024 0.137841 0.133896 0.161187
0.119936 0.151479 0.122895 0.190155 0.128971 0.122449 0.164116
0.139870 0.157932 0.135131 0.127348 0.123963 0.132875 0.182881
0.134515 0.129229 0.138612 0.180023 0.139503 0.138612 0.139507
0.114670 0.135483 0.133272 0.140083 0.143275 0.158272 0.174945
0.142484 0.145285 0.151913 0.125449 0.132183 0.151913 0.150773
0.131536 0.119001 0.152648 0.134492 0.154481 0.152654 0.155188
0.144886 0.134905 0.133715 0.141163 0.164748 0.133715 0.146869
0.137284 0.149561 0.154021 0.125784 0.141244 0.154021 0.138085
0.186722 0.128658 0.146138 0.123459 0.136843 0.146981 0.131199
0.128939 0.140001 0.128168 0.143265 0.188541 0.137375 0.133710
0.149573 0.171784 0.135507 0.128472 0.136182 0.143272 0.135210
0.134173 0.140699 0.140705 0.132849 0.193951 0.131738 0.125886
0.140003 0.126647 0.116171 0.163910 0.141104 0.126916 0.185249
0.133467 0.191094 0.136842 0.124730 0.129158 0.147752 0.136958
0.121267 0.117035 0.137073 0.127347 0.148466 0.151485 0.197328
0.136026 0.140957 0.144492 0.144879 0.138656 0.147888 0.147103
0.110059 0.157498 0.121686 0.161964 0.145434 0.162091 0.141268
0.128537 0.141348 0.134711 0.127441 0.158877 0.170237 0.138848
0.135592 0.120239 0.127841 0.158589 0.162961 0.142223 0.152554
0.113571 0.184055 0.123836 0.148173 0.140380 0.144162 0.145822
0.180369 0.134158 0.130009 0.128647 0.146668 0.141617 0.138531
0.116820 0.120278 0.125248 0.138392 0.154017 0.138562 0.206683
0.174984 0.145755 0.142094 0.128582 0.132527 0.137196 0.138863
0.125517 0.117134 0.174353 0.114353 0.145689 0.148322 0.174631
0.127516 0.121743 0.150301 0.147240 0.135675 0.138156 0.179369
0.111723 0.141217 0.133936 0.134794 0.134821 0.146696 0.196813
0.141979 0.146258 0.133627 0.146909 0.149458 0.138929 0.142841
0.133769 0.130961 0.134834 0.141974 0.149919 0.148855 0.159687
0.123707 0.151224 0.146164 0.148465 0.148206 0.135895 0.146339
0.127024 0.236671 0.125158 0.135158 0.132567 0.122830 0.120592
0.134260 0.135767 0.155892 0.153530 0.153520 0.143382 0.123649
0.117711 0.153273 0.158570 0.141903 0.145990 0.160081 0.122470
0.143631 0.155697 0.139701 0.126968 0.135588 0.148320 0.150095
0.169757 0.122991 0.117391 0.130159 0.144421 0.144073 0.171207
0.119595 0.147000 0.115717 0.115440 0.135321 0.139355 0.227573
0.161766 0.133795 0.133459 0.138765 0.134717 0.155255 0.142243
0.184553 0.130313 0.122190 0.131573 0.151939 0.143677 0.135755
0.136321 0.149086 0.147440 0.146217 0.149343 0.136217 0.135375
0.116287 0.130857 0.144639 0.142160 0.128347 0.145995 0.191715
0.147731 0.165959 0.138704 0.146584 0.148839 0.126204 0.125980
0.125773 0.149352 0.169013 0.138210 0.143722 0.155257 0.118673
0.169898 0.129079 0.135780 0.123704 0.129079 0.150247 0.162213
0.141173 0.141095 0.138740 0.146110 0.157098 0.131642 0.144142
0.169854 0.122782 0.132224 0.134140 0.133640 0.129984 0.177377
0.123315 0.173701 0.134042 0.138073 0.133707 0.150049 0.147114
0.128885 0.156483 0.131133 0.145639 0.152228 0.148319 0.137313
0.141713 0.136270 0.156366 0.139495 0.139428 0.134897 0.151831
0.124280 0.121813 0.142673 0.131438 0.145095 0.142476 0.192224
0.126906 0.146263 0.146066 0.149201 0.151041 0.140344 0.140179
0.136842 0.156102 0.143942 0.136079 0.154316 0.142859 0.129861
0.136899 0.124942 0.195306 0.114959 0.122210 0.162816 0.142868
0.131914 0.155443 0.138526 0.138065 0.152506 0.148079 0.135466
0.150975 0.147765 0.141081 0.137441 0.142562 0.140313 0.139864
0.123360 0.105991 0.147080 0.132435 0.133648 0.204925 0.152561
0.139615 0.148880 0.128691 0.146798 0.145520 0.148419 0.142076
0.129147 0.130272 0.154086 0.181671 0.126608 0.134941 0.143274
0.139509 0.121256 0.147680 0.153251 0.146225 0.144398 0.147680
0.137238 0.148055 0.142164 0.151280 0.145536 0.133694 0.142033
0.117408 0.173010 0.150000 0.149684 0.144363 0.137767 0.127767
0.145534 0.148259 0.157475 0.115096 0.136867 0.159634 0.137134
0.177384 0.138420 0.130094 0.140718 0.124031 0.138427 0.150927
0.140246 0.155653 0.136794 0.135019 0.144863 0.136529 0.150895
0.182815 0.128093 0.143921 0.115808 0.144689 0.147699 0.136976
0.119200 0.161549 0.148797 0.145180 0.131301 0.161287 0.132687
0.101489 0.169014 0.147527 0.143850 0.162551 0.147527 0.128042
0.123274 0.139377 0.179816 0.129879 0.146955 0.146483 0.134216
0.098718 0.150623 0.137017 0.131414 0.164775 0.150623 0.166829
0.140613 0.150968 0.150314 0.143186 0.146682 0.137814 0.130423
0.167547 0.134600 0.136057 0.133304 0.127451 0.141873 0.159167
0.169759 0.146527 0.120156 0.155980 0.108437 0.146527 0.152613
0.149403 0.135403 0.128852 0.176634 0.132953 0.140039 0.136715
0.132706 0.124240 0.163407 0.124022 0.148182 0.146740 0.160702
0.132797 0.153482 0.145208 0.154773 0.119044 0.152288 0.142409
0.123573 0.149205 0.146067 0.153394 0.146283 0.151506 0.129973
0.131534 0.145437 0.154304 0.141790 0.144304 0.138771 0.143859
0.165923 0.130513 0.128152 0.120112 0.134587 0.136485 0.184228
0.131096 0.146455 0.129685 0.105513 0.166921 0.183955 0.136377
0.162242 0.161093 0.139578 0.119719 0.133635 0.152493 0.131239
0.130700 0.154638 0.162549 0.130398 0.136281 0.152038 0.133397
0.126417 0.147496 0.130417 0.164012 0.142629 0.140626 0.148402
0.127796 0.152047 0.155819 0.137140 0.158623 0.131601 0.136974
0.121618 0.159763 0.173279 0.118303 0.137805 0.154831 0.134401
0.089957 0.146922 0.144394 0.202436 0.129124 0.165751 0.121416
0.151057 0.143220 0.128436 0.172042 0.150131 0.133237 0.121877
0.160735 0.144862 0.129051 0.135464 0.123075 0.142942 0.163871
0.118510 0.164930 0.137320 0.129951 0.172079 0.143778 0.133432
0.172959 0.149542 0.141145 0.133531 0.133194 0.133183 0.136446
0.172996 0.147333 0.144768 0.140562 0.128804 0.127814 0.137723
0.129112 0.144961 0.151382 0.160420 0.141483 0.139703 0.132940
0.138276 0.124977 0.149451 0.132171 0.141913 0.168309 0.144903
0.141077 0.146862 0.138529 0.144505 0.130428 0.144451 0.154148
0.122524 0.145805 0.138317 0.162471 0.135580 0.156086 0.139216
0.135170 0.147409 0.140453 0.164076 0.134103 0.149945 0.128843
0.140825 0.142516 0.154223 0.142522 0.148154 0.126737 0.145022
0.137167 0.142394 0.134421 0.137949 0.151179 0.153123 0.143767
0.135140 0.158909 0.123100 0.130131 0.150259 0.163392 0.139068
0.120694 0.154074 0.148765 0.140730 0.149961 0.152164 0.133613
0.133563 0.150016 0.146476 0.141683 0.137512 0.148421 0.142330
0.169311 0.145152 0.115882 0.142597 0.157230 0.141374 0.128452
0.164506 0.152667 0.142207 0.133346 0.132602 0.152667 0.122006
0.166601 0.156960 0.129596 0.102793 0.150326 0.159850 0.133874
0.123183 0.151342 0.182688 0.140043 0.130073 0.161336 0.111335
0.127788 0.128154 0.167614 0.145955 0.147924 0.134642 0.147924
0.136492 0.161902 0.132073 0.121394 0.135618 0.126902 0.185618
0.137632 0.143318 0.128626 0.132447 0.156908 0.146462 0.154607
0.138209 0.137174 0.143251 0.149496 0.146528 0.146263 0.139080
0.129653 0.155124 0.156603 0.128235 0.145320 0.144103 0.140962
0.131032 0.141503 0.155230 0.129745 0.145824 0.160370 0.136296
0.148718 0.134536 0.146346 0.144248 0.145268 0.146804 0.134079
0.131030 0.140179 0.181757 0.117212 0.143699 0.138145 0.147978
0.164780 0.146904 0.123055 0.147853 0.104023 0.149161 0.164225
0.123316 0.139131 0.136112 0.202510 0.136012 0.142778 0.120140
0.117793 0.164638 0.149124 0.135897 0.132782 0.139017 0.160749
0.120945 0.159774 0.151072 0.135004 0.127965 0.144409 0.160830
0.131874 0.135853 0.138642 0.190044 0.129619 0.135319 0.138648
0.139381 0.149190 0.150238 0.131119 0.135895 0.147585 0.146591
0.138343 0.157298 0.157298 0.140905 0.114481 0.138331 0.153344
0.182858 0.144825 0.140146 0.143690 0.123522 0.136972 0.127986
0.151367 0.141225 0.136321 0.154324 0.135109 0.144460 0.137194
0.106766 0.194636 0.119795 0.133864 0.109303 0.155980 0.179655
0.118927 0.140470 0.134910 0.170129 0.157281 0.142038 0.136244
0.117926 0.132775 0.146440 0.123744 0.198987 0.132437 0.147692
0.116289 0.151832 0.152702 0.142170 0.145702 0.136190 0.155114
0.125109 0.145156 0.153496 0.158283 0.137721 0.141495 0.138740
0.165787 0.125770 0.140525 0.119936 0.150347 0.155200 0.142436
0.150695 0.152639 0.135972 0.141888 0.126470 0.137841 0.154497
0.170905 0.141511 0.139653 0.135002 0.140198 0.139218 0.133514
0.131842 0.137674 0.141500 0.144210 0.153740 0.157982 0.133052
0.115683 0.144756 0.120291 0.140554 0.167054 0.166827 0.144836
0.123574 0.162302 0.134275 0.149528 0.135758 0.161793 0.132770
0.102209 0.137340 0.140225 0.110021 0.188672 0.133756 0.187777
0.166066 0.148208 0.144491 0.131634 0.144028 0.109438 0.156135
0.190704 0.137776 0.141173 0.135215 0.129015 0.133631 0.132485
0.153089 0.148154 0.150651 0.119793 0.130702 0.145536 0.152075
0.147478 0.145825 0.154500 0.135040 0.148109 0.112607 0.156442
0.135503 0.137387 0.146051 0.170234 0.146322 0.137048 0.127455
0.118527 0.159299 0.155589 0.136258 0.149348 0.144566 0.136413
0.103504 0.143411 0.130479 0.163418 0.147146 0.146611 0.165431
0.149189 0.127990 0.132689 0.137248 0.149095 0.144606 0.159183
0.128100 0.145047 0.143780 0.120471 0.141368 0.134852 0.186382
0.106397 0.134955 0.149664 0.201276 0.144669 0.130800 0.132239
0.147280 0.130497 0.145995 0.174056 0.147343 0.133757 0.121071
0.147630 0.124161 0.146950 0.136160 0.125036 0.190423 0.129640
0.119428 0.147920 0.152655 0.148924 0.145799 0.142226 0.143049
0.166858 0.123461 0.147941 0.157179 0.145939 0.133341 0.125282
0.139466 0.147181 0.146006 0.133053 0.141892 0.164325 0.128077
0.113309 0.155181 0.121481 0.139420 0.138576 0.161029 0.171005
0.146418 0.136752 0.147487 0.143974 0.143320 0.145075 0.136974
0.137103 0.149154 0.157822 0.131162 0.129878 0.171650 0.123231
0.121927 0.178413 0.139565 0.139108 0.153581 0.131297 0.136109
0.135459 0.152211 0.149140 0.147873 0.137128 0.149998 0.128191
0.176184 0.121728 0.126841 0.136841 0.134335 0.129059 0.175013
0.123099 0.180660 0.143568 0.142375 0.143723 0.131925 0.134649
0.143210 0.130425 0.145172 0.131195 0.131326 0.141331 0.177342
0.188713 0.134393 0.152036 0.137042 0.124560 0.149536 0.113719
0.119515 0.134407 0.148222 0.161806 0.132794 0.162527 0.140730
0.141467 0.133577 0.135265 0.132799 0.133488 0.135265 0.188139
0.188716 0.140994 0.141043 0.129828 0.135917 0.144983 0.118521
0.140572 0.136726 0.145911 0.131759 0.172287 0.129513 0.143231
0.122987 0.146277 0.148878 0.156674 0.149664 0.134469 0.141051
0.156987 0.122321 0.124747 0.129402 0.117651 0.147247 0.201645
0.120566 0.130381 0.145543 0.137760 0.189901 0.142745 0.133104
0.137392 0.138187 0.149644 0.143919 0.149580 0.141172 0.140106
0.140385 0.128696 0.134206 0.143842 0.140922 0.132215 0.179734
0.120960 0.144003 0.132716 0.144021 0.157787 0.143993 0.156521
0.120150 0.158295 0.144751 0.115979 0.170316 0.116116 0.174393
0.133566 0.200194 0.139449 0.132194 0.124826 0.145999 0.123772
0.114791 0.199992 0.136904 0.133138 0.148125 0.134445 0.132605
0.114296 0.134309 0.133504 0.159716 0.182460 0.135955 0.139761
0.136186 0.125975 0.125610 0.141757 0.179257 0.149456 0.141757
0.128993 0.125474 0.132552 0.135187 0.188608 0.127090 0.162096
0.142638 0.141354 0.147258 0.145534 0.135991 0.152055 0.135170
0.143047 0.152752 0.145269 0.137168 0.137541 0.156839 0.127385
0.105929 0.140943 0.133733 0.133199 0.138475 0.154534 0.193187
0.153478 0.139830 0.151258 0.139001 0.129240 0.149562 0.137631
0.186529 0.146325 0.142730 0.119208 0.138804 0.142875 0.123529
0.165075 0.140383 0.130194 0.140527 0.140646 0.128597 0.154577
0.135333 0.139789 0.202044 0.124743 0.136142 0.133385 0.128564
0.140416 0.140729 0.158095 0.151734 0.140472 0.138367 0.130187
0.136213 0.140649 0.139106 0.138291 0.138489 0.140659 0.166593
0.124223 0.138781 0.139163 0.159112 0.155448 0.142716 0.140556
0.136119 0.144629 0.130423 0.140185 0.147778 0.169898 0.130970
0.111271 0.147951 0.125208 0.124763 0.147951 0.153092 0.189763
0.151843 0.137135 0.147397 0.137980 0.133633 0.134635 0.157378
0.178618 0.156696 0.139766 0.129499 0.146696 0.123754 0.124971
0.131802 0.138034 0.121377 0.144218 0.188034 0.128034 0.148500
0.121592 0.141342 0.153832 0.146372 0.145276 0.151420 0.140166
0.154707 0.133215 0.147348 0.150118 0.145715 0.125695 0.143202
0.124632 0.171786 0.143975 0.132809 0.167338 0.142597 0.116863
0.125820 0.140655 0.139927 0.167349 0.135577 0.139927 0.150745
0.131981 0.128126 0.132681 0.142880 0.148959 0.132189 0.183183
0.132811 0.145450 0.130571 0.173783 0.141972 0.141779 0.133634
0.197662 0.116750 0.140996 0.141929 0.131449 0.130299 0.140915
0.187802 0.122574 0.140926 0.135196 0.147677 0.142149 0.123676
0.212803 0.147536 0.128390 0.108944 0.116160 0.142857 0.143309
0.179260 0.127118 0.158696 0.139781 0.119393 0.150363 0.125389
0.142482 0.109884 0.135183 0.162093 0.147683 0.137668 0.165006
0.140293 0.151903 0.138328 0.135655 0.148149 0.138328 0.147343
0.127643 0.137093 0.141786 0.161800 0.134267 0.138139 0.159273
0.122141 0.125664 0.143805 0.145142 0.138747 0.142679 0.181822
0.138533 0.148798 0.148528 0.148534 0.139841 0.136369 0.139397
0.133098 0.141042 0.165906 0.132469 0.146163 0.154988 0.126334
0.144758 0.147495 0.159373 0.133697 0.153314 0.144837 0.116528
0.156420 0.177442 0.130196 0.134499 0.134046 0.120196 0.147200
0.108177 0.170320 0.135213 0.160736 0.138872 0.137585 0.149098
0.147748 0.132100 0.132515 0.142550 0.161682 0.132515 0.150889
0.137157 0.140704 0.136856 0.124050 0.145422 0.182922 0.132889
0.135549 0.141459 0.147481 0.137482 0.147218 0.150273 0.140539
0.140808 0.134882 0.150892 0.129512 0.148642 0.148636 0.146628
0.133605 0.136129 0.144668 0.154258 0.147168 0.143886 0.140285
0.126722 0.144029 0.144086 0.142299 0.156849 0.148516 0.137499
0.140112 0.131513 0.162616 0.124191 0.145949 0.146854 0.148764
0.127010 0.137553 0.130742 0.148516 0.129386 0.158164 0.168630
0.134299 0.150097 0.136978 0.148124 0.135376 0.150849 0.144277
0.132340 0.134667 0.144933 0.123946 0.161918 0.181254 0.120942
0.141264 0.138744 0.152391 0.115513 0.129417 0.155275 0.167397
0.130444 0.146693 0.137242 0.149890 0.133813 0.141745 0.160174
0.139948 0.146186 0.144220 0.136009 0.146026 0.145691 0.141920
0.186898 0.122122 0.143823 0.140264 0.122501 0.139951 0.144440
0.126224 0.122511 0.144021 0.185833 0.135215 0.144295 0.141902
0.165660 0.143043 0.154354 0.120079 0.141682 0.144231 0.130951
0.121934 0.135527 0.130693 0.177810 0.133639 0.168638 0.131759
0.162420 0.131209 0.124731 0.155482 0.137909 0.139222 0.149026
0.136640 0.172996 0.150696 0.126598 0.133761 0.133171 0.146138
0.110903 0.145898 0.176998 0.134461 0.131552 0.144400 0.155788
0.112058 0.141601 0.139658 0.191141 0.118581 0.146710 0.150250
0.133505 0.138388 0.137855 0.142062 0.158635 0.136700 0.152855
0.120182 0.119613 0.150262 0.201512 0.127840 0.140416 0.140176
0.124078 0.147134 0.137113 0.148124 0.152197 0.157813 0.133542
0.127394 0.141187 0.139527 0.133814 0.152235 0.149451 0.156391
0.135008 0.126260 0.128378 0.137460 0.150997 0.160775 0.161123
0.160944 0.145147 0.140563 0.129880 0.133352 0.140414 0.149701
0.142246 0.157381 0.149134 0.140802 0.163584 0.121781 0.125072
0.095517 0.184658 0.142441 0.139960 0.170332 0.128523 0.138570
0.149374 0.175814 0.134684 0.133160 0.122953 0.148287 0.135729
0.162333 0.134088 0.118781 0.139614 0.141704 0.133433 0.170047
0.139511 0.117685 0.146555 0.165933 0.127890 0.159876 0.142551
0.142072 0.129344 0.138005 0.156288 0.140741 0.156293 0.137258
0.142749 0.141025 0.133778 0.121868 0.157091 0.165192 0.138297
0.119678 0.156771 0.132270 0.146424 0.158928 0.161250 0.124678
0.144499 0.136154 0.156696 0.159670 0.125009 0.144850 0.133122
0.144390 0.139145 0.141505 0.135005 0.162792 0.137664 0.139499
0.161809 0.146787 0.124710 0.130831 0.161733 0.130505 0.143624
0.132552 0.155232 0.130408 0.118943 0.116739 0.213074 0.133052
0.149379 0.107436 0.154315 0.123923 0.136131 0.141162 0.187654
0.130287 0.140938 0.147518 0.147716 0.137673 0.152660 0.143209
0.135627 0.144800 0.141212 0.142488 0.145198 0.146187 0.144488
0.117930 0.137551 0.136887 0.137876 0.163715 0.143152 0.162890
0.125588 0.150668 0.141867 0.137207 0.146943 0.148419 0.149307
0.131635 0.120516 0.191538 0.153127 0.123427 0.135266 0.144492
0.128702 0.131254 0.150446 0.158933 0.138723 0.158014 0.133929
0.105916 0.150394 0.150242 0.142941 0.169601 0.133734 0.147172
0.124793 0.152664 0.127652 0.177336 0.147563 0.132439 0.137552
0.130543 0.124575 0.148526 0.149019 0.142023 0.138293 0.167023
0.148555 0.142870 0.128417 0.145243 0.158939 0.133704 0.142272
0.163520 0.139218 0.128088 0.151478 0.137427 0.145563 0.134706
0.179445 0.131519 0.125212 0.133217 0.147702 0.139289 0.143616
0.128396 0.160726 0.133405 0.120651 0.159368 0.150976 0.146479
0.122520 0.143294 0.159125 0.149189 0.134307 0.144759 0.146807
0.125158 0.145432 0.147015 0.154017 0.144017 0.150344 0.134017
0.109862 0.152754 0.130936 0.132097 0.178023 0.131818 0.164511
0.170353 0.127023 0.147944 0.136711 0.133823 0.134465 0.149681
0.150750 0.126628 0.134365 0.172027 0.135752 0.137027 0.143451
0.143114 0.144935 0.150826 0.124812 0.153674 0.134692 0.147947
0.122400 0.140207 0.143560 0.148741 0.145039 0.151327 0.148725
0.165063 0.138488 0.119891 0.144702 0.136815 0.148225 0.146815
0.117411 0.141212 0.148152 0.134115 0.162688 0.140029 0.156392
0.119048 0.153887 0.130818 0.150750 0.142557 0.159956 0.142985
0.142062 0.131466 0.142115 0.155249 0.122148 0.170633 0.136326
0.135328 0.156291 0.122377 0.133680 0.160353 0.132514 0.159456
0.171469 0.122332 0.159405 0.130549 0.128564 0.129448 0.158232
0.134319 0.146101 0.141795 0.142564 0.138829 0.145064 0.151329
0.169015 0.134220 0.134188 0.130058 0.158615 0.126929 0.146975
0.130828 0.126466 0.145761 0.149581 0.135963 0.137081 0.174320
0.138305 0.139755 0.120866 0.153123 0.144299 0.158559 0.145092
0.132879 0.152942 0.127821 0.151215 0.149129 0.149073 0.136941
0.132732 0.135479 0.163474 0.138477 0.136037 0.129214 0.164587
0.156837 0.147674 0.128483 0.145433 0.131766 0.160188 0.129619
0.181359 0.136547 0.134070 0.149512 0.146680 0.136442 0.115389
0.110338 0.171743 0.155187 0.127664 0.123166 0.153346 0.158556
0.130875 0.134270 0.170643 0.126173 0.142223 0.146429 0.149387
0.125500 0.130487 0.150157 0.135696 0.173610 0.142227 0.142323
0.132990 0.126299 0.136674 0.138220 0.156941 0.149007 0.159868
0.130629 0.112376 0.188258 0.140684 0.135929 0.141170 0.150952
0.150383 0.160120 0.138439 0.139300 0.146324 0.134048 0.131385
0.170841 0.128184 0.152873 0.129096 0.130408 0.146099 0.142499
0.129970 0.164317 0.125724 0.121678 0.140769 0.150632 0.166911
0.153956 0.136139 0.129422 0.119146 0.156411 0.152477 0.152449
0.115889 0.164943 0.130173 0.121482 0.173060 0.164448 0.130006
0.138661 0.136054 0.148205 0.123404 0.151273 0.146132 0.156271
0.123338 0.141104 0.141103 0.152718 0.164935 0.129941 0.146860
0.150579 0.135452 0.161735 0.161528 0.131929 0.132821 0.125956
0.135456 0.127890 0.145015 0.142703 0.126659 0.136659 0.185619
0.121420 0.144420 0.151412 0.160530 0.142900 0.146422 0.132896
0.138678 0.158301 0.141934 0.157403 0.131628 0.140770 0.131287
0.131943 0.164855 0.126095 0.124931 0.140896 0.152118 0.159163
0.145573 0.135753 0.135614 0.135179 0.148253 0.140704 0.158924
0.131730 0.179598 0.139089 0.130956 0.133370 0.144427 0.140830
0.134258 0.123831 0.142105 0.179605 0.133271 0.128593 0.158336
0.116369 0.133559 0.143343 0.175347 0.138009 0.144089 0.149284
0.128346 0.109941 0.139412 0.140524 0.138223 0.165524 0.178030
0.142417 0.129417 0.118238 0.151410 0.138608 0.125752 0.194159
0.145878 0.143073 0.137858 0.138686 0.144085 0.156366 0.134054
0.145762 0.138601 0.155921 0.144163 0.134050 0.154406 0.127096
0.147889 0.128664 0.139853 0.163641 0.137631 0.140487 0.141835
0.124762 0.132669 0.154457 0.148699 0.141451 0.162232 0.135730
0.172507 0.141221 0.147748 0.126888 0.131573 0.145386 0.134677
0.145178 0.143746 0.177821 0.132343 0.118428 0.156478 0.126006
0.131315 0.146960 0.157215 0.139565 0.135731 0.158532 0.130682
0.143196 0.131752 0.128270 0.128928 0.130250 0.155698 0.181907
0.156750 0.150569 0.122046 0.134669 0.147102 0.139033 0.149832
0.134370 0.145715 0.123982 0.142483 0.161911 0.160384 0.131154
0.115313 0.159979 0.132700 0.147676 0.165439 0.145591 0.133302
0.111286 0.149640 0.149247 0.150834 0.147057 0.127625 0.164311
0.116153 0.139820 0.143598 0.128323 0.153732 0.162788 0.155586
0.108448 0.144120 0.197633 0.120085 0.131637 0.152031 0.146046
0.119775 0.161439 0.174499 0.130702 0.136087 0.146787 0.130710
0.134402 0.137946 0.141718 0.136655 0.146217 0.143001 0.160062
0.154979 0.131142 0.140360 0.146807 0.140320 0.147319 0.139073
0.135246 0.144308 0.135975 0.140875 0.154899 0.145862 0.142835
0.150345 0.136226 0.136226 0.148783 0.147405 0.140876 0.140138
0.191318 0.144546 0.144546 0.133179 0.115354 0.147073 0.123984
0.123775 0.145245 0.149331 0.131448 0.117434 0.139312 0.193455
0.135094 0.136152 0.136152 0.133900 0.176649 0.148549 0.133503
0.161559 0.156058 0.139392 0.132141 0.139384 0.138855 0.132611
0.155653 0.129614 0.152114 0.156226 0.117189 0.149751 0.139452
0.142554 0.145011 0.153320 0.137905 0.137090 0.140810 0.143310
0.127593 0.162807 0.140603 0.148892 0.125618 0.140865 0.153622
0.139207 0.152591 0.154981 0.150162 0.129166 0.142481 0.131412
0.140541 0.127400 0.134133 0.141250 0.154511 0.135644 0.166521
0.138853 0.136104 0.128383 0.162178 0.160198 0.155050 0.119235
0.133178 0.128586 0.116511 0.140614 0.117404 0.147265 0.216442
0.128130 0.117465 0.143918 0.112015 0.194284 0.148312 0.155876
0.137804 0.151183 0.141781 0.139262 0.142483 0.154081 0.133407
0.135308 0.134251 0.172900 0.121355 0.131610 0.148656 0.155921
0.125348 0.135689 0.156933 0.135359 0.154831 0.145348 0.146492
0.143972 0.147994 0.135745 0.142634 0.156939 0.140278 0.132438
0.146874 0.120098 0.132086 0.184634 0.137529 0.134634 0.144144
0.130400 0.137979 0.134795 0.133494 0.135240 0.134367 0.193725
0.127216 0.146281 0.140398 0.133820 0.193077 0.134089 0.125120
0.135820 0.143211 0.150008 0.129414 0.126847 0.134953 0.179747
0.130475 0.185307 0.166550 0.110482 0.131227 0.124728 0.151231
0.120627 0.154573 0.134008 0.151781 0.160736 0.134851 0.143423
0.137709 0.131528 0.158241 0.142147 0.131558 0.142147 0.156670
0.139276 0.122767 0.147711 0.150102 0.150950 0.150950 0.138244
0.125621 0.145518 0.153758 0.129301 0.156071 0.151801 0.137931
0.148435 0.159026 0.126537 0.150594 0.137171 0.136900 0.141337
0.157058 0.138784 0.130035 0.147774 0.132887 0.130524 0.162939
0.123076 0.159635 0.154899 0.130685 0.155597 0.143097 0.133012
0.167559 0.163859 0.130918 0.135337 0.142084 0.141473 0.118771
0.138596 0.129670 0.141339 0.117901 0.149053 0.136553 0.186889
0.142017 0.138652 0.124013 0.136184 0.165608 0.166784 0.126742
0.195654 0.131202 0.109714 0.138354 0.153638 0.134560 0.136878
0.142758 0.140602 0.136989 0.146748 0.150897 0.139255 0.142751
0.124394 0.142885 0.149430 0.147251 0.139200 0.166682 0.130158
0.138999 0.134588 0.147059 0.148362 0.155979 0.151393 0.123618
0.138326 0.134063 0.123685 0.145467 0.137899 0.117487 0.203073
0.110471 0.156829 0.186570 0.141183 0.134064 0.133800 0.137084
0.133006 0.167653 0.171052 0.135763 0.145874 0.125182 0.121470
0.162729 0.155082 0.120451 0.140222 0.116896 0.107933 0.196687
0.144382 0.153375 0.124207 0.142710 0.140561 0.144254 0.150510
0.115348 0.187100 0.126904 0.154298 0.140065 0.131778 0.144505
0.161548 0.154736 0.126406 0.156955 0.130252 0.127521 0.142582
0.138047 0.150677 0.138296 0.122104 0.138565 0.152566 0.159746
0.137497 0.146896 0.150169 0.134100 0.137665 0.162567 0.131107
0.134327 0.134336 0.125643 0.163573 0.122279 0.130284 0.189559
0.138200 0.150561 0.133793 0.133036 0.144467 0.143920 0.156023
0.128749 0.144692 0.154703 0.137085 0.153755 0.150663 0.130353
0.121346 0.141686 0.160166 0.134968 0.155233 0.139333 0.147269
0.180473 0.156404 0.130392 0.094447 0.138327 0.156585 0.143372
0.152049 0.128192 0.151779 0.107760 0.149632 0.193451 0.117139
0.141984 0.150353 0.154721 0.138765 0.164233 0.131566 0.118377
0.164074 0.145268 0.136657 0.129299 0.132263 0.146599 0.145840
0.154720 0.126389 0.135376 0.124962 0.136257 0.141604 0.180692
0.141121 0.128586 0.138331 0.163666 0.129407 0.140830 0.158060
0.159373 0.142577 0.133253 0.154947 0.137193 0.141975 0.130681
0.153473 0.143753 0.142030 0.139812 0.142293 0.133822 0.144817
0.122846 0.151945 0.130657 0.136273 0.135285 0.121958 0.201036
0.159814 0.163038 0.125538 0.123229 0.146381 0.137675 0.144324
0.131326 0.150419 0.150769 0.138394 0.149546 0.148119 0.131427
0.097447 0.145885 0.130336 0.160879 0.158379 0.125879 0.181193
0.123970 0.142776 0.127275 0.194254 0.145982 0.145137 0.120607
0.124446 0.145746 0.146178 0.136307 0.130365 0.145740 0.171219
0.128380 0.148960 0.124261 0.191514 0.111671 0.145026 0.150187
0.142188 0.149668 0.141136 0.139178 0.140917 0.149399 0.137514
0.226019 0.126013 0.129702 0.119201 0.109157 0.127534 0.162372
0.135565 0.139065 0.135994 0.139141 0.130632 0.142423 0.177181
0.130324 0.131544 0.130782 0.133474 0.168635 0.145385 0.159857
0.188142 0.142402 0.126342 0.141209 0.132897 0.141209 0.127799
0.119284 0.148391 0.133264 0.149859 0.129457 0.139368 0.180376
0.142371 0.135300 0.134559 0.136123 0.144520 0.159555 0.147572
0.121419 0.150058 0.133204 0.165585 0.137106 0.157784 0.134845
0.125656 0.143352 0.185617 0.144386 0.128820 0.143506 0.128663
0.127506 0.149516 0.155926 0.130417 0.140768 0.154798 0.141070
0.164080 0.136361 0.139027 0.128429 0.152216 0.128847 0.151040
0.127986 0.139351 0.192874 0.131675 0.141933 0.127956 0.138226
0.106933 0.123318 0.140047 0.116312 0.194960 0.147171 0.171259
0.115026 0.153611 0.150931 0.141689 0.169886 0.137345 0.131512
0.114685 0.155395 0.147654 0.154162 0.146979 0.145691 0.135435
0.158737 0.132205 0.140528 0.115131 0.122342 0.153028 0.178028
0.157289 0.155450 0.129189 0.120445 0.133334 0.153302 0.150991
0.166998 0.182506 0.118070 0.128602 0.147504 0.138433 0.117887
0.130781 0.144939 0.161133 0.129565 0.129555 0.170904 0.133123
0.125634 0.141790 0.148921 0.152261 0.134605 0.142759 0.154030
0.133070 0.141737 0.140902 0.187889 0.134981 0.134717 0.126705
0.120408 0.119485 0.147842 0.186625 0.127238 0.150639 0.147763
0.116209 0.162524 0.139928 0.155739 0.140024 0.142143 0.143434
0.141673 0.149991 0.147959 0.161271 0.154421 0.124426 0.120259
0.185272 0.120339 0.138304 0.116727 0.139732 0.132354 0.167272
0.184984 0.137346 0.125259 0.122858 0.134072 0.149171 0.146309
0.153116 0.158487 0.131185 0.139846 0.137224 0.141497 0.138644
0.115131 0.136744 0.137357 0.165955 0.150869 0.141998 0.151946
0.117921 0.149163 0.135448 0.149904 0.132969 0.148495 0.166099
0.132179 0.151655 0.146376 0.142558 0.136025 0.147472 0.143735
0.169828 0.129003 0.149206 0.135218 0.123919 0.147601 0.145226
0.151476 0.146490 0.129291 0.129560 0.119127 0.158706 0.165351
0.136044 0.141959 0.147853 0.149847 0.150226 0.148191 0.125880
0.127285 0.165944 0.129805 0.139805 0.146807 0.124786 0.165567
0.134949 0.144835 0.126290 0.126017 0.132993 0.192782 0.142134
0.145245 0.175184 0.121822 0.122695 0.166358 0.138952 0.129745
0.157937 0.154889 0.145266 0.133600 0.130451 0.142286 0.135571
0.140883 0.156144 0.125194 0.129478 0.139475 0.153127 0.155699
0.153440 0.133735 0.166767 0.142956 0.135261 0.132848 0.134991
0.137231 0.149935 0.135053 0.150381 0.119574 0.160391 0.147435
0.141544 0.139143 0.139258 0.155336 0.135453 0.141400 0.147865
0.124799 0.136126 0.135249 0.136283 0.141124 0.186126 0.140292
0.135189 0.163409 0.124382 0.138652 0.135894 0.141470 0.161004
0.134366 0.141395 0.141147 0.145065 0.147722 0.153895 0.136410
0.126137 0.143825 0.142324 0.144082 0.143676 0.153910 0.146046
0.133675 0.148391 0.121545 0.122831 0.176775 0.135891 0.160891
0.119253 0.164928 0.141178 0.125415 0.136060 0.166174 0.146992
0.119012 0.138788 0.144193 0.130182 0.196902 0.146185 0.124738
0.124517 0.131216 0.157378 0.159123 0.137381 0.142368 0.148019
0.178250 0.141429 0.145844 0.133177 0.121853 0.142686 0.136762
0.147070 0.123131 0.154067 0.133812 0.169707 0.137401 0.134812
0.117384 0.142655 0.196598 0.118450 0.141767 0.147374 0.135773
0.132472 0.151045 0.146739 0.127832 0.149414 0.153678 0.138821
0.118401 0.139010 0.162596 0.173836 0.130487 0.141374 0.134297
0.119467 0.158360 0.141296 0.129353 0.139330 0.154194 0.157999
0.195614 0.138369 0.129774 0.120882 0.124145 0.138107 0.153110
0.145309 0.148746 0.145227 0.136837 0.144270 0.148740 0.130871
0.141295 0.146333 0.136323 0.138207 0.143885 0.146323 0.147634
0.115475 0.146295 0.146295 0.155923 0.133805 0.146295 0.155911
0.141175 0.160206 0.143539 0.147207 0.133539 0.143539 0.130795
0.135515 0.147171 0.144445 0.135020 0.160662 0.144445 0.132743
0.138707 0.144969 0.147889 0.132925 0.149515 0.148747 0.137249
0.187869 0.123388 0.129666 0.135505 0.140554 0.140554 0.142464
0.115501 0.126208 0.164901 0.109979 0.176597 0.155374 0.151440
0.181448 0.124292 0.146992 0.094525 0.135653 0.123153 0.193936
0.160063 0.148053 0.128053 0.137668 0.139735 0.150587 0.135842
0.127655 0.139289 0.144320 0.128441 0.148827 0.155097 0.156372
0.126586 0.127637 0.133864 0.138056 0.145400 0.127979 0.200479
0.140865 0.142204 0.137864 0.127223 0.151997 0.156771 0.143077
0.105876 0.146321 0.159410 0.094755 0.157235 0.145380 0.191022
0.133783 0.144441 0.156168 0.126398 0.160957 0.145959 0.132295
0.139952 0.146812 0.138488 0.139594 0.148248 0.157859 0.129048
0.139652 0.124767 0.142441 0.146792 0.153562 0.154886 0.137901
0.124511 0.123827 0.131572 0.180359 0.131042 0.127377 0.181311
0.163926 0.142989 0.130637 0.158597 0.132640 0.144629 0.126582
0.142754 0.141327 0.144724 0.169156 0.136036 0.142906 0.123097
0.107803 0.144606 0.161304 0.139279 0.134765 0.128674 0.183569
0.134665 0.158199 0.164881 0.132239 0.131664 0.148887 0.129465
0.120303 0.149649 0.161994 0.121967 0.157663 0.130241 0.158183
0.115406 0.141433 0.135159 0.188230 0.148637 0.139847 0.131288
0.112262 0.137140 0.129131 0.146981 0.160419 0.140800 0.173266
0.131798 0.126054 0.129651 0.142751 0.151358 0.155211 0.163177
0.133681 0.136774 0.136661 0.126121 0.161764 0.137633 0.167365
0.151869 0.164375 0.136161 0.135360 0.139527 0.147438 0.125271
0.142023 0.164391 0.148768 0.137822 0.126211 0.126518 0.154269
0.181942 0.140557 0.114428 0.126288 0.138970 0.118681 0.179133
0.136762 0.138614 0.140147 0.143765 0.154892 0.152790 0.133031
0.107325 0.143528 0.144222 0.131722 0.172040 0.147040 0.154123
0.118738 0.151937 0.129133 0.145532 0.161937 0.162209 0.130513
0.118367 0.139386 0.134849 0.147622 0.138549 0.139386 0.181840
0.166277 0.128302 0.156493 0.125329 0.119969 0.144979 0.158652
0.144935 0.146838 0.131762 0.139780 0.148904 0.150408 0.137374
0.146335 0.131652 0.136577 0.157964 0.137785 0.156652 0.133036
0.120077 0.141574 0.154588 0.159745 0.132906 0.140189 0.150921
0.116830 0.153492 0.121866 0.146936 0.154083 0.159858 0.146936
0.156934 0.154000 0.140950 0.141442 0.126988 0.156543 0.123144
0.113589 0.144829 0.201920 0.127369 0.141237 0.119884 0.151172
0.127435 0.144436 0.142599 0.131936 0.159467 0.162268 0.131859
0.173175 0.140749 0.151358 0.144396 0.132129 0.139826 0.118367
0.150576 0.137072 0.152037 0.154006 0.117819 0.124839 0.163652
0.178612 0.127714 0.117768 0.123690 0.137062 0.136797 0.178358
0.171287 0.149983 0.124487 0.140831 0.137252 0.158588 0.117573
0.123918 0.156608 0.139223 0.157691 0.137444 0.154554 0.130562
0.135756 0.132082 0.142101 0.132082 0.157640 0.148479 0.151859
0.099065 0.139064 0.135647 0.133911 0.173896 0.136430 0.181989
0.125788 0.153013 0.143388 0.135977 0.151729 0.140513 0.149592
0.124845 0.197214 0.130106 0.130208 0.147336 0.148324 0.121968
0.159921 0.141534 0.133568 0.146062 0.135198 0.148473 0.135245
0.147582 0.155418 0.124556 0.158392 0.131095 0.141735 0.141223
0.129460 0.139036 0.133920 0.146874 0.141579 0.142033 0.167099
0.142657 0.119858 0.152377 0.138198 0.148443 0.154858 0.143609
0.112304 0.145429 0.123886 0.138798 0.149612 0.149881 0.180089
0.129169 0.139546 0.129345 0.138418 0.162369 0.156212 0.144941
0.119835 0.149318 0.129736 0.140888 0.122807 0.149474 0.187943
0.111639 0.160458 0.134515 0.149420 0.148496 0.148227 0.147246
0.187323 0.126783 0.146912 0.123223 0.141540 0.141540 0.132679
0.139867 0.137930 0.148917 0.125430 0.160440 0.160430 0.126988
0.119520 0.158564 0.135799 0.160672 0.141634 0.141634 0.142177
0.143494 0.139664 0.130012 0.140522 0.167934 0.142934 0.135441
0.150180 0.122533 0.163565 0.145255 0.136305 0.137508 0.144653
0.110618 0.152364 0.126680 0.153629 0.133156 0.148965 0.174589
0.143204 0.168064 0.132664 0.143107 0.141008 0.135364 0.136588
0.144833 0.136750 0.151023 0.130088 0.129802 0.149329 0.158175
0.133589 0.153737 0.139588 0.129139 0.153048 0.149524 0.141375
0.136122 0.140478 0.159093 0.133133 0.144155 0.136355 0.150664
0.162908 0.122710 0.135513 0.150781 0.128311 0.138133 0.161644
0.133869 0.160643 0.125717 0.146462 0.146724 0.131745 0.154840
0.118174 0.146634 0.152557 0.159889 0.148891 0.145279 0.128576
0.127680 0.140974 0.152561 0.144912 0.148178 0.140812 0.144884
0.174578 0.136574 0.130905 0.134846 0.146043 0.133649 0.143405
0.127273 0.147560 0.145120 0.144484 0.144207 0.148922 0.142433
0.178206 0.145655 0.132129 0.124006 0.138739 0.138709 0.142556
0.154152 0.140948 0.149090 0.135258 0.138713 0.151569 0.130270
0.149151 0.156213 0.148909 0.134043 0.133795 0.144870 0.133018
0.115259 0.134374 0.137848 0.129193 0.142477 0.135725 0.205124
0.158265 0.141263 0.133351 0.120663 0.139364 0.157430 0.149664
0.133320 0.142636 0.142065 0.132377 0.175033 0.151673 0.122897
0.121888 0.134145 0.148348 0.130513 0.163638 0.138338 0.163131
0.124191 0.125494 0.141122 0.150853 0.153114 0.135478 0.169748
0.144736 0.131993 0.142995 0.174301 0.130268 0.144229 0.131479
0.135305 0.146912 0.147458 0.147658 0.129120 0.162133 0.131414
0.125651 0.133988 0.146174 0.173761 0.119796 0.139006 0.161624
0.129255 0.134577 0.144288 0.125171 0.143538 0.194567 0.128604
0.135393 0.168416 0.122724 0.111739 0.137962 0.139479 0.184286
0.150994 0.158755 0.141998 0.121949 0.155049 0.116704 0.154550
0.156277 0.142082 0.140349 0.145975 0.134317 0.140329 0.140672
0.120626 0.131538 0.143295 0.142349 0.183622 0.122185 0.156385
0.122378 0.131571 0.152132 0.180420 0.134244 0.132105 0.147150
0.145799 0.153657 0.149164 0.142459 0.115495 0.135314 0.158113
0.134164 0.142870 0.125232 0.127471 0.156870 0.157407 0.155986
0.131923 0.135428 0.162959 0.139465 0.130595 0.135426 0.164204
0.129142 0.149546 0.152955 0.134533 0.147990 0.153090 0.132744
0.095232 0.133014 0.163296 0.130197 0.187077 0.151577 0.139608
0.155822 0.135277 0.161223 0.145814 0.142937 0.116385 0.142542
0.145289 0.168454 0.142927 0.136884 0.127244 0.150913 0.128290
0.164270 0.144657 0.130845 0.146142 0.134914 0.138163 0.141009
0.142665 0.124666 0.144101 0.187014 0.125234 0.130368 0.145952
0.131350 0.148438 0.146749 0.152721 0.138381 0.128100 0.154261
0.129860 0.126543 0.116915 0.133192 0.179174 0.178014 0.136303
0.128500 0.131915 0.152186 0.135568 0.178460 0.138660 0.134711
0.142599 0.142128 0.146871 0.134207 0.153539 0.157583 0.123074
0.147477 0.144957 0.130285 0.145160 0.143533 0.148621 0.139966
0.138296 0.136336 0.135876 0.150802 0.122813 0.126336 0.189541
0.142079 0.164671 0.145631 0.122564 0.121328 0.123616 0.180112
0.143246 0.152006 0.138851 0.145474 0.136125 0.140023 0.144277
0.129555 0.172879 0.146813 0.119021 0.126060 0.125672 0.180001
0.130291 0.163361 0.150301 0.148849 0.147412 0.127412 0.132374
0.134319 0.139832 0.133616 0.145347 0.155237 0.153789 0.137862
0.106538 0.137297 0.178079 0.126179 0.140579 0.138278 0.173051
0.141219 0.141195 0.147227 0.139278 0.150694 0.139538 0.140849
0.144318 0.141341 0.140585 0.149245 0.141863 0.147480 0.135167
0.135848 0.130329 0.144214 0.122882 0.121138 0.167829 0.177760
0.120593 0.137827 0.134049 0.175886 0.131305 0.136777 0.163563
0.175061 0.146146 0.129712 0.146681 0.145140 0.145877 0.111384
0.111555 0.139422 0.138976 0.122895 0.124517 0.133652 0.228982
0.140245 0.147232 0.144975 0.133100 0.139441 0.127232 0.167776
0.141956 0.146585 0.147458 0.128691 0.146583 0.147721 0.141006
0.104580 0.138917 0.176416 0.136372 0.122769 0.151417 0.169530
0.106957 0.159243 0.158078 0.143650 0.142804 0.158088 0.131181
0.158466 0.143126 0.145544 0.161347 0.128198 0.145538 0.117782
0.131658 0.120487 0.142987 0.163360 0.136574 0.167987 0.136945
0.128291 0.141925 0.150558 0.153747 0.140666 0.152554 0.132260
0.133398 0.152312 0.143978 0.134518 0.155079 0.127312 0.153403
0.171057 0.136841 0.129772 0.109858 0.133754 0.139899 0.178819
0.157027 0.150708 0.125366 0.133214 0.142342 0.145511 0.145833
0.105156 0.147926 0.138904 0.136793 0.186293 0.148904 0.136025
0.139590 0.141076 0.144839 0.118328 0.158196 0.153576 0.144396
0.137616 0.140120 0.148773 0.151038 0.144520 0.143792 0.134142
0.130076 0.149695 0.148085 0.146708 0.145989 0.150140 0.129307
0.171013 0.130670 0.128963 0.117379 0.135685 0.132917 0.183373
0.143533 0.133064 0.132587 0.180370 0.125277 0.133064 0.152106
0.120556 0.173142 0.143024 0.134087 0.157987 0.131476 0.139727
0.158879 0.155283 0.144810 0.133034 0.146236 0.152556 0.109201
0.139804 0.145553 0.141725 0.129312 0.142443 0.144659 0.156504
0.148030 0.133666 0.134095 0.184105 0.116989 0.120777 0.162338
0.137811 0.133828 0.149967 0.136800 0.146619 0.147467 0.147507
0.140226 0.160064 0.142063 0.152111 0.114585 0.157530 0.133420
0.119724 0.168527 0.130313 0.134895 0.171308 0.151860 0.123372
0.112103 0.137588 0.145765 0.121107 0.156518 0.143259 0.183660
0.152499 0.126884 0.140799 0.149109 0.128437 0.136884 0.165388
0.121004 0.145674 0.152135 0.137276 0.151214 0.141006 0.151692
0.135249 0.150567 0.143896 0.135960 0.143275 0.150295 0.140759
0.152710 0.148688 0.129352 0.127267 0.137328 0.146207 0.158449
0.123656 0.164007 0.120534 0.171728 0.115736 0.148213 0.156125
0.164800 0.144688 0.130329 0.123497 0.143432 0.157449 0.135804
0.176034 0.144082 0.140699 0.130256 0.129301 0.142917 0.136711
0.125178 0.148182 0.150604 0.150592 0.138456 0.150604 0.136384
0.110237 0.133040 0.158050 0.157192 0.147902 0.145540 0.148040
0.129065 0.128841 0.164086 0.129318 0.166351 0.139086 0.143253
0.099240 0.133393 0.185985 0.159324 0.156193 0.135979 0.129887
0.128605 0.146127 0.143281 0.144951 0.150858 0.149553 0.136625
0.123848 0.155870 0.153865 0.122782 0.156274 0.143720 0.143640
0.126616 0.155722 0.135007 0.147198 0.132982 0.143515 0.158959
0.130958 0.136485 0.151399 0.139305 0.121083 0.159285 0.161485
0.177423 0.155078 0.134762 0.132004 0.118353 0.145317 0.137063
0.194114 0.152005 0.120400 0.123331 0.130037 0.157769 0.122345
0.133871 0.122482 0.153614 0.145164 0.145760 0.147471 0.151638
0.146797 0.147812 0.136564 0.127030 0.159076 0.140744 0.141979
0.138239 0.157542 0.123178 0.141871 0.157850 0.143019 0.138301
0.118506 0.144085 0.135701 0.149204 0.137060 0.155969 0.159476
0.170630 0.151447 0.138826 0.120175 0.128329 0.141129 0.149462
0.176521 0.143274 0.127618 0.137075 0.120687 0.149680 0.145145
0.143979 0.125798 0.153831 0.150556 0.114434 0.155926 0.155476
0.134434 0.147307 0.151034 0.125769 0.129180 0.157325 0.154951
0.139787 0.142283 0.136898 0.134762 0.160224 0.142594 0.143452
0.097194 0.129961 0.146490 0.126769 0.153418 0.184751 0.161418
0.129663 0.147799 0.176660 0.129065 0.130817 0.145125 0.140871
0.117300 0.163405 0.162532 0.140518 0.163119 0.125409 0.127716
0.119247 0.140919 0.137598 0.163392 0.150763 0.137400 0.150682
0.131010 0.156993 0.147424 0.128403 0.133690 0.152421 0.150059
0.160862 0.159392 0.154643 0.122549 0.129277 0.140376 0.132901
0.124508 0.132522 0.194120 0.103703 0.117352 0.131931 0.195865
0.148829 0.143741 0.157135 0.115291 0.132576 0.154666 0.147763
0.179496 0.154565 0.130717 0.125630 0.123984 0.148853 0.136754
0.137191 0.138415 0.123971 0.153019 0.165914 0.129604 0.151886
0.133600 0.151907 0.124777 0.119481 0.187109 0.142042 0.141083
0.134236 0.149816 0.122068 0.152770 0.153138 0.150136 0.137835
0.113438 0.157038 0.109439 0.152783 0.145645 0.126687 0.194970
0.157304 0.142816 0.129526 0.154790 0.124161 0.143330 0.148073
0.161285 0.142750 0.134821 0.133452 0.125976 0.164283 0.137434
0.148389 0.140463 0.116680 0.122013 0.147871 0.126772 0.197812
0.143772 0.133974 0.134712 0.131791 0.144219 0.155058 0.156474
0.117612 0.159414 0.139412 0.131345 0.143605 0.154236 0.154376
0.132984 0.142478 0.155135 0.142444 0.148961 0.135961 0.142037
0.122591 0.148206 0.164879 0.136936 0.142926 0.149426 0.135037
0.143206 0.133780 0.146227 0.155094 0.131924 0.155084 0.134684
0.127977 0.138938 0.137621 0.150018 0.131427 0.125018 0.189000
0.151846 0.130026 0.135455 0.158232 0.134243 0.142848 0.147349
0.150282 0.136930 0.168199 0.141584 0.145724 0.138999 0.118283
0.155769 0.125688 0.129323 0.149772 0.126075 0.153285 0.160089
0.117011 0.145977 0.156230 0.133839 0.158826 0.147926 0.140192
0.098604 0.140807 0.171122 0.149635 0.158146 0.153801 0.127886
0.107343 0.153250 0.156436 0.156247 0.153699 0.143747 0.129278
0.143222 0.137912 0.152819 0.124924 0.151534 0.154090 0.135499
0.177045 0.120658 0.185608 0.116880 0.139118 0.116969 0.143722
0.194106 0.160792 0.120664 0.140215 0.124898 0.107675 0.151650
0.191866 0.108582 0.110389 0.138017 0.118454 0.150110 0.182581
0.159966 0.161045 0.131805 0.137156 0.132799 0.140980 0.136247
0.161080 0.135967 0.126692 0.145617 0.135893 0.132932 0.161820
0.113023 0.139172 0.141188 0.155575 0.156905 0.140702 0.153435
0.129938 0.139898 0.142981 0.141252 0.143022 0.154459 0.148450
0.116474 0.147409 0.140576 0.157399 0.182253 0.126054 0.129835
0.128660 0.132792 0.168713 0.166239 0.132297 0.141983 0.129316
0.141558 0.129142 0.146522 0.141913 0.160137 0.134584 0.146144
0.165524 0.160235 0.116072 0.149832 0.137601 0.125795 0.144942
0.127065 0.132207 0.134312 0.152386 0.133483 0.154874 0.165673
0.124262 0.146342 0.151484 0.147488 0.130489 0.163428 0.136507
0.135022 0.150440 0.141802 0.141272 0.133081 0.155558 0.142825
0.130655 0.135303 0.146953 0.150880 0.152031 0.135710 0.148469
0.126538 0.115994 0.165345 0.144467 0.157208 0.145363 0.145086
0.112260 0.163733 0.167811 0.152534 0.137972 0.144870 0.120820
0.132876 0.142547 0.163283 0.145225 0.148025 0.147929 0.120114
0.138393 0.110384 0.169389 0.120499 0.160715 0.154476 0.146143
0.124589 0.142698 0.155553 0.127725 0.166638 0.157484 0.125313
0.122560 0.144781 0.129543 0.176571 0.143702 0.135363 0.147480
0.140856 0.154229 0.104723 0.145665 0.133545 0.160180 0.160802
0.133579 0.142937 0.144318 0.143032 0.149140 0.153435 0.133559
0.140787 0.137341 0.144126 0.151404 0.144889 0.146606 0.134847
0.111102 0.127610 0.168801 0.130714 0.128952 0.135889 0.196932
0.101944 0.129991 0.154052 0.146736 0.167658 0.137802 0.161817
0.120214 0.204637 0.143376 0.139642 0.122215 0.140309 0.129607
0.127379 0.142166 0.150048 0.148003 0.155132 0.124681 0.152591
0.174956 0.129980 0.131575 0.137487 0.141302 0.143345 0.141355
0.154539 0.153351 0.135123 0.127701 0.137610 0.136878 0.154797
0.153617 0.178528 0.134863 0.121070 0.143499 0.117609 0.150814
0.126489 0.152249 0.154432 0.138177 0.137060 0.156687 0.134906
0.144984 0.132721 0.165815 0.121031 0.138558 0.149570 0.147320
0.119509 0.121156 0.140882 0.137373 0.137988 0.150666 0.192426
0.109256 0.115775 0.148206 0.148368 0.168570 0.150417 0.159409
0.135607 0.158993 0.146884 0.119686 0.115396 0.164699 0.158736
0.164785 0.146550 0.139552 0.123632 0.148167 0.136792 0.140523
0.129640 0.137595 0.159157 0.132250 0.156856 0.159419 0.125084
0.127571 0.133004 0.161859 0.121653 0.155946 0.161849 0.138117
0.155615 0.175553 0.125823 0.114010 0.144008 0.125834 0.159157
0.142150 0.137585 0.155024 0.143466 0.146690 0.142524 0.132560
0.139508 0.128056 0.150776 0.141339 0.144553 0.164857 0.130910
0.144950 0.135500 0.148943 0.144534 0.136475 0.151670 0.137928
0.128347 0.129148 0.140916 0.182118 0.129467 0.145002 0.145002
0.129415 0.163242 0.132946 0.151971 0.115425 0.144991 0.162009
0.130868 0.143493 0.150647 0.142877 0.152104 0.129814 0.150198
0.147287 0.139265 0.143556 0.146307 0.137608 0.144779 0.141199
0.133075 0.145662 0.141422 0.168874 0.131165 0.138379 0.141422
0.155681 0.146384 0.140351 0.136328 0.140554 0.123685 0.157018
0.124526 0.126444 0.143604 0.154246 0.160271 0.147306 0.143604
0.159243 0.136516 0.146042 0.121306 0.145257 0.144715 0.146921
0.128854 0.144679 0.138106 0.177568 0.137838 0.138626 0.134328
0.120674 0.135875 0.161808 0.137100 0.156049 0.162853 0.125642
0.129081 0.190343 0.137935 0.139503 0.117935 0.138188 0.147014
0.132716 0.144310 0.131007 0.138076 0.168770 0.131526 0.153595
0.140734 0.134576 0.151457 0.156378 0.142018 0.149199 0.125638
0.138038 0.121260 0.145890 0.139865 0.163456 0.143731 0.147760
0.121414 0.186240 0.122442 0.125747 0.183415 0.118389 0.142353
0.121948 0.136766 0.136865 0.143718 0.197407 0.136556 0.126740
0.120357 0.137457 0.142560 0.127622 0.140992 0.186590 0.144422
0.135899 0.175866 0.122620 0.135118 0.142106 0.139413 0.148978
0.179580 0.133322 0.140333 0.137427 0.138364 0.138730 0.132244
0.138309 0.142730 0.136664 0.132730 0.134968 0.168383 0.146215
0.125731 0.143491 0.143807 0.175668 0.144919 0.123143 0.143242
0.167776 0.124722 0.134406 0.150017 0.142720 0.149207 0.131152
0.172438 0.122765 0.136951 0.117751 0.165703 0.120821 0.163571
0.118037 0.152207 0.140366 0.126721 0.147425 0.121139 0.194106
0.122508 0.152299 0.152559 0.145539 0.140998 0.151712 0.134384
0.124276 0.154951 0.148086 0.155809 0.128886 0.147465 0.140527
0.118342 0.145573 0.132814 0.147136 0.149739 0.151179 0.155217
0.114264 0.178373 0.129922 0.164226 0.152123 0.151726 0.109367
0.125204 0.141614 0.158530 0.153934 0.135187 0.151060 0.134472
0.117145 0.132906 0.169327 0.146365 0.126542 0.146365 0.161350
0.128668 0.128725 0.135542 0.151364 0.117443 0.204876 0.133382
0.185603 0.123774 0.125384 0.143521 0.114946 0.156582 0.150190
0.145590 0.131478 0.122543 0.145291 0.121042 0.145291 0.188766
0.139100 0.133906 0.167741 0.124175 0.182136 0.120893 0.132050
0.137677 0.147488 0.145994 0.151324 0.139744 0.142991 0.134783
0.122852 0.117608 0.124906 0.143924 0.155213 0.143924 0.191573
0.131357 0.142239 0.140476 0.144966 0.154207 0.144966 0.141789
0.132235 0.144961 0.160232 0.126733 0.147110 0.126733 0.161994
0.150232 0.132050 0.169404 0.135299 0.137067 0.135299 0.140650
0.136079 0.129737 0.152243 0.154268 0.143587 0.154268 0.129819
0.145273 0.177603 0.127347 0.138333 0.122743 0.138333 0.150367
0.124037 0.150282 0.149699 0.146142 0.137935 0.146142 0.145763
0.136453 0.147748 0.152272 0.136342 0.146741 0.136342 0.144102
0.144705 0.135028 0.137155 0.147867 0.161338 0.147867 0.126041
0.125592 0.144686 0.134507 0.138015 0.155373 0.138015 0.163812
0.188689 0.134748 0.122442 0.135965 0.155348 0.135965 0.126842
0.128959 0.147193 0.137638 0.134906 0.136756 0.134048 0.180499
0.112314 0.142645 0.132013 0.165615 0.135171 0.138949 0.173292
0.132006 0.144364 0.139339 0.160984 0.139455 0.146368 0.137483
0.172871 0.137671 0.127671 0.129622 0.124904 0.149821 0.157440
0.117300 0.135625 0.145114 0.170277 0.144816 0.156550 0.130318
0.140047 0.167831 0.131663 0.137201 0.131169 0.136326 0.155763
0.179570 0.124338 0.145531 0.125073 0.153139 0.153052 0.119295
0.125502 0.134650 0.153184 0.144553 0.156361 0.154923 0.130827
0.155843 0.159454 0.129763 0.146932 0.122815 0.130368 0.154825
0.124543 0.136320 0.135324 0.125335 0.145569 0.141593 0.191316
0.102164 0.130773 0.140903 0.137847 0.182487 0.129133 0.176692
0.137530 0.129443 0.139598 0.151236 0.154376 0.142355 0.145461
0.137717 0.136643 0.130954 0.128987 0.148915 0.165153 0.151630
0.125245 0.146020 0.151072 0.151218 0.137651 0.150094 0.138699
0.144661 0.150134 0.123586 0.148126 0.130108 0.123586 0.179799
0.148670 0.134866 0.140862 0.135812 0.143686 0.170973 0.125131
0.134320 0.140350 0.187397 0.127309 0.136145 0.127208 0.147270
0.132813 0.147684 0.149611 0.175756 0.139196 0.115517 0.139424
0.129492 0.152462 0.145361 0.140694 0.150465 0.150005 0.131521
0.119888 0.150014 0.179366 0.140140 0.151962 0.121222 0.137409
0.109094 0.183765 0.128021 0.144164 0.149054 0.106750 0.179153
0.140283 0.149430 0.139625 0.130704 0.149885 0.152356 0.137717
0.120570 0.143786 0.147729 0.144112 0.153221 0.150525 0.140057
0.144716 0.134434 0.119373 0.165597 0.137706 0.133799 0.164374
0.165131 0.131852 0.136403 0.128749 0.168107 0.140738 0.129020
0.135806 0.140416 0.155416 0.106140 0.145712 0.143991 0.172520
0.138029 0.140769 0.134025 0.150246 0.151400 0.136874 0.148658
0.140252 0.148827 0.139493 0.130425 0.153059 0.148059 0.139885
0.126611 0.147221 0.157858 0.135614 0.139806 0.161699 0.131191
0.109298 0.121369 0.141258 0.162154 0.140440 0.120042 0.205440
0.164023 0.128734 0.134800 0.132780 0.138131 0.147276 0.154257
0.109563 0.150517 0.139998 0.140171 0.138019 0.188486 0.133246
0.116232 0.154575 0.122883 0.166423 0.151574 0.146821 0.141491
0.127929 0.167722 0.136066 0.140960 0.135649 0.162226 0.129447
0.176010 0.145870 0.156972 0.115410 0.129472 0.113229 0.163038
0.125982 0.137114 0.149600 0.188915 0.151582 0.114359 0.132447
0.152903 0.139462 0.142255 0.156298 0.142248 0.143064 0.123770
0.164735 0.144202 0.149724 0.140173 0.128777 0.133265 0.139124
0.130930 0.145396 0.145515 0.142698 0.142518 0.137568 0.155376
0.167530 0.139912 0.163392 0.104293 0.136028 0.140440 0.148406
0.124199 0.122657 0.140419 0.135326 0.128813 0.180918 0.167667
0.133612 0.163523 0.129378 0.129935 0.145653 0.158314 0.139584
0.145564 0.143919 0.137343 0.132590 0.150855 0.157678 0.132052
0.139239 0.134437 0.149678 0.124739 0.159688 0.141605 0.150614
0.153391 0.137034 0.153254 0.163259 0.143254 0.118918 0.130891
0.176179 0.109366 0.148295 0.114698 0.154962 0.157318 0.139182
0.135532 0.111237 0.138624 0.106972 0.167209 0.192203 0.148224
0.131008 0.159049 0.136554 0.143491 0.144254 0.145681 0.139963
0.136919 0.142794 0.151840 0.131923 0.143208 0.147472 0.145843
0.126939 0.143981 0.144977 0.138077 0.148663 0.129239 0.168125
0.141780 0.157499 0.145259 0.135050 0.154093 0.127347 0.138972
0.120212 0.163231 0.127428 0.160652 0.123544 0.165162 0.139772
0.129142 0.155863 0.128208 0.158018 0.141135 0.155836 0.131798
0.133473 0.140037 0.138811 0.148257 0.150733 0.147171 0.141517
0.138054 0.160479 0.141194 0.135860 0.139438 0.133311 0.151664
0.112369 0.129419 0.130008 0.142523 0.154819 0.166042 0.164819
0.125667 0.157376 0.109606 0.171236 0.146070 0.140447 0.149599
0.130519 0.154892 0.153420 0.184724 0.133138 0.118317 0.124990
0.120346 0.154573 0.152067 0.136609 0.140312 0.148138 0.147955
0.135824 0.129703 0.133488 0.123366 0.164847 0.150286 0.162486
0.134209 0.137806 0.146962 0.129809 0.143287 0.147973 0.159954
0.144246 0.145101 0.161778 0.128327 0.137993 0.144139 0.138415
0.115913 0.140055 0.144162 0.144895 0.154357 0.155985 0.144632
0.158074 0.139211 0.158623 0.149925 0.131907 0.132183 0.130077
0.126205 0.133006 0.151397 0.141429 0.148211 0.158208 0.141544
0.137400 0.127717 0.127336 0.169606 0.146313 0.144734 0.146893
0.164519 0.140479 0.137779 0.158311 0.129608 0.130491 0.138814
0.136545 0.158708 0.154760 0.115823 0.142974 0.150728 0.140463
0.135272 0.142794 0.148498 0.108884 0.157495 0.183529 0.123529
0.167611 0.148518 0.143880 0.097045 0.160295 0.136610 0.146040
0.121761 0.155285 0.149998 0.123439 0.139199 0.162115 0.148203
0.124875 0.132419 0.119075 0.145693 0.148363 0.173747 0.155829
0.137745 0.148356 0.142019 0.141532 0.143720 0.141761 0.144868
0.149093 0.133387 0.144216 0.144692 0.134787 0.148138 0.145687
0.113512 0.135215 0.124317 0.184566 0.153355 0.135836 0.153199
0.116693 0.155502 0.197395 0.136149 0.140454 0.124038 0.129768
0.159842 0.164441 0.169853 0.116408 0.135529 0.129805 0.124121
0.135728 0.146501 0.141822 0.130443 0.146753 0.143100 0.155653
0.137253 0.161893 0.129405 0.150693 0.136903 0.135251 0.148603
0.126290 0.188207 0.124240 0.143873 0.136191 0.142426 0.138773
0.116828 0.122700 0.125716 0.126681 0.179639 0.130882 0.197555
0.133594 0.136597 0.142871 0.137409 0.158644 0.166662 0.124223
0.154958 0.143850 0.134895 0.123358 0.161271 0.143716 0.137953
0.122585 0.134641 0.162320 0.141935 0.133025 0.134884 0.170610
0.121822 0.152221 0.156047 0.131691 0.138888 0.154421 0.144910
0.142848 0.147703 0.153938 0.133054 0.132669 0.154231 0.135558
0.152616 0.140256 0.168301 0.138107 0.127523 0.129494 0.143703
0.155382 0.138839 0.146873 0.162788 0.141266 0.134180 0.120671
0.149807 0.136243 0.145262 0.156656 0.137612 0.152683 0.121736
0.168055 0.149220 0.099501 0.111097 0.137884 0.125471 0.208771
0.175464 0.152389 0.127032 0.129281 0.146155 0.137722 0.131956
0.177308 0.134790 0.129951 0.121709 0.129775 0.180004 0.126462
0.181314 0.139373 0.138060 0.108860 0.104567 0.124444 0.203382
0.122867 0.153316 0.151687 0.134689 0.151002 0.145573 0.140866
0.119800 0.163325 0.183522 0.117118 0.139665 0.139440 0.137131
0.121353 0.157691 0.137356 0.135886 0.150148 0.142474 0.155093
0.126723 0.155815 0.145915 0.142533 0.146401 0.136688 0.145925
0.146572 0.122712 0.144747 0.133259 0.145795 0.166875 0.140040
0.147879 0.154301 0.113733 0.141886 0.147067 0.153286 0.141848
0.117996 0.136700 0.162748 0.189555 0.139261 0.143177 0.110563
0.155599 0.139613 0.141775 0.123037 0.145526 0.140168 0.154282
0.122438 0.132866 0.138172 0.104260 0.113847 0.143276 0.245141
0.118579 0.141277 0.154407 0.134012 0.157950 0.156951 0.136825
0.126207 0.127971 0.164098 0.127575 0.161274 0.159986 0.132888
0.122301 0.159675 0.105983 0.133694 0.150030 0.142285 0.186031
0.135561 0.149466 0.136914 0.138502 0.154257 0.133344 0.151956
0.171184 0.115731 0.150572 0.116151 0.146735 0.143920 0.155707
0.174286 0.158249 0.133813 0.120806 0.137493 0.156224 0.119130
0.171631 0.150429 0.127486 0.138126 0.142723 0.135576 0.134029
0.155885 0.128464 0.128284 0.157971 0.132279 0.130536 0.166582
0.133878 0.134568 0.134874 0.129032 0.125830 0.201688 0.140130
0.119961 0.168923 0.135137 0.164654 0.127626 0.153551 0.130148
0.114413 0.142688 0.136211 0.186362 0.128799 0.156477 0.135050
0.124087 0.152823 0.126709 0.143125 0.154689 0.137041 0.161526
0.161089 0.126356 0.148455 0.132665 0.132546 0.134035 0.164855
0.144007 0.123471 0.139920 0.172243 0.143793 0.145965 0.130601
0.146779 0.155088 0.166222 0.131155 0.136159 0.138421 0.126176
0.142388 0.136809 0.146697 0.139221 0.135019 0.135443 0.164423
0.106424 0.137526 0.157700 0.164240 0.135306 0.130012 0.168791
0.145843 0.151385 0.140184 0.141704 0.130668 0.150037 0.140178
0.120636 0.141614 0.155572 0.166620 0.134088 0.145701 0.135770
0.126784 0.129656 0.160827 0.146810 0.150323 0.160593 0.125007
0.130976 0.137818 0.125896 0.148268 0.166167 0.148268 0.142606
0.151339 0.156339 0.129977 0.130190 0.133992 0.133703 0.164460
0.126464 0.158070 0.125818 0.150371 0.177044 0.135371 0.126862
0.157684 0.164389 0.124999 0.147900 0.154148 0.127256 0.123625
0.120663 0.145683 0.159129 0.109298 0.156914 0.154298 0.154016
0.108790 0.153439 0.149097 0.137989 0.140817 0.150764 0.159103
0.134117 0.136839 0.197052 0.150230 0.104099 0.134546 0.143118
0.128422 0.150891 0.153148 0.131263 0.137529 0.152616 0.146130
0.129620 0.155711 0.151573 0.143632 0.124834 0.157968 0.136661
0.122707 0.147805 0.140686 0.158084 0.144096 0.152655 0.133968
0.174338 0.149134 0.130315 0.122677 0.137405 0.137455 0.148677
0.108670 0.160758 0.135166 0.124967 0.183158 0.145648 0.141633
0.181763 0.142179 0.120508 0.145339 0.145856 0.144474 0.119880
0.130102 0.125359 0.129773 0.113231 0.188765 0.139892 0.172878
0.119574 0.157087 0.155701 0.143096 0.126453 0.155701 0.142387
0.171103 0.140447 0.148161 0.152996 0.110543 0.140453 0.136296
0.175401 0.133934 0.127599 0.127181 0.145993 0.137868 0.152025
0.126967 0.153438 0.156339 0.140676 0.114151 0.157396 0.151033
0.128491 0.133819 0.133775 0.187737 0.144917 0.146075 0.125186
0.113950 0.149093 0.138498 0.151227 0.148140 0.149093 0.149999
0.131773 0.165164 0.128933 0.130499 0.147647 0.136571 0.159412
0.121289 0.148737 0.134941 0.197386 0.134444 0.133737 0.129467
0.124249 0.137283 0.125762 0.145869 0.149200 0.136083 0.181553
0.135267 0.152400 0.152765 0.139913 0.129284 0.154701 0.135670
0.123761 0.140778 0.154624 0.134706 0.142853 0.151636 0.151642
0.127648 0.129459 0.127970 0.175913 0.146403 0.137970 0.154637
0.116467 0.148708 0.152832 0.132772 0.129192 0.160015 0.160015
0.168941 0.137587 0.135900 0.119824 0.148917 0.146169 0.142662
0.154725 0.124883 0.145317 0.137386 0.162563 0.147563 0.127563
0.138975 0.145816 0.148211 0.126401 0.147458 0.158211 0.134929
0.147148 0.129944 0.162953 0.115488 0.162422 0.137689 0.144356
0.130691 0.123245 0.142299 0.158292 0.156443 0.139415 0.149615
0.120207 0.132968 0.150017 0.193658 0.126246 0.150007 0.126895
0.167879 0.155267 0.137605 0.125727 0.130268 0.141118 0.142136
0.130928 0.131561 0.161336 0.141707 0.142823 0.146336 0.145310
0.149174 0.154788 0.149894 0.127958 0.133086 0.147010 0.138090
0.141991 0.155796 0.151302 0.110481 0.150857 0.151302 0.138271
0.115390 0.136737 0.149881 0.136103 0.184470 0.153394 0.124025
0.139579 0.112368 0.136807 0.192625 0.133201 0.146807 0.138613
0.153436 0.146358 0.128464 0.121568 0.166808 0.129308 0.154058
0.129820 0.167067 0.119081 0.167036 0.121598 0.127414 0.167983
0.131090 0.135307 0.141641 0.191018 0.126554 0.140419 0.133972
0.114561 0.148853 0.136721 0.178340 0.140233 0.138920 0.142372
0.114930 0.145651 0.149711 0.140625 0.158044 0.158044 0.132995
0.143444 0.132879 0.152520 0.118311 0.145372 0.150041 0.157433
0.194933 0.124956 0.139343 0.125471 0.138890 0.139343 0.137065
0.147421 0.138372 0.147651 0.142040 0.145304 0.151298 0.127914
0.173814 0.151016 0.128005 0.142575 0.118272 0.127415 0.158903
0.185782 0.146860 0.133643 0.119686 0.149161 0.126661 0.138208
0.122082 0.159971 0.125807 0.146625 0.144140 0.144476 0.156901
0.115642 0.128291 0.150858 0.195129 0.149406 0.137099 0.123576
0.107701 0.153857 0.150356 0.151621 0.152657 0.143851 0.139957
0.154167 0.141003 0.124748 0.132107 0.147238 0.147298 0.153440
0.169997 0.133647 0.134798 0.126995 0.144936 0.134936 0.154690
0.129458 0.123020 0.197915 0.144403 0.131249 0.129676 0.144279
0.128053 0.152087 0.151666 0.142804 0.150864 0.154682 0.119844
0.177778 0.140651 0.136710 0.136985 0.125297 0.135773 0.146805
0.147121 0.128950 0.143361 0.148910 0.147552 0.136440 0.147665
0.154087 0.146331 0.127770 0.136103 0.146103 0.135776 0.153830
0.134342 0.135924 0.141918 0.181654 0.145066 0.137147 0.123948
