0.111832 0.126321 0.107143 0.200686 0.290190 0.163828
0.156039 0.152449 0.151756 0.166612 0.174881 0.198264
0.144264 0.147222 0.144526 0.161104 0.262599 0.140286
0.173653 0.181227 0.172839 0.157873 0.135924 0.178485
0.149661 0.149665 0.162916 0.216512 0.174186 0.147060
0.178059 0.180791 0.187064 0.160330 0.133238 0.160518
0.158274 0.162651 0.192412 0.140931 0.209377 0.136354
0.168363 0.168061 0.146642 0.190358 0.172357 0.154219
0.202844 0.152844 0.140411 0.157842 0.200330 0.145730
0.151536 0.146405 0.177308 0.176369 0.196680 0.151702
0.162623 0.162623 0.168030 0.148284 0.170818 0.187623
0.185019 0.140226 0.143052 0.150058 0.241414 0.140231
0.148392 0.154964 0.142093 0.181929 0.217651 0.154971
0.150770 0.150770 0.132179 0.179322 0.236190 0.150770
0.154970 0.159411 0.156720 0.178714 0.190775 0.159411
0.161980 0.172343 0.157189 0.163635 0.172510 0.172343
0.160994 0.160994 0.138431 0.210780 0.173014 0.155787
0.170973 0.170973 0.168798 0.190924 0.142309 0.156023
0.159003 0.159003 0.183341 0.211602 0.140548 0.146503
0.171911 0.171911 0.169580 0.184726 0.143059 0.158813
0.159894 0.159894 0.185978 0.151822 0.167897 0.174515
0.139487 0.139487 0.153422 0.229797 0.151281 0.186526
0.166863 0.166863 0.158525 0.149126 0.199544 0.159079
0.162918 0.162918 0.158422 0.163103 0.202904 0.149735
0.154448 0.154448 0.130256 0.169197 0.195346 0.196306
0.135065 0.135065 0.117879 0.234004 0.201229 0.176758
0.173969 0.173969 0.171540 0.154425 0.164398 0.161699
0.153513 0.153513 0.149146 0.195241 0.210288 0.138298
0.129500 0.129500 0.119433 0.243286 0.199276 0.179005
0.141258 0.141258 0.142977 0.205151 0.229866 0.139491
0.131243 0.131243 0.167670 0.240566 0.134342 0.194936
0.155002 0.155002 0.152126 0.197138 0.189856 0.150876
0.154523 0.154523 0.205359 0.176818 0.161898 0.146880
0.139210 0.139210 0.130503 0.170380 0.268227 0.152470
0.160583 0.160583 0.150113 0.147964 0.196839 0.183918
0.160826 0.160826 0.156085 0.186542 0.181735 0.153986
0.161722 0.161722 0.143297 0.203831 0.173090 0.156338
0.177394 0.177394 0.154988 0.130746 0.169881 0.189596
0.156706 0.156706 0.160737 0.153238 0.209603 0.163010
0.151756 0.151756 0.136842 0.191834 0.169194 0.198617
0.160123 0.160123 0.153998 0.188472 0.187911 0.149374
0.165753 0.165753 0.155011 0.148956 0.211908 0.152619
0.150637 0.150637 0.194809 0.204454 0.159189 0.140274
0.172618 0.172618 0.174809 0.144385 0.168837 0.166733
0.163012 0.163012 0.195700 0.133145 0.186495 0.158636
0.153506 0.153506 0.147425 0.237729 0.167395 0.140439
0.165044 0.165044 0.149117 0.228505 0.131118 0.161172
0.158953 0.158953 0.140720 0.178050 0.202166 0.161159
0.142197 0.142197 0.130481 0.264454 0.178474 0.142197
0.161392 0.161392 0.161720 0.188348 0.165749 0.161398
0.163718 0.163718 0.148637 0.169100 0.191109 0.163718
0.165110 0.165110 0.166525 0.177046 0.161101 0.165110
0.156851 0.156851 0.190596 0.158195 0.180655 0.156851
0.177377 0.177377 0.211354 0.141711 0.114804 0.177377
0.156925 0.156925 0.156851 0.156678 0.221098 0.151525
0.170092 0.170092 0.140071 0.169933 0.197420 0.152392
0.171826 0.171826 0.157291 0.175676 0.151556 0.171826
0.163536 0.163536 0.139117 0.169794 0.214238 0.149780
0.136205 0.136205 0.178144 0.192365 0.195878 0.161205
0.154743 0.154743 0.150130 0.199717 0.189163 0.151504
0.176213 0.176213 0.168979 0.162354 0.144624 0.171616
0.150998 0.150998 0.136181 0.179590 0.228668 0.153565
0.154950 0.154950 0.144453 0.215852 0.174845 0.154950
0.165139 0.165139 0.156379 0.184973 0.179574 0.148795
0.140767 0.140767 0.181135 0.166121 0.180923 0.190286
0.165715 0.165715 0.170632 0.173913 0.164248 0.159777
0.152337 0.152337 0.202337 0.165608 0.192081 0.135300
0.147444 0.147444 0.155286 0.146712 0.229605 0.173509
0.147117 0.147117 0.136454 0.217841 0.182082 0.169391
0.177254 0.177254 0.169337 0.164881 0.147193 0.164081
0.173482 0.173482 0.148342 0.151024 0.183834 0.169834
0.168353 0.168353 0.170077 0.218014 0.117819 0.157384
0.140291 0.140291 0.137706 0.155468 0.251044 0.175199
0.125026 0.125026 0.115036 0.267657 0.176960 0.190295
0.170940 0.170940 0.168450 0.160446 0.174601 0.154623
0.153198 0.153179 0.189479 0.192454 0.177394 0.134296
0.130948 0.141327 0.141221 0.157479 0.260460 0.168564
0.157481 0.155786 0.142376 0.193636 0.183552 0.167170
0.169342 0.172137 0.166822 0.169081 0.155734 0.166884
0.176177 0.185352 0.151225 0.148549 0.156581 0.182116
0.168111 0.154233 0.155429 0.148869 0.216298 0.157060
0.149252 0.150673 0.149810 0.131276 0.256249 0.162740
0.133759 0.135938 0.130086 0.236388 0.201456 0.162374
0.166152 0.156452 0.165844 0.200316 0.148975 0.162261
0.150286 0.156339 0.202716 0.171514 0.183496 0.135650
0.167196 0.171582 0.166898 0.182592 0.153223 0.158509
0.172701 0.168091 0.167321 0.189931 0.129558 0.172398
0.150385 0.150073 0.133494 0.199431 0.216230 0.150385
0.157348 0.154801 0.129558 0.220284 0.185111 0.152898
0.174469 0.164469 0.173325 0.177022 0.151051 0.159665
0.200295 0.150604 0.138252 0.228616 0.142301 0.139932
0.162256 0.158073 0.170294 0.163769 0.187535 0.158073
0.161287 0.161299 0.168080 0.138805 0.209241 0.161287
0.156324 0.160765 0.206001 0.169871 0.146274 0.160765
0.162082 0.222445 0.167207 0.146122 0.129700 0.172445
0.171048 0.174582 0.144548 0.139294 0.199480 0.171048
0.144780 0.162527 0.151805 0.124667 0.271442 0.144780
0.171607 0.151069 0.125028 0.180162 0.200526 0.171607
0.161805 0.154951 0.156097 0.179994 0.185348 0.161805
0.150357 0.155899 0.159787 0.194516 0.189084 0.150357
0.157644 0.155591 0.142505 0.215809 0.183906 0.144546
0.152321 0.152321 0.222557 0.132626 0.175354 0.164821
0.114687 0.120573 0.138162 0.262637 0.227215 0.136727
0.169744 0.170250 0.165626 0.181670 0.150680 0.162029
0.149548 0.152614 0.145928 0.225812 0.179863 0.146235
0.140050 0.140050 0.112925 0.226804 0.250783 0.129387
0.152387 0.140181 0.133249 0.198516 0.203545 0.172121
0.167042 0.167042 0.165265 0.178711 0.162839 0.159102
0.168975 0.168969 0.147662 0.164137 0.190146 0.160111
0.151083 0.151083 0.194615 0.156409 0.206563 0.140246
0.157907 0.157907 0.178765 0.133869 0.147498 0.224055
0.147917 0.147917 0.134045 0.237577 0.177712 0.154831
0.165803 0.165803 0.160437 0.155007 0.142582 0.210370
0.168415 0.173796 0.147349 0.154054 0.191792 0.164595
0.148737 0.176816 0.171173 0.197052 0.151316 0.154905
0.169100 0.167405 0.168765 0.162647 0.141281 0.190803
0.154136 0.156931 0.145009 0.182507 0.205002 0.156415
0.164643 0.173802 0.152275 0.162101 0.186109 0.161069
0.162179 0.158300 0.124925 0.176772 0.237270 0.140555
0.157511 0.157511 0.154803 0.135639 0.202483 0.192053
0.134157 0.138922 0.161358 0.224298 0.215441 0.125824
0.149722 0.150022 0.163289 0.175257 0.171020 0.190690
0.150856 0.153587 0.194922 0.137012 0.217191 0.146431
0.138536 0.142923 0.118048 0.274768 0.213384 0.112341
0.158077 0.157775 0.139962 0.172823 0.196447 0.174916
0.138443 0.138443 0.131143 0.248482 0.158005 0.185483
0.167028 0.167018 0.133313 0.174884 0.207450 0.150307
0.150002 0.150002 0.171700 0.195777 0.195793 0.136726
0.211935 0.161935 0.160411 0.183687 0.126286 0.155745
0.156023 0.151841 0.192692 0.215915 0.147707 0.135822
0.168868 0.168868 0.188213 0.179919 0.113923 0.180208
0.156456 0.160897 0.172843 0.167528 0.184785 0.157492
0.138142 0.148505 0.157802 0.206780 0.202797 0.145974
0.167258 0.167258 0.145483 0.165204 0.171391 0.183406
0.146866 0.146866 0.137829 0.224023 0.147551 0.196866
0.161239 0.161239 0.116485 0.181809 0.217982 0.161245
0.186915 0.186915 0.163052 0.139854 0.136341 0.186922
0.165184 0.165184 0.160448 0.201647 0.160325 0.147212
0.155889 0.155873 0.128887 0.212207 0.179342 0.167801
0.163993 0.176509 0.174883 0.144194 0.166889 0.173533
0.178327 0.151945 0.198897 0.178379 0.125369 0.167082
0.156759 0.160794 0.153002 0.168802 0.215962 0.144682
0.152197 0.161638 0.144974 0.237978 0.148516 0.154697
0.189360 0.161244 0.154377 0.160127 0.153914 0.180978
0.161394 0.146418 0.149425 0.253943 0.145673 0.143147
0.157011 0.178391 0.162055 0.181068 0.145972 0.175502
0.156017 0.147376 0.183856 0.221060 0.138506 0.153185
0.127739 0.124552 0.152297 0.307632 0.146762 0.141018
0.142173 0.153733 0.151893 0.181998 0.213478 0.156726
0.163695 0.138388 0.167280 0.199918 0.167325 0.163394
0.165845 0.160263 0.158320 0.199050 0.156563 0.159960
0.159554 0.159037 0.142875 0.235232 0.144265 0.159037
0.172019 0.168964 0.162386 0.160953 0.166726 0.168952
0.170596 0.145596 0.134933 0.197553 0.205726 0.145596
0.148967 0.170372 0.145342 0.216952 0.165368 0.152998
0.169976 0.172892 0.157647 0.202719 0.139862 0.156904
0.165781 0.169983 0.167697 0.129426 0.207508 0.159604
0.132867 0.153422 0.143422 0.176866 0.198057 0.195367
0.189678 0.139678 0.143012 0.188960 0.161789 0.176883
0.168030 0.170990 0.170990 0.154710 0.121785 0.213494
0.152350 0.157339 0.169698 0.202588 0.166023 0.152002
0.161124 0.153583 0.161768 0.179959 0.192759 0.150807
0.163797 0.146096 0.148161 0.162405 0.249399 0.130141
0.143001 0.148267 0.140939 0.178130 0.239905 0.149759
0.156799 0.157300 0.154648 0.214400 0.153386 0.163467
0.133457 0.136347 0.128230 0.234933 0.242226 0.124806
0.148561 0.148561 0.132074 0.170630 0.233701 0.166473
0.159779 0.143631 0.147343 0.217669 0.180532 0.151045
0.147290 0.147290 0.178685 0.125906 0.158800 0.242030
0.160851 0.160845 0.148476 0.265968 0.125535 0.138326
0.171835 0.171835 0.169245 0.121585 0.176262 0.189238
0.154681 0.167778 0.151681 0.196310 0.178191 0.151359
0.156938 0.131938 0.136699 0.168355 0.248761 0.157309
0.138181 0.141141 0.153062 0.159310 0.215548 0.192758
0.149141 0.159003 0.138856 0.272262 0.145473 0.135266
0.146683 0.157614 0.153894 0.195122 0.216302 0.130384
0.155547 0.155547 0.150391 0.190036 0.200726 0.147753
0.143837 0.149103 0.132240 0.199647 0.218565 0.156608
0.155046 0.155546 0.148202 0.262759 0.128730 0.149717
0.156864 0.159753 0.144505 0.206083 0.165128 0.167667
0.163022 0.163022 0.152398 0.154225 0.225741 0.141592
0.172451 0.156303 0.133075 0.196959 0.186454 0.154757
0.146289 0.146289 0.182733 0.180113 0.182625 0.161950
0.167372 0.167366 0.148860 0.174442 0.174587 0.167372
0.171295 0.171295 0.147479 0.211327 0.132511 0.166094
0.155617 0.155617 0.147869 0.237810 0.158225 0.144863
0.162872 0.162872 0.141124 0.135645 0.239490 0.157998
0.160806 0.160806 0.145894 0.227901 0.156860 0.147733
0.153520 0.158393 0.161732 0.199766 0.173070 0.153520
0.123846 0.136919 0.139413 0.268802 0.212380 0.118640
0.160503 0.160503 0.153249 0.185657 0.190339 0.149749
0.145601 0.145601 0.131958 0.263543 0.167696 0.145601
0.173494 0.173494 0.212150 0.143996 0.123371 0.173494
0.144903 0.144903 0.170638 0.201911 0.192742 0.144903
0.152585 0.152585 0.201424 0.152929 0.187892 0.152585
0.190315 0.190315 0.189930 0.137914 0.114309 0.177217
0.149932 0.149932 0.132279 0.222233 0.170694 0.174932
0.174641 0.174641 0.142169 0.181494 0.155374 0.171681
0.150500 0.150500 0.191744 0.213554 0.148192 0.145511
0.153771 0.153771 0.155177 0.191044 0.190324 0.155912
0.151981 0.151981 0.129753 0.175264 0.239041 0.151981
0.154900 0.154900 0.145598 0.213557 0.181412 0.149634
0.123388 0.123388 0.161760 0.220708 0.247866 0.122888
0.144211 0.144211 0.116542 0.218536 0.248277 0.128224
0.147888 0.147888 0.156650 0.168701 0.205984 0.172888
0.139746 0.139746 0.135187 0.275958 0.156429 0.152934
0.144710 0.144726 0.116911 0.192895 0.261038 0.139721
0.174069 0.161569 0.162288 0.165729 0.160129 0.176216
0.157914 0.159296 0.158603 0.182898 0.183375 0.157914
0.156104 0.153378 0.143309 0.290790 0.105580 0.150838
0.179750 0.167250 0.170400 0.151299 0.162050 0.169250
0.155456 0.158571 0.202569 0.123391 0.157447 0.202566
0.161024 0.161024 0.162484 0.161531 0.200372 0.153565
0.158407 0.153694 0.170179 0.175325 0.185831 0.156565
0.160312 0.159998 0.168674 0.139476 0.221822 0.149718
0.145164 0.142491 0.213666 0.194490 0.146519 0.157670
0.154015 0.141515 0.155481 0.208847 0.168160 0.171982
0.175650 0.175957 0.165322 0.135995 0.180122 0.166954
0.145188 0.145188 0.179529 0.268011 0.123052 0.139032
0.170919 0.170931 0.154360 0.166978 0.164055 0.172756
0.151320 0.151320 0.143428 0.163620 0.198580 0.191733
0.146271 0.171256 0.111686 0.217767 0.238827 0.114193
0.148410 0.164211 0.151230 0.171830 0.181595 0.182723
0.167095 0.165714 0.155254 0.155288 0.196847 0.159802
0.156031 0.154561 0.164718 0.151221 0.194308 0.179160
0.147017 0.147017 0.143733 0.224318 0.161210 0.176705
0.162287 0.159171 0.146534 0.165034 0.157796 0.209178
0.182346 0.182346 0.165551 0.182575 0.127839 0.159343
0.158146 0.162859 0.156878 0.137477 0.186799 0.197842
0.164989 0.165303 0.157450 0.224113 0.126544 0.161601
0.149902 0.152575 0.131822 0.217663 0.200000 0.148039
0.154144 0.166644 0.160290 0.192640 0.164435 0.161846
0.155126 0.154820 0.124511 0.184956 0.192959 0.187628
0.141931 0.141931 0.174935 0.262813 0.159035 0.119355
0.160312 0.160300 0.167911 0.155048 0.201541 0.154888
0.167120 0.167120 0.167151 0.146181 0.172661 0.179767
0.172599 0.147599 0.150357 0.156359 0.175485 0.197599
0.144485 0.141184 0.160448 0.159278 0.236667 0.157938
0.175790 0.175790 0.192646 0.132570 0.158279 0.164926
0.167006 0.171202 0.133452 0.149649 0.221483 0.157207
0.159334 0.171834 0.159044 0.162717 0.187737 0.159334
0.150727 0.150727 0.133377 0.159840 0.184365 0.220963
0.170973 0.170973 0.141858 0.232371 0.120514 0.163311
0.166616 0.166616 0.168416 0.190233 0.160045 0.148074
0.157944 0.157928 0.176997 0.140883 0.210925 0.155323
0.142278 0.154778 0.144822 0.201173 0.188686 0.168265
0.156432 0.155051 0.160009 0.160894 0.217277 0.150337
0.160990 0.163716 0.159520 0.180527 0.182426 0.152822
0.150211 0.162711 0.144892 0.208123 0.144563 0.189500
0.164623 0.161508 0.161220 0.178949 0.168320 0.165380
0.132575 0.132575 0.154617 0.222923 0.207156 0.150155
0.173625 0.178339 0.179389 0.172962 0.134329 0.161356
0.133481 0.133795 0.134092 0.232416 0.210083 0.156133
0.177370 0.180043 0.162072 0.194000 0.137658 0.148858
0.146704 0.159204 0.171140 0.171481 0.177954 0.173516
0.186863 0.186556 0.183596 0.127602 0.143693 0.171691
0.143823 0.143823 0.188834 0.138557 0.198953 0.186010
0.147357 0.147346 0.154623 0.133432 0.256408 0.160834
0.158188 0.158188 0.145688 0.208224 0.172068 0.157644
0.168454 0.143454 0.134363 0.216072 0.199646 0.138011
0.145683 0.142382 0.128402 0.195259 0.246386 0.141889
0.144101 0.144101 0.128711 0.214485 0.216573 0.152030
0.142097 0.146293 0.149408 0.232101 0.184285 0.145816
0.142858 0.155358 0.171525 0.215400 0.146306 0.168554
0.160351 0.160351 0.142540 0.191641 0.189208 0.155910
0.158842 0.158842 0.160174 0.216810 0.145765 0.159565
0.169999 0.169999 0.164366 0.167405 0.187399 0.140832
0.155298 0.155298 0.131585 0.205826 0.171690 0.180303
0.176654 0.176654 0.180559 0.139189 0.157890 0.169054
0.176062 0.176062 0.176081 0.140418 0.184628 0.146748
0.156445 0.156426 0.133200 0.162269 0.188273 0.203388
0.171747 0.182126 0.170392 0.166890 0.142833 0.166012
0.171982 0.170287 0.175681 0.200923 0.138726 0.142401
0.152517 0.155312 0.167591 0.181624 0.171213 0.171743
0.140534 0.149693 0.150354 0.233292 0.182346 0.143781
0.155396 0.151518 0.142725 0.169782 0.238987 0.141592
0.136063 0.136063 0.120874 0.203214 0.240634 0.163153
0.131723 0.136487 0.136185 0.208523 0.253553 0.133529
0.141297 0.141596 0.157742 0.205170 0.218557 0.135638
0.127969 0.130701 0.129271 0.216446 0.249733 0.145880
0.155678 0.160064 0.157221 0.183793 0.186322 0.156921
0.162638 0.162336 0.144388 0.220534 0.160861 0.149243
0.157300 0.157300 0.170394 0.178503 0.142278 0.194225
0.161984 0.161974 0.150736 0.174636 0.195853 0.154817
0.168918 0.168918 0.170937 0.227038 0.129423 0.134767
0.209882 0.159882 0.158806 0.165172 0.127567 0.178690
0.176412 0.172229 0.148498 0.125249 0.231219 0.146393
0.163533 0.163548 0.154711 0.191464 0.168686 0.158058
0.175558 0.167499 0.148917 0.134779 0.195122 0.178124
0.153126 0.164871 0.144514 0.179194 0.209049 0.149246
0.184643 0.181917 0.130375 0.148689 0.211585 0.142792
0.138926 0.126426 0.160671 0.154342 0.252589 0.167047
0.147731 0.150846 0.131558 0.177060 0.256843 0.135961
0.171485 0.171508 0.156875 0.173831 0.178958 0.147343
0.160952 0.145451 0.163472 0.172128 0.165067 0.192930
0.164008 0.165796 0.161593 0.154686 0.205292 0.148625
0.145023 0.139309 0.197042 0.179180 0.169140 0.170306
0.167800 0.146851 0.222703 0.139782 0.156551 0.166313
0.181431 0.186396 0.177753 0.148782 0.137522 0.168116
0.171961 0.171961 0.178692 0.146477 0.187888 0.143021
0.167650 0.162333 0.168257 0.168101 0.139035 0.194624
0.157063 0.156774 0.192119 0.175392 0.126435 0.192218
0.177892 0.199934 0.161219 0.179600 0.139062 0.142293
0.139394 0.139886 0.121494 0.199097 0.205222 0.194907
0.176713 0.177009 0.154571 0.166864 0.166719 0.158124
0.156708 0.152512 0.146345 0.188723 0.183246 0.172466
0.156020 0.143529 0.156020 0.192035 0.198966 0.153429
0.160870 0.160870 0.143343 0.178088 0.216684 0.140146
0.163974 0.213974 0.153974 0.155577 0.155827 0.156673
0.172940 0.178061 0.171635 0.141446 0.141200 0.194719
0.139070 0.139070 0.131049 0.238445 0.176062 0.176303
0.175618 0.170411 0.157075 0.159958 0.176144 0.160794
0.161503 0.150749 0.166521 0.159626 0.180437 0.181164
0.178510 0.178510 0.171002 0.189144 0.131917 0.150917
0.152152 0.152152 0.138164 0.168617 0.197659 0.191257
0.178189 0.178189 0.179106 0.122779 0.119016 0.222721
0.174171 0.174171 0.160845 0.140065 0.188104 0.162644
0.153151 0.153151 0.165488 0.189138 0.189972 0.149101
0.159543 0.159543 0.156529 0.114309 0.220797 0.189279
0.142554 0.142554 0.118283 0.235329 0.205717 0.155562
0.162842 0.162842 0.164784 0.158106 0.211469 0.139957
0.157174 0.157174 0.144156 0.175903 0.214864 0.150730
0.142228 0.142228 0.164283 0.218086 0.191843 0.141333
0.135957 0.135957 0.141658 0.200811 0.230573 0.155044
0.152577 0.152596 0.133322 0.242120 0.152362 0.167023
0.163250 0.150152 0.168370 0.167685 0.203040 0.147503
0.157440 0.159080 0.156857 0.196751 0.175099 0.154773
0.148105 0.145144 0.137491 0.188019 0.209286 0.171955
0.150318 0.139105 0.124299 0.263306 0.147653 0.175318
0.173599 0.177198 0.164103 0.181087 0.130408 0.173605
0.140847 0.140847 0.183571 0.149566 0.248756 0.136413
0.170570 0.165304 0.165948 0.203966 0.138446 0.155766
0.159314 0.159012 0.148953 0.182150 0.201620 0.148951
0.174593 0.171703 0.182823 0.140877 0.155412 0.174593
0.173189 0.168381 0.160397 0.139414 0.189871 0.168748
0.164180 0.164481 0.202527 0.137046 0.182145 0.149621
0.153069 0.153050 0.172097 0.166115 0.215119 0.140550
0.143860 0.156968 0.138535 0.197500 0.206180 0.156958
0.160316 0.158676 0.151111 0.171900 0.199321 0.158676
0.147156 0.175117 0.151879 0.157771 0.227960 0.140117
0.137506 0.152579 0.114489 0.149549 0.247159 0.198719
0.175610 0.172011 0.153927 0.142035 0.186992 0.169426
0.147822 0.142948 0.137191 0.202910 0.226223 0.142905
0.166217 0.158410 0.131327 0.146477 0.224179 0.173389
0.177029 0.177330 0.167150 0.135183 0.165977 0.177330
0.150624 0.153514 0.137428 0.234828 0.174400 0.149206
0.155073 0.159881 0.192934 0.187998 0.144748 0.159365
0.169549 0.169248 0.219936 0.148872 0.125685 0.166710
0.166118 0.166118 0.155813 0.206987 0.149224 0.155739
0.145764 0.145754 0.133959 0.136864 0.191906 0.245754
0.167755 0.167755 0.136292 0.184632 0.189394 0.154172
0.162900 0.137900 0.131520 0.202634 0.194774 0.170273
0.150377 0.146517 0.172275 0.165445 0.194674 0.170713
0.149598 0.149598 0.144056 0.210160 0.214540 0.132048
0.137137 0.142011 0.177340 0.195062 0.163486 0.184964
0.143028 0.156101 0.167285 0.197970 0.180663 0.154952
0.165497 0.165497 0.158215 0.153179 0.208583 0.149029
0.171483 0.171483 0.212716 0.140365 0.162642 0.141311
0.145921 0.145921 0.132413 0.217472 0.186079 0.172193
0.150579 0.150560 0.146845 0.150040 0.211953 0.190023
0.145046 0.155425 0.157972 0.153299 0.226825 0.161433
0.155024 0.153328 0.148722 0.157737 0.220882 0.164306
0.144363 0.147158 0.138941 0.240490 0.179180 0.149869
0.146982 0.156118 0.127666 0.215835 0.191128 0.162271
0.157697 0.164606 0.176875 0.172111 0.144962 0.183750
0.159681 0.157580 0.153790 0.175958 0.205872 0.147118
0.167083 0.174888 0.169737 0.156982 0.175197 0.156114
0.142799 0.151548 0.149096 0.203817 0.197898 0.154844
0.155581 0.153654 0.138100 0.179076 0.169902 0.203687
0.147990 0.152376 0.133748 0.252849 0.181024 0.132012
0.157000 0.162027 0.198711 0.159741 0.170368 0.152153
0.170012 0.170301 0.162959 0.187391 0.166834 0.142504
0.156177 0.159125 0.163003 0.177703 0.168201 0.175791
0.152959 0.155768 0.176339 0.133417 0.207940 0.173577
0.222648 0.172351 0.139477 0.165437 0.156700 0.143386
0.161489 0.157307 0.223681 0.159003 0.147179 0.151341
0.177856 0.177847 0.175528 0.140610 0.164212 0.163947
0.161892 0.166333 0.145617 0.148856 0.171716 0.205587
0.187117 0.147481 0.148067 0.201203 0.177504 0.138628
0.165701 0.160580 0.129807 0.137959 0.215937 0.190016
0.147556 0.147556 0.135721 0.226413 0.191407 0.151346
0.161787 0.166994 0.146560 0.205239 0.156448 0.162972
0.147858 0.158611 0.186015 0.158443 0.196833 0.152240
0.151993 0.165749 0.155516 0.151323 0.221366 0.154053
0.173302 0.148302 0.138922 0.186916 0.175685 0.176873
0.189700 0.176272 0.173720 0.162594 0.141061 0.156653
0.151000 0.172264 0.125393 0.156704 0.230203 0.164436
0.162731 0.157281 0.141458 0.161266 0.220484 0.156781
0.157131 0.151009 0.149183 0.154364 0.218033 0.170280
0.160211 0.167948 0.154145 0.173850 0.202991 0.140855
0.155965 0.156446 0.148364 0.184301 0.182303 0.172622
0.146280 0.144219 0.189210 0.139679 0.197814 0.182798
0.173019 0.172493 0.152813 0.186592 0.167689 0.147394
0.168623 0.153873 0.143906 0.226428 0.148842 0.158329
0.149702 0.149702 0.191939 0.123778 0.160175 0.224702
0.155303 0.171964 0.180771 0.146215 0.188773 0.156974
0.168795 0.168795 0.194272 0.191356 0.129729 0.147052
0.169350 0.169357 0.148912 0.180753 0.186887 0.144741
0.151692 0.151692 0.149762 0.193519 0.186322 0.167012
0.166194 0.166194 0.144893 0.168489 0.138123 0.216106
0.144868 0.150680 0.177228 0.176360 0.139557 0.211308
0.159881 0.173582 0.167501 0.169402 0.178526 0.151107
0.162627 0.158046 0.141564 0.172536 0.221109 0.144119
0.167799 0.151132 0.152945 0.141716 0.163164 0.223244
0.173284 0.173284 0.141613 0.152359 0.193800 0.165661
0.163147 0.163147 0.149374 0.166211 0.217406 0.140716
0.176303 0.176303 0.170534 0.199869 0.108846 0.168145
0.146816 0.146816 0.130813 0.192405 0.230676 0.152476
0.157221 0.157221 0.149363 0.170393 0.157736 0.208065
0.135093 0.135093 0.185381 0.138913 0.195914 0.209605
0.158920 0.158920 0.145717 0.204866 0.179576 0.152000
0.145731 0.145731 0.141479 0.207187 0.226634 0.133238
0.171966 0.171966 0.162247 0.146465 0.151538 0.195817
0.176409 0.176409 0.128072 0.189012 0.153689 0.176409
0.158582 0.158598 0.210892 0.164059 0.153477 0.154392
0.162472 0.152472 0.164175 0.221830 0.152951 0.146101
0.172828 0.174267 0.141673 0.171051 0.181549 0.158632
0.158798 0.143115 0.147070 0.197024 0.207694 0.146298
0.160117 0.151757 0.194121 0.148491 0.198495 0.147019
0.160757 0.161119 0.185838 0.185821 0.137649 0.168816
0.171601 0.160387 0.169563 0.162015 0.153157 0.183277
0.171736 0.171027 0.156446 0.132522 0.204249 0.164020
0.163501 0.163189 0.137714 0.154925 0.220483 0.160188
0.171117 0.163295 0.132188 0.186002 0.191129 0.156268
0.138151 0.140948 0.186235 0.176874 0.195142 0.162650
0.154915 0.150695 0.153572 0.196779 0.198860 0.145179
0.159541 0.157693 0.140972 0.187977 0.200849 0.152969
0.132995 0.144521 0.187877 0.231844 0.159458 0.143306
0.164996 0.161397 0.134568 0.207137 0.154357 0.177545
0.145574 0.195584 0.113727 0.160002 0.219743 0.165370
0.149890 0.158691 0.175469 0.218366 0.142948 0.154636
0.151180 0.176481 0.126990 0.241390 0.155295 0.148664
0.177692 0.180570 0.167728 0.161271 0.132157 0.180582
0.155216 0.150024 0.175125 0.146988 0.206337 0.166311
0.150971 0.145796 0.180171 0.222055 0.110716 0.190291
0.159501 0.146429 0.191565 0.107462 0.193203 0.201840
0.168528 0.168518 0.172606 0.176711 0.169718 0.143918
0.182252 0.182252 0.158696 0.171296 0.138052 0.167452
0.181573 0.156573 0.124908 0.183405 0.194730 0.158810
0.157939 0.154079 0.147241 0.145422 0.246003 0.149315
0.144257 0.144257 0.177188 0.200507 0.199375 0.134417
0.164493 0.169367 0.153008 0.212942 0.150718 0.149473
0.134202 0.147274 0.169247 0.190270 0.214464 0.144543
0.143682 0.143682 0.152172 0.171614 0.221317 0.167533
0.152061 0.152061 0.133485 0.157229 0.229253 0.175911
0.170601 0.170601 0.168420 0.155594 0.164175 0.170607
0.172264 0.172264 0.137003 0.191210 0.154989 0.172270
0.169585 0.169585 0.148745 0.162164 0.180335 0.169585
0.178061 0.178061 0.176471 0.138031 0.161695 0.167682
0.144783 0.144783 0.148124 0.226244 0.141282 0.194783
0.154742 0.179723 0.158003 0.168812 0.191232 0.147487
0.135820 0.133699 0.145915 0.248472 0.209233 0.126859
0.182133 0.183497 0.151414 0.190771 0.119873 0.172311
0.132801 0.142572 0.119182 0.203669 0.266180 0.135596
0.155316 0.162764 0.184163 0.183558 0.154488 0.159711
0.163174 0.159296 0.141563 0.255396 0.131771 0.148800
0.147105 0.152913 0.137252 0.169105 0.199253 0.194373
0.147864 0.153161 0.150072 0.216482 0.192377 0.140044
0.116539 0.132930 0.159283 0.227397 0.178079 0.185772
0.185047 0.162778 0.155431 0.161044 0.158602 0.177099
0.133059 0.127905 0.191180 0.146312 0.219011 0.182533
0.163191 0.167878 0.150953 0.144727 0.225727 0.147524
0.155854 0.153706 0.138389 0.132689 0.218940 0.200421
0.155184 0.155174 0.150432 0.180563 0.221206 0.137441
0.165210 0.170476 0.157235 0.138276 0.169023 0.199779
0.187081 0.137582 0.132774 0.137272 0.192344 0.212948
0.138513 0.137220 0.154203 0.182283 0.247043 0.140739
0.139584 0.144626 0.132681 0.246375 0.159800 0.176933
0.161721 0.175014 0.151445 0.223142 0.138727 0.149950
0.121386 0.131749 0.124583 0.204765 0.215963 0.201554
0.151720 0.151714 0.150047 0.200498 0.212308 0.133714
0.158527 0.158527 0.165709 0.151204 0.146848 0.219185
0.167981 0.167981 0.168000 0.165787 0.170143 0.160108
0.160200 0.160219 0.137921 0.155442 0.193604 0.192615
0.180108 0.167011 0.168363 0.138639 0.148597 0.197281
0.163853 0.170366 0.146562 0.143011 0.214537 0.161672
0.163080 0.173192 0.171606 0.151130 0.184592 0.156401
0.155497 0.144283 0.156521 0.200573 0.176021 0.167105
0.161923 0.165523 0.155802 0.171308 0.184726 0.160718
0.157960 0.157960 0.154496 0.196347 0.139323 0.193914
0.168098 0.162832 0.157417 0.137148 0.161231 0.213275
0.173582 0.173280 0.203444 0.169369 0.144681 0.135645
0.149395 0.146506 0.157316 0.200705 0.189237 0.156840
0.174296 0.169488 0.144089 0.180542 0.176374 0.155212
0.161127 0.161427 0.155155 0.203955 0.179622 0.138713
0.134447 0.134447 0.128307 0.161550 0.252261 0.188989
0.149017 0.149027 0.130701 0.195553 0.169713 0.205990
0.161105 0.161105 0.169682 0.148802 0.228249 0.131056
0.151948 0.176948 0.155150 0.144575 0.201482 0.169897
0.159625 0.163485 0.147784 0.151389 0.205623 0.172095
0.156777 0.156777 0.142463 0.208734 0.201744 0.133505
0.168759 0.163885 0.146160 0.160342 0.138372 0.222481
0.180326 0.167254 0.148965 0.162591 0.169108 0.171757
0.160747 0.160747 0.132240 0.170459 0.248256 0.127550
0.171701 0.171701 0.200097 0.117839 0.176425 0.162236
0.148263 0.148263 0.145931 0.251936 0.098513 0.207094
0.170122 0.170122 0.167764 0.128301 0.227140 0.136551
0.144433 0.144433 0.182121 0.146714 0.203329 0.178971
0.177000 0.177000 0.152275 0.168802 0.145214 0.179708
0.156853 0.156853 0.129582 0.234164 0.184842 0.137705
0.162585 0.162585 0.133382 0.192689 0.165684 0.183075
0.185912 0.185912 0.166161 0.146507 0.147660 0.167847
0.152374 0.152374 0.123734 0.220206 0.195705 0.155608
0.169011 0.169011 0.187897 0.153780 0.164772 0.155529
0.167352 0.167352 0.163943 0.199907 0.129963 0.171483
0.183717 0.183717 0.154172 0.169164 0.141843 0.167386
0.163781 0.163781 0.156241 0.160268 0.184840 0.171088
0.151330 0.151330 0.190520 0.208267 0.156931 0.141623
0.187855 0.187855 0.170243 0.154399 0.135748 0.163901
0.148686 0.148671 0.185891 0.171708 0.174263 0.170781
0.163530 0.173530 0.170157 0.136430 0.185783 0.170570
0.147872 0.173963 0.174072 0.165249 0.185814 0.153029
0.187058 0.177143 0.154974 0.166057 0.156317 0.158451
0.149084 0.162442 0.142074 0.213410 0.161429 0.171561
0.163344 0.166255 0.132862 0.149289 0.259256 0.128994
0.163573 0.161601 0.120814 0.195611 0.151449 0.206951
0.154664 0.158972 0.192915 0.143587 0.194803 0.155059
0.159116 0.166099 0.148230 0.205308 0.183021 0.138225
0.154336 0.157384 0.174497 0.168430 0.173884 0.171469
0.150857 0.164124 0.150359 0.146771 0.193515 0.194374
0.151493 0.151184 0.156193 0.209910 0.196534 0.134685
0.168637 0.158807 0.156180 0.173012 0.178007 0.165358
0.163406 0.176492 0.177875 0.150060 0.139505 0.192664
0.154120 0.152474 0.138053 0.191925 0.226530 0.136898
0.208537 0.161497 0.112652 0.148045 0.155872 0.213398
0.165217 0.172896 0.173564 0.161618 0.160629 0.166075
0.156717 0.153118 0.162162 0.162127 0.210976 0.154900
0.141541 0.145412 0.165164 0.142477 0.249938 0.155468
0.142524 0.163843 0.146544 0.153726 0.215405 0.177958
0.151119 0.178822 0.184550 0.191140 0.150449 0.143920
0.169704 0.172593 0.131037 0.195347 0.194184 0.137135
0.162324 0.167132 0.158409 0.157319 0.185884 0.168932
0.153729 0.153428 0.135932 0.182387 0.187764 0.186760
0.151737 0.151737 0.121017 0.150183 0.260443 0.164884
0.150951 0.150941 0.161748 0.171033 0.204369 0.160958
0.152946 0.177946 0.227850 0.130942 0.150765 0.159551
0.205300 0.167777 0.136645 0.186705 0.138917 0.164655
0.169182 0.182138 0.165241 0.151477 0.158708 0.173255
0.186080 0.191039 0.178425 0.135489 0.140768 0.168198
0.151515 0.157917 0.130253 0.151892 0.226754 0.181670
0.131568 0.154808 0.164361 0.186540 0.208933 0.153789
0.156667 0.158215 0.138433 0.151531 0.214152 0.181002
0.149638 0.150154 0.164170 0.171978 0.219377 0.144683
0.147419 0.173044 0.165911 0.194675 0.169197 0.149755
0.164274 0.163220 0.156486 0.200603 0.171914 0.143503
0.162972 0.156499 0.134269 0.166974 0.159035 0.220250
0.158796 0.178439 0.134642 0.192004 0.180798 0.155320
0.151994 0.148760 0.170504 0.210963 0.158816 0.158963
0.153292 0.153292 0.135075 0.219589 0.182058 0.156694
0.154922 0.160118 0.146809 0.207097 0.189503 0.141551
0.163484 0.163800 0.191646 0.131211 0.155908 0.193952
0.153547 0.131371 0.170025 0.242216 0.148612 0.154228
0.163698 0.180762 0.144227 0.156437 0.140257 0.214619
0.151921 0.176616 0.167210 0.206494 0.155342 0.142417
0.167949 0.173761 0.153595 0.172023 0.149285 0.183386
0.162597 0.176286 0.128184 0.210131 0.166554 0.156249
0.150233 0.150233 0.230777 0.177516 0.125892 0.165349
0.176883 0.160216 0.177392 0.194426 0.153098 0.137985
0.179849 0.176752 0.148606 0.142040 0.162555 0.190198
0.179172 0.179172 0.168135 0.147449 0.158513 0.167559
0.143923 0.148504 0.144461 0.156968 0.248471 0.157674
0.157033 0.173700 0.132915 0.167439 0.145275 0.223638
0.159110 0.159110 0.140651 0.206462 0.193673 0.140994
0.166011 0.166011 0.138810 0.174004 0.219955 0.135208
0.154677 0.154677 0.137904 0.184757 0.218470 0.149516
0.158630 0.158630 0.179558 0.187827 0.131194 0.184161
0.148459 0.148459 0.134800 0.260866 0.192883 0.114534
0.144418 0.144418 0.149069 0.193663 0.206345 0.162088
0.152430 0.152430 0.142531 0.140988 0.252790 0.158831
0.142392 0.142392 0.127457 0.258854 0.144073 0.184832
0.158818 0.158818 0.138876 0.175613 0.204326 0.163548
0.160652 0.160652 0.141115 0.240694 0.142572 0.154315
0.176977 0.176977 0.132844 0.183330 0.164826 0.165046
0.147898 0.147898 0.134133 0.276444 0.167101 0.126525
0.153491 0.153491 0.158418 0.172798 0.154956 0.206846
0.147229 0.164976 0.174859 0.210416 0.176485 0.126034
0.162963 0.146296 0.184558 0.160179 0.208251 0.137753
0.153953 0.157100 0.128828 0.194063 0.181113 0.184943
0.159336 0.164878 0.117499 0.192530 0.212336 0.153421
0.173639 0.171586 0.151275 0.146912 0.153950 0.202640
0.157162 0.157162 0.131369 0.151170 0.203234 0.199902
0.187391 0.193277 0.152465 0.165598 0.152763 0.148507
0.154592 0.155097 0.125168 0.136882 0.260095 0.168166
0.153717 0.156768 0.189994 0.176629 0.151139 0.171752
0.140479 0.157127 0.173189 0.186955 0.205592 0.136659
0.168982 0.165811 0.227422 0.149962 0.139665 0.148159
0.161514 0.162702 0.178243 0.144497 0.183263 0.169781
0.143218 0.162673 0.132168 0.259013 0.145743 0.157185
0.148573 0.154800 0.137725 0.201560 0.184404 0.172938
0.178343 0.174465 0.141248 0.170938 0.170897 0.164110
0.147200 0.152404 0.127710 0.255932 0.172134 0.144619
0.149425 0.154505 0.167709 0.148291 0.175229 0.204843
0.140927 0.149451 0.149468 0.283545 0.134317 0.142292
0.135934 0.173033 0.134597 0.199620 0.143073 0.213742
0.145513 0.149594 0.151697 0.166721 0.250187 0.136288
0.168557 0.168254 0.151990 0.198088 0.160094 0.153017
0.182183 0.182171 0.161502 0.198351 0.129663 0.146131
0.159460 0.159450 0.169729 0.182072 0.167520 0.161770
0.171463 0.154797 0.156596 0.175935 0.200298 0.140910
0.206803 0.153706 0.149087 0.209549 0.149258 0.131596
0.163071 0.158888 0.172581 0.132228 0.207789 0.165443
0.150983 0.155548 0.157870 0.202609 0.172063 0.160927
0.131412 0.165020 0.136603 0.188536 0.176555 0.201874
0.170643 0.179624 0.170747 0.160993 0.141743 0.176250
0.145938 0.148664 0.123647 0.220092 0.213672 0.147988
0.160389 0.172889 0.173921 0.195540 0.129638 0.167623
0.149079 0.145948 0.138423 0.182227 0.232876 0.151448
0.157739 0.170220 0.120267 0.260616 0.146610 0.144549
0.147440 0.163870 0.147475 0.160155 0.236739 0.144321
0.122996 0.124397 0.161989 0.312717 0.154326 0.123575
0.135578 0.153712 0.167051 0.209940 0.161956 0.171762
0.140840 0.161438 0.186629 0.191778 0.152498 0.166817
0.153316 0.149411 0.119761 0.243286 0.176091 0.158134
0.155373 0.160086 0.135890 0.180209 0.218668 0.149774
0.168750 0.174318 0.154653 0.172617 0.185990 0.143671
0.146784 0.149759 0.171820 0.132028 0.203344 0.196265
0.183846 0.174236 0.158937 0.188531 0.143818 0.150632
0.162069 0.163269 0.131879 0.163367 0.197605 0.181811
0.162724 0.162423 0.179041 0.197407 0.153360 0.145046
0.148481 0.152666 0.162191 0.192660 0.182549 0.161453
0.149582 0.162072 0.203350 0.148615 0.160232 0.176150
0.162512 0.137512 0.147260 0.200007 0.199040 0.153669
0.184048 0.155747 0.149709 0.181232 0.180813 0.148451
0.166575 0.162716 0.134921 0.172559 0.201002 0.162227
0.160915 0.165111 0.151162 0.135730 0.185082 0.202000
0.141902 0.159276 0.128062 0.144963 0.229619 0.196178
0.132600 0.145672 0.177269 0.151553 0.222711 0.170195
0.169136 0.169136 0.154287 0.161062 0.186020 0.160359
0.158064 0.158064 0.126330 0.231486 0.191273 0.134782
0.157860 0.157860 0.139801 0.171663 0.235605 0.137212
0.166238 0.166238 0.127544 0.158390 0.218346 0.163245
0.171384 0.171384 0.191876 0.203043 0.117230 0.145084
0.150599 0.150599 0.195814 0.145299 0.208860 0.148830
0.178478 0.178478 0.143932 0.158531 0.185343 0.155238
0.154011 0.154011 0.211153 0.126923 0.180727 0.173174
0.139719 0.139719 0.131942 0.228030 0.165678 0.194912
0.146864 0.146864 0.139042 0.166724 0.195218 0.205288
0.150245 0.150245 0.182428 0.172220 0.205099 0.139762
0.172532 0.172532 0.157904 0.157144 0.170556 0.169332
0.167876 0.167876 0.130882 0.221926 0.161695 0.149745
0.158947 0.158963 0.177140 0.195364 0.130923 0.178662
0.154337 0.141837 0.176218 0.187632 0.183615 0.156361
0.159619 0.161001 0.203466 0.180969 0.159264 0.135681
0.155345 0.152618 0.168069 0.212443 0.162625 0.148899
0.149250 0.136750 0.144387 0.255062 0.146215 0.168336
0.153991 0.157106 0.135437 0.151659 0.192982 0.208824
0.154106 0.154106 0.180487 0.185064 0.168694 0.157543
0.181958 0.177244 0.203886 0.136344 0.101850 0.198718
0.180361 0.180047 0.156154 0.120837 0.193094 0.169507
0.172370 0.169696 0.154606 0.231016 0.116694 0.155618
0.164053 0.151553 0.155820 0.209678 0.158497 0.160398
0.165151 0.165458 0.161677 0.184868 0.160616 0.162231
0.151074 0.151074 0.138600 0.226135 0.213804 0.119315
0.133577 0.133588 0.126433 0.262317 0.211217 0.132868
0.162108 0.189620 0.149842 0.161146 0.160081 0.177203
0.143071 0.155571 0.141466 0.221005 0.176015 0.162873
0.151710 0.158369 0.141755 0.305331 0.101075 0.141761
0.154549 0.160782 0.150120 0.150469 0.239082 0.144998
0.154537 0.148368 0.136185 0.225151 0.136773 0.198986
0.160149 0.147649 0.169186 0.183210 0.171908 0.167899
0.155622 0.162293 0.174859 0.158647 0.175595 0.172983
0.179590 0.180100 0.150731 0.148372 0.193987 0.147221
0.145504 0.148771 0.160089 0.191585 0.214346 0.139705
0.186810 0.173712 0.178537 0.157124 0.155652 0.148165
0.159050 0.174239 0.132318 0.173114 0.199743 0.161536
0.160419 0.157459 0.186877 0.133760 0.204986 0.156499
0.156191 0.151196 0.169464 0.166583 0.206375 0.150191
0.160626 0.162767 0.122075 0.172253 0.196727 0.185551
0.175155 0.175155 0.140902 0.150422 0.199192 0.159175
0.171622 0.166356 0.157069 0.187060 0.159345 0.158549
0.171228 0.170728 0.168376 0.143223 0.173576 0.172869
0.157105 0.160270 0.144007 0.144272 0.223463 0.170883
0.157656 0.185056 0.162228 0.133149 0.234522 0.127390
0.138938 0.155086 0.147206 0.216600 0.179658 0.162512
0.172573 0.172573 0.119778 0.223555 0.182672 0.128850
0.161195 0.161201 0.157473 0.141821 0.217781 0.160529
0.149854 0.149854 0.134739 0.269474 0.131250 0.164830
0.182475 0.182475 0.151695 0.169188 0.154479 0.159687
0.178851 0.178851 0.157736 0.163210 0.134447 0.186906
0.188448 0.188448 0.171494 0.149783 0.133461 0.168366
0.183522 0.178649 0.157431 0.172864 0.143204 0.164330
0.175841 0.162784 0.172557 0.155127 0.182178 0.151513
0.143409 0.130909 0.153977 0.200836 0.192786 0.178084
0.150212 0.151593 0.140813 0.230761 0.189212 0.137408
0.164243 0.161517 0.169290 0.163425 0.179662 0.161863
0.146044 0.151291 0.172017 0.188521 0.197073 0.145056
0.168001 0.154450 0.136384 0.228184 0.157472 0.155508
0.146712 0.149859 0.149593 0.179375 0.190795 0.183666
0.160182 0.161010 0.142459 0.169372 0.210043 0.156934
0.167606 0.165239 0.169417 0.155253 0.188042 0.154443
0.168828 0.166155 0.141715 0.147019 0.241406 0.134877
0.144720 0.138106 0.125076 0.164964 0.211996 0.215139
0.183804 0.184616 0.155921 0.156865 0.171912 0.146882
0.144006 0.147073 0.159573 0.231700 0.153366 0.164282
0.167048 0.167060 0.184004 0.153089 0.169026 0.159774
0.187376 0.175170 0.173288 0.173592 0.141985 0.148589
0.144504 0.169504 0.168383 0.147550 0.199881 0.170178
0.139811 0.143107 0.135424 0.214083 0.216503 0.151073
0.178834 0.178834 0.136345 0.150031 0.172830 0.183126
0.154203 0.150007 0.161986 0.204585 0.182016 0.147204
0.138016 0.125516 0.119791 0.230158 0.241276 0.145243
0.170005 0.170005 0.163030 0.172067 0.164830 0.160063
0.147888 0.153303 0.213332 0.132252 0.200528 0.152697
0.148599 0.156280 0.188068 0.210041 0.144071 0.152941
0.168503 0.180303 0.170197 0.173010 0.153458 0.154529
0.159390 0.155109 0.145834 0.246661 0.128030 0.164976
0.154045 0.146839 0.144864 0.186360 0.187274 0.180618
0.150469 0.162950 0.159628 0.162364 0.199408 0.165181
0.160873 0.156995 0.164291 0.192863 0.146433 0.178544
0.153749 0.149442 0.149027 0.209473 0.205334 0.132975
0.139434 0.143886 0.128900 0.233063 0.205823 0.148892
0.177233 0.174995 0.164450 0.146957 0.159652 0.176713
0.158289 0.151020 0.166827 0.158960 0.196787 0.168117
0.181238 0.185971 0.184046 0.137660 0.149448 0.161637
0.144071 0.130670 0.129836 0.196833 0.272257 0.126334
0.191901 0.195348 0.161291 0.181604 0.118183 0.151673
0.163225 0.157947 0.158015 0.122626 0.243806 0.154381
0.160731 0.199499 0.139465 0.166447 0.162771 0.171087
0.197554 0.172108 0.151155 0.156110 0.168541 0.154531
0.159168 0.153346 0.144392 0.190321 0.198582 0.154191
0.170775 0.161369 0.127995 0.170007 0.187786 0.182068
0.172628 0.177687 0.176174 0.178488 0.127164 0.167859
0.149000 0.150913 0.152765 0.176744 0.208294 0.162284
0.141283 0.136475 0.111544 0.228133 0.219995 0.162569
0.164386 0.170261 0.174623 0.173342 0.160789 0.156599
0.134902 0.210204 0.171274 0.193122 0.160032 0.130467
0.164511 0.154920 0.161089 0.157678 0.197960 0.163842
0.156635 0.164503 0.169508 0.195585 0.172777 0.140991
0.155966 0.200355 0.132600 0.177668 0.195479 0.137931
0.158004 0.164816 0.145432 0.175040 0.151899 0.204810
0.165710 0.165700 0.154062 0.216387 0.137840 0.160301
0.153291 0.151005 0.170164 0.167307 0.197889 0.160344
0.178345 0.140804 0.136720 0.141619 0.201912 0.200601
0.179007 0.178141 0.148486 0.148788 0.189817 0.155762
0.170858 0.170858 0.209802 0.132756 0.171695 0.144031
0.185883 0.178257 0.148964 0.122974 0.180183 0.183739
0.163254 0.176327 0.176454 0.158636 0.146255 0.179074
0.157551 0.157544 0.178373 0.140723 0.247752 0.118058
0.162952 0.162952 0.173924 0.166984 0.146825 0.186363
0.164799 0.164799 0.162218 0.187567 0.159769 0.160847
0.167625 0.167625 0.175624 0.201833 0.145239 0.142056
0.162869 0.162869 0.147280 0.172914 0.176515 0.177553
0.154893 0.159935 0.129150 0.161110 0.241604 0.153308
0.164905 0.189905 0.129562 0.145047 0.213929 0.156653
0.167596 0.167596 0.156257 0.145451 0.184540 0.178559
0.168272 0.168272 0.143457 0.152351 0.212236 0.155413
0.147801 0.147801 0.133703 0.194865 0.226678 0.149151
0.159284 0.159284 0.208779 0.158043 0.158986 0.155625
0.155292 0.155292 0.129231 0.191118 0.190179 0.178887
0.187859 0.187859 0.173239 0.153562 0.122945 0.174535
0.173340 0.173340 0.163922 0.142050 0.190121 0.157226
0.181617 0.181617 0.120643 0.138055 0.155146 0.222922
0.190458 0.190458 0.173153 0.148505 0.131769 0.165658
0.195332 0.195332 0.154231 0.150241 0.147719 0.157144
0.162295 0.162295 0.172600 0.140214 0.214174 0.148422
0.158614 0.158614 0.164622 0.161830 0.155977 0.200343
0.156923 0.156923 0.171360 0.127936 0.253705 0.133154
0.159388 0.159388 0.154527 0.180758 0.174930 0.171009
0.169695 0.169695 0.150311 0.158495 0.199078 0.152728
0.163828 0.163828 0.138634 0.157085 0.196123 0.180502
0.155280 0.155280 0.134448 0.143767 0.226689 0.184535
0.176967 0.176967 0.150679 0.183159 0.133545 0.178683
0.165455 0.165455 0.155372 0.158758 0.182152 0.172808
0.168970 0.168970 0.138408 0.183625 0.196629 0.143398
0.176241 0.176241 0.153829 0.164410 0.156708 0.172571
0.163612 0.163612 0.176263 0.132849 0.215474 0.148190
0.177358 0.177358 0.156830 0.180926 0.139369 0.168157
0.158199 0.158199 0.200662 0.123398 0.168576 0.190966
0.177416 0.177416 0.155650 0.153355 0.173079 0.163084
0.146995 0.146995 0.164067 0.150126 0.217140 0.174678
0.159502 0.159502 0.168996 0.162014 0.164187 0.185800
0.159631 0.159631 0.124783 0.188477 0.209329 0.158148
0.174974 0.174974 0.146020 0.156421 0.195320 0.152292
0.150505 0.150505 0.140430 0.187370 0.235495 0.135697
0.150587 0.150587 0.178109 0.155633 0.185066 0.180017
0.160205 0.160205 0.151001 0.189624 0.196167 0.142798
0.150644 0.150644 0.157220 0.185823 0.189414 0.166253
0.155347 0.155347 0.147075 0.165466 0.229850 0.146915
0.138324 0.138324 0.134985 0.191633 0.268328 0.128406
0.166424 0.166439 0.176923 0.145520 0.131765 0.212929
0.182102 0.165436 0.164522 0.156708 0.152209 0.179023
0.168854 0.170199 0.138596 0.198943 0.173369 0.150039
0.177685 0.174801 0.158431 0.155765 0.172997 0.160322
0.176871 0.160204 0.152707 0.113641 0.235824 0.160754
0.171628 0.174560 0.173009 0.158987 0.164858 0.156957
0.154883 0.154883 0.193829 0.159242 0.180564 0.156599
0.162595 0.157391 0.148815 0.128665 0.207421 0.195113
0.158095 0.157779 0.144566 0.183767 0.216944 0.138850
0.165724 0.162900 0.144877 0.137177 0.178517 0.210806
0.193360 0.176693 0.160824 0.147931 0.125924 0.195266
0.136929 0.137234 0.130203 0.212289 0.263782 0.119563
0.166141 0.166141 0.130845 0.158011 0.205100 0.173761
0.154751 0.154763 0.123936 0.159769 0.259852 0.146929
0.163973 0.163973 0.150546 0.182249 0.199944 0.139315
0.156439 0.173106 0.151235 0.177178 0.196265 0.145776
0.139276 0.142373 0.133787 0.257529 0.129130 0.197905
0.148869 0.148869 0.135365 0.211625 0.198843 0.156429
0.169293 0.164728 0.166498 0.170346 0.168535 0.160599
0.189974 0.160807 0.175540 0.137966 0.152030 0.183683
0.156898 0.158280 0.145474 0.183977 0.196637 0.158734
0.160717 0.157991 0.133760 0.127522 0.239005 0.181004
0.169420 0.156920 0.149115 0.137329 0.223029 0.164186
0.164044 0.167159 0.164445 0.179812 0.167554 0.156985
0.170214 0.170214 0.167399 0.165177 0.181955 0.145041
0.164262 0.159549 0.152163 0.198723 0.111041 0.214262
0.155842 0.155528 0.137453 0.178259 0.194802 0.178116
0.190307 0.162634 0.132480 0.184558 0.170161 0.159860
0.162613 0.162613 0.153725 0.185968 0.172701 0.162381
0.157901 0.155148 0.147405 0.194075 0.153130 0.192341
0.170066 0.163091 0.143451 0.157639 0.210171 0.155583
0.158294 0.160016 0.195272 0.192040 0.149432 0.144947
0.164647 0.164647 0.209136 0.140775 0.121160 0.199635
0.154881 0.174073 0.152928 0.178920 0.171906 0.167291
0.142924 0.145693 0.137963 0.171516 0.234489 0.167415
0.168004 0.165011 0.149708 0.216606 0.159258 0.141413
0.152948 0.148752 0.187730 0.182858 0.174827 0.152885
0.132075 0.132075 0.181632 0.125146 0.240115 0.188958
0.173975 0.173975 0.151280 0.151095 0.183458 0.166216
0.175315 0.175322 0.145218 0.174965 0.172095 0.157085
0.161030 0.161030 0.142798 0.204644 0.173753 0.156744
0.150495 0.150514 0.129626 0.139236 0.238489 0.191639
0.163025 0.145278 0.139850 0.177884 0.188305 0.185658
0.157119 0.158707 0.152085 0.134018 0.225493 0.172579
0.170280 0.162091 0.143422 0.228991 0.154629 0.140587
0.165547 0.126092 0.143734 0.232299 0.163486 0.168842
0.163016 0.166373 0.146557 0.204851 0.162481 0.156723
0.144728 0.144728 0.135488 0.185810 0.258175 0.131073
0.167560 0.161674 0.163762 0.160119 0.172560 0.174325
0.156111 0.155807 0.163036 0.225876 0.147673 0.151497
0.162879 0.159813 0.158984 0.165771 0.209458 0.143094
0.134210 0.128890 0.148631 0.135301 0.290107 0.162862
0.174131 0.174430 0.154773 0.180052 0.153433 0.163181
0.182764 0.182764 0.163746 0.174446 0.142539 0.153742
0.177897 0.177891 0.175007 0.118640 0.156665 0.193899
0.165033 0.181700 0.151624 0.166010 0.159333 0.176300
0.168479 0.183801 0.162286 0.177143 0.169096 0.139195
0.179849 0.186315 0.150112 0.134816 0.196575 0.152332
0.157672 0.174339 0.173184 0.158088 0.182471 0.154246
0.158046 0.149713 0.199414 0.163982 0.186232 0.142613
0.163574 0.145873 0.192074 0.163838 0.166900 0.167741
0.152068 0.157272 0.142570 0.151204 0.218810 0.178076
0.157565 0.157881 0.139774 0.197192 0.204927 0.142662
0.151950 0.154774 0.115929 0.183619 0.261074 0.132654
0.146123 0.162790 0.149044 0.177687 0.183062 0.181293
0.148200 0.147895 0.139651 0.205398 0.213845 0.145012
0.152037 0.152037 0.194827 0.161371 0.198525 0.141202
0.181017 0.181005 0.170713 0.142115 0.147476 0.177674
0.179838 0.179838 0.186745 0.173719 0.119360 0.160499
0.171753 0.155086 0.152023 0.189608 0.194148 0.137382
0.150639 0.147542 0.119162 0.274247 0.123894 0.184516
0.160897 0.160897 0.135944 0.193347 0.168570 0.180347
0.153431 0.158012 0.132523 0.258600 0.160095 0.137339
0.136925 0.153591 0.188152 0.163776 0.165915 0.191641
0.164844 0.164844 0.153321 0.192247 0.160788 0.163955
0.158552 0.158552 0.185347 0.177003 0.189899 0.130645
0.152196 0.152196 0.171570 0.168717 0.202956 0.152366
0.156658 0.156658 0.141038 0.209381 0.165144 0.171121
0.167724 0.167724 0.191423 0.181984 0.151808 0.139336
0.154873 0.154873 0.191590 0.190675 0.131573 0.176416
0.144716 0.144716 0.140626 0.227043 0.178295 0.164603
0.162332 0.189844 0.120044 0.156657 0.231337 0.139787
0.157937 0.143861 0.184482 0.193370 0.158376 0.161974
0.154298 0.159326 0.149613 0.176410 0.193435 0.166918
0.148297 0.156857 0.132562 0.192621 0.188236 0.181426
0.169705 0.163862 0.193607 0.145172 0.149223 0.178431
0.150271 0.150271 0.131837 0.170974 0.235615 0.161033
0.150677 0.160157 0.132940 0.259938 0.140459 0.155829
0.156631 0.157438 0.154986 0.163644 0.234844 0.132458
0.148614 0.153512 0.146252 0.196240 0.218380 0.137002
0.155326 0.155326 0.137572 0.183420 0.232344 0.136012
0.157926 0.147823 0.143974 0.222095 0.192154 0.136029
0.189698 0.139683 0.181393 0.141213 0.180712 0.167301
0.127057 0.139541 0.172187 0.194610 0.232087 0.134518
0.157489 0.156108 0.171449 0.203309 0.160119 0.151527
0.203106 0.155813 0.153758 0.163476 0.149219 0.174627
0.182155 0.155034 0.138100 0.179262 0.165408 0.180040
0.218705 0.163894 0.135167 0.161605 0.175092 0.145537
0.155282 0.166825 0.184980 0.194494 0.125931 0.172487
0.145559 0.186832 0.153598 0.159791 0.180512 0.173708
0.172694 0.169130 0.147474 0.161825 0.204976 0.143901
0.157954 0.160627 0.175387 0.152034 0.206561 0.147437
0.132046 0.149311 0.133373 0.237196 0.174959 0.173115
0.164211 0.164204 0.131918 0.220183 0.134444 0.185040
0.170032 0.172764 0.166512 0.178300 0.164347 0.148045
0.157844 0.212200 0.158230 0.183099 0.131668 0.156959
0.133923 0.136718 0.116462 0.193187 0.273429 0.146282
0.169757 0.146376 0.155308 0.219716 0.154906 0.153936
0.144548 0.152304 0.137418 0.194739 0.211908 0.159083
0.164485 0.174045 0.129988 0.191713 0.193689 0.146081
0.187222 0.137819 0.136660 0.244207 0.133997 0.160095
0.128229 0.143119 0.116849 0.291415 0.187807 0.132581
0.151779 0.157583 0.161339 0.171913 0.164813 0.192573
0.142660 0.150586 0.140133 0.212572 0.207384 0.146665
0.137750 0.151003 0.154103 0.224539 0.192591 0.140014
0.170221 0.165030 0.152027 0.160784 0.197672 0.154266
0.176092 0.175791 0.177539 0.156685 0.151102 0.162791
0.168028 0.168021 0.193158 0.140295 0.170563 0.159935
0.163887 0.163877 0.192282 0.162223 0.159586 0.158144
0.171232 0.171232 0.162399 0.159875 0.165901 0.169361
0.186675 0.161675 0.171836 0.165941 0.162560 0.151312
0.155893 0.152034 0.153523 0.206304 0.163540 0.168707
0.183606 0.164214 0.139497 0.189116 0.164962 0.158606
0.144782 0.212156 0.142197 0.194065 0.144636 0.162163
0.141251 0.151264 0.129259 0.226722 0.200239 0.151264
0.186817 0.179841 0.169421 0.180768 0.116410 0.166743
0.153571 0.155282 0.130009 0.184275 0.201456 0.175408
0.163530 0.163530 0.147339 0.181817 0.196288 0.147497
0.167591 0.161764 0.155738 0.216075 0.157016 0.141815
0.148846 0.166061 0.174359 0.137399 0.171801 0.201535
0.172464 0.167883 0.156044 0.242537 0.109081 0.151991
0.162288 0.165453 0.174458 0.141776 0.175394 0.180632
0.169250 0.183108 0.170320 0.109510 0.172830 0.194982
0.154608 0.152890 0.186751 0.155521 0.217236 0.132993
0.157265 0.154312 0.146667 0.181195 0.155912 0.204649
0.158581 0.153253 0.146868 0.200852 0.163121 0.177325
0.177940 0.181843 0.143567 0.196332 0.147109 0.153210
0.138764 0.141831 0.173068 0.172775 0.204988 0.168573
0.153252 0.153306 0.140428 0.121379 0.254827 0.176807
0.169725 0.164063 0.157991 0.241781 0.122672 0.143768
0.141321 0.131178 0.106193 0.217267 0.202478 0.201563
0.170597 0.164191 0.163866 0.134625 0.203248 0.163473
0.157394 0.160841 0.146895 0.173086 0.215360 0.146423
0.156083 0.153872 0.146575 0.202687 0.174416 0.166366
0.168013 0.161082 0.154462 0.164734 0.203309 0.148399
0.158425 0.158425 0.151162 0.176032 0.156728 0.199227
0.147921 0.184207 0.167847 0.176171 0.153090 0.170764
0.167088 0.188952 0.149492 0.169331 0.169234 0.155903
0.142378 0.145445 0.149781 0.123667 0.287777 0.150952
0.169553 0.169999 0.136034 0.173889 0.154686 0.195840
0.183952 0.170580 0.163749 0.160883 0.152053 0.168783
0.176155 0.176155 0.161351 0.151620 0.178453 0.156266
0.166231 0.166221 0.171925 0.147310 0.134630 0.213683
0.169175 0.169175 0.154552 0.171268 0.179098 0.156733
0.176192 0.159525 0.166308 0.139939 0.165746 0.192289
0.190375 0.186792 0.165474 0.121242 0.149444 0.186673
0.163644 0.163644 0.159426 0.202476 0.164098 0.146711
0.144636 0.150036 0.233890 0.123061 0.172367 0.176010
0.178767 0.196468 0.134804 0.151144 0.163299 0.175519
0.169744 0.169744 0.167690 0.181184 0.144011 0.167627
0.168140 0.168140 0.125196 0.170513 0.176182 0.191830
0.157800 0.157800 0.149694 0.180359 0.180594 0.173753
0.174307 0.174307 0.168285 0.174126 0.154922 0.154051
0.160647 0.160647 0.175477 0.171804 0.176033 0.155392
0.164234 0.164234 0.168606 0.141799 0.208322 0.152805
0.178861 0.178861 0.165297 0.178663 0.151772 0.146546
0.146234 0.146234 0.158162 0.176880 0.171007 0.201484
0.158823 0.158823 0.141631 0.124110 0.223847 0.192765
0.145513 0.145513 0.131445 0.195911 0.189422 0.192195
0.159633 0.159618 0.186719 0.173988 0.152213 0.167830
0.148343 0.160843 0.173608 0.144489 0.202049 0.170668
0.159329 0.157947 0.149517 0.188368 0.189743 0.155096
0.177894 0.180620 0.167991 0.145401 0.152727 0.175368
0.167017 0.179517 0.151363 0.159651 0.187763 0.154689
0.168141 0.165026 0.156736 0.158556 0.189762 0.161778
0.135987 0.135987 0.141125 0.208142 0.204818 0.173940
0.168864 0.173577 0.148819 0.163865 0.177304 0.167571
0.143087 0.143401 0.119737 0.201590 0.217496 0.174689
0.167910 0.170583 0.143832 0.165990 0.214638 0.137047
0.152218 0.164699 0.156406 0.198488 0.118749 0.209440
0.162461 0.172533 0.151939 0.172223 0.176320 0.164525
0.169336 0.167640 0.162553 0.196990 0.143788 0.159693
0.157993 0.160776 0.195904 0.149756 0.179672 0.155899
0.149961 0.159121 0.177058 0.129276 0.224120 0.160465
0.187707 0.158828 0.180798 0.165344 0.142494 0.164830
0.171035 0.167733 0.134261 0.160318 0.222506 0.144146
0.163111 0.167856 0.197725 0.121828 0.159349 0.190132
0.146438 0.164032 0.165238 0.129807 0.233412 0.161072
0.146416 0.160008 0.150305 0.198029 0.166373 0.178870
0.163403 0.170749 0.167715 0.159300 0.182610 0.156224
0.148340 0.159270 0.138651 0.219511 0.163177 0.171050
0.173649 0.156952 0.146936 0.228973 0.148858 0.144632
0.164257 0.165887 0.146115 0.168729 0.209886 0.145125
0.178429 0.180734 0.179540 0.104769 0.173952 0.182576
0.199957 0.139045 0.132066 0.212846 0.176208 0.139879
0.169122 0.171428 0.148185 0.164048 0.140633 0.206585
0.135713 0.140522 0.176067 0.193533 0.210662 0.143504
0.147760 0.146634 0.148231 0.229408 0.186568 0.141399
0.161035 0.171097 0.141539 0.206273 0.151963 0.168093
0.168124 0.165225 0.141029 0.152036 0.199850 0.173736
0.159318 0.154509 0.164717 0.127573 0.214329 0.179553
0.186512 0.161813 0.131914 0.210270 0.157314 0.152178
0.177585 0.173725 0.162285 0.162780 0.162999 0.160626
0.164617 0.164612 0.150301 0.164490 0.205376 0.150604
0.119942 0.134815 0.127084 0.179879 0.279614 0.158666
0.134527 0.171163 0.167803 0.160881 0.212522 0.153103
0.154325 0.173269 0.207769 0.138128 0.162174 0.164335
0.167598 0.176216 0.149730 0.177920 0.171870 0.156666
0.160614 0.155144 0.141018 0.155076 0.241230 0.146919
0.136754 0.136181 0.157662 0.169566 0.209435 0.190402
0.163830 0.165022 0.192325 0.179995 0.136767 0.162061
0.164985 0.165297 0.166964 0.177317 0.182063 0.143373
0.146274 0.153525 0.162220 0.170639 0.212818 0.154524
0.125829 0.163654 0.112656 0.198074 0.234071 0.165716
0.179349 0.169214 0.150960 0.201448 0.130830 0.168199
0.147767 0.163625 0.141394 0.193519 0.196628 0.157067
0.189961 0.195875 0.150293 0.136101 0.143655 0.184116
0.159103 0.157131 0.133853 0.241808 0.166789 0.141317
0.193443 0.143416 0.152707 0.151924 0.204232 0.154278
0.168090 0.196207 0.165988 0.145853 0.137494 0.186368
0.163937 0.151236 0.156663 0.161123 0.219042 0.148000
0.149742 0.154999 0.157921 0.201263 0.159342 0.176732
0.112568 0.150528 0.128214 0.209954 0.224356 0.174379
0.161029 0.163857 0.132636 0.223103 0.158799 0.160577
0.145553 0.154454 0.153213 0.174559 0.192762 0.179460
0.162636 0.168438 0.135868 0.171227 0.201221 0.160610
0.141928 0.147512 0.122762 0.244256 0.226592 0.116950
0.171620 0.174915 0.142656 0.149097 0.173410 0.188301
0.140078 0.167967 0.180102 0.167509 0.158300 0.186045
0.156208 0.160713 0.134929 0.179865 0.238470 0.129814
0.158858 0.164611 0.150731 0.190104 0.190763 0.144933
0.166510 0.193883 0.155088 0.152730 0.165628 0.166160
0.143939 0.156429 0.176960 0.168175 0.202783 0.151715
0.162309 0.148427 0.175050 0.151833 0.204292 0.158089
0.188401 0.163211 0.180662 0.175857 0.144313 0.147557
0.142962 0.151603 0.181058 0.190448 0.160464 0.173465
0.153673 0.155600 0.145805 0.179287 0.200261 0.165374
0.151902 0.181776 0.141623 0.161051 0.167067 0.196581
0.138898 0.156684 0.126670 0.212190 0.193090 0.172468
0.163599 0.163913 0.204092 0.177510 0.135304 0.155581
0.177888 0.180561 0.173101 0.144992 0.156769 0.166689
0.177637 0.190137 0.174134 0.154744 0.125035 0.178314
0.169049 0.168743 0.164557 0.137485 0.211310 0.148856
0.160567 0.160567 0.159375 0.148907 0.194939 0.175645
0.164059 0.164047 0.135208 0.196631 0.175245 0.164810
0.166905 0.166905 0.152327 0.173187 0.195750 0.144926
0.173930 0.148930 0.141389 0.150366 0.209612 0.175773
0.162790 0.159489 0.148288 0.196813 0.156463 0.176156
0.164770 0.164770 0.168369 0.199426 0.142602 0.160063
0.138393 0.167589 0.167597 0.166394 0.217951 0.142075
0.160130 0.160130 0.170665 0.206434 0.132685 0.169956
0.162088 0.165148 0.161786 0.150148 0.202938 0.157892
0.172485 0.179460 0.165399 0.150491 0.147180 0.184985
0.169423 0.167713 0.152115 0.152390 0.193132 0.165227
0.170453 0.170453 0.166173 0.210648 0.128893 0.153380
0.143934 0.174742 0.127267 0.231570 0.195221 0.127267
0.183253 0.171285 0.170763 0.162032 0.141915 0.170753
0.156669 0.162722 0.181669 0.157408 0.159862 0.181669
0.159673 0.166649 0.181966 0.168001 0.166765 0.156947
0.174036 0.159825 0.162063 0.160377 0.179313 0.164386
0.174386 0.174386 0.177918 0.127721 0.181867 0.163722
0.179409 0.185210 0.171740 0.147372 0.136860 0.179409
0.176556 0.177088 0.124629 0.111599 0.263285 0.146843
0.150427 0.153420 0.155905 0.204988 0.172853 0.162406
0.145812 0.145812 0.141791 0.157435 0.269070 0.140079
0.169892 0.157392 0.142873 0.226214 0.140714 0.162916
0.148223 0.153266 0.154357 0.169353 0.199867 0.174934
0.152897 0.177874 0.152684 0.221352 0.154811 0.140382
0.132533 0.142533 0.117120 0.257049 0.189033 0.161732
0.181339 0.179919 0.147793 0.154534 0.177501 0.158914
0.165235 0.167820 0.184309 0.181039 0.135956 0.165642
0.137337 0.147337 0.136771 0.192156 0.162860 0.223539
0.158274 0.159995 0.139996 0.165192 0.218966 0.157576
0.159858 0.184858 0.206412 0.138898 0.170651 0.139323
0.147332 0.151658 0.125449 0.143455 0.245909 0.186197
0.184064 0.171279 0.140709 0.126451 0.207552 0.169945
0.167261 0.171438 0.169914 0.147784 0.184528 0.159075
0.145626 0.152665 0.176149 0.219233 0.133854 0.172473
0.160800 0.149278 0.161259 0.164890 0.193209 0.170565
0.144169 0.147768 0.189158 0.146060 0.213411 0.159433
0.149799 0.149787 0.146593 0.194871 0.204261 0.154688
0.168025 0.162760 0.153831 0.171496 0.168199 0.175689
0.210963 0.160662 0.150272 0.197143 0.136870 0.144090
0.169211 0.162787 0.136539 0.140767 0.159581 0.231115
0.172624 0.167816 0.151885 0.160401 0.185084 0.162191
0.186460 0.190632 0.164762 0.144808 0.178406 0.134932
0.139240 0.149240 0.177108 0.230026 0.153386 0.151001
0.161261 0.161272 0.156674 0.172698 0.199174 0.148922
0.148503 0.148503 0.165152 0.143991 0.237787 0.156063
0.147611 0.172611 0.182974 0.141308 0.153922 0.201575
0.136646 0.140505 0.146098 0.215249 0.215110 0.146392
0.178526 0.178526 0.156823 0.156792 0.169187 0.160147
0.148728 0.143855 0.134291 0.157573 0.243473 0.172081
0.183213 0.170140 0.164922 0.169346 0.132232 0.180146
0.165115 0.165115 0.149043 0.147244 0.213236 0.160247
0.172179 0.172179 0.160325 0.161071 0.167129 0.167116
0.167847 0.167847 0.152274 0.191358 0.182022 0.138651
0.175971 0.175971 0.132643 0.198246 0.133272 0.183896
0.170780 0.170780 0.132399 0.160401 0.214252 0.151387
0.162500 0.162485 0.158536 0.157002 0.206887 0.152590
0.160874 0.170874 0.153566 0.204049 0.148288 0.162348
0.159985 0.158545 0.157974 0.183272 0.181678 0.158545
0.141900 0.157583 0.201870 0.169263 0.181915 0.147469
0.146926 0.155286 0.138707 0.288636 0.150046 0.120398
0.153853 0.153491 0.150047 0.155343 0.219783 0.167484
0.150019 0.161233 0.178672 0.212105 0.156287 0.141683
0.161924 0.162632 0.162043 0.153563 0.161661 0.198177
0.154307 0.179619 0.130112 0.162367 0.220088 0.153507
0.171584 0.166888 0.168771 0.201346 0.118139 0.173273
0.150410 0.163772 0.194219 0.165654 0.181166 0.144779
0.168380 0.177936 0.168721 0.125351 0.164178 0.195434
0.158275 0.161373 0.169375 0.120257 0.238391 0.152329
0.170033 0.169721 0.167449 0.186084 0.142972 0.163740
0.169800 0.175609 0.155661 0.120528 0.197119 0.181283
0.207846 0.158368 0.146495 0.203514 0.138442 0.145336
0.155428 0.154887 0.146772 0.211542 0.167518 0.163854
0.178039 0.153039 0.145600 0.232501 0.138305 0.152517
0.166488 0.154000 0.150327 0.220211 0.145140 0.163834
0.130638 0.157305 0.157561 0.193954 0.219904 0.140638
0.174033 0.162233 0.176423 0.130061 0.153342 0.203907
0.168735 0.184691 0.135041 0.163788 0.195519 0.152227
0.156917 0.163038 0.143798 0.191669 0.191820 0.152757
0.164851 0.163080 0.139452 0.208210 0.180292 0.144113
0.164902 0.164902 0.134127 0.189786 0.180023 0.166260
0.159653 0.169899 0.156663 0.163770 0.191611 0.158403
0.144977 0.170503 0.192616 0.145413 0.206503 0.139988
0.177753 0.180577 0.163627 0.135091 0.183441 0.159510
0.149949 0.149949 0.199734 0.193376 0.120074 0.186917
0.196464 0.179797 0.193231 0.128361 0.116738 0.185410
0.171133 0.171115 0.197665 0.142879 0.151130 0.166078
0.157246 0.170337 0.184241 0.195776 0.110207 0.182192
0.148421 0.146781 0.148458 0.220364 0.189194 0.146781
0.164972 0.167933 0.157023 0.178480 0.152268 0.179323
0.164639 0.175852 0.149837 0.153877 0.180438 0.175357
0.167247 0.163648 0.150796 0.185035 0.172352 0.160922
0.146756 0.151337 0.129430 0.140857 0.284864 0.146756
0.153445 0.175377 0.141742 0.154744 0.192131 0.182561
0.167931 0.168233 0.158926 0.163555 0.188951 0.152403
0.162635 0.165525 0.135405 0.152316 0.193589 0.190531
0.151136 0.155944 0.148503 0.143730 0.252659 0.148029
0.165718 0.165417 0.137354 0.168308 0.232816 0.130387
0.164747 0.164747 0.178908 0.145069 0.162410 0.184119
0.165034 0.165024 0.145211 0.207687 0.165954 0.151090
0.133568 0.133584 0.153343 0.189541 0.221708 0.168256
0.192332 0.154832 0.173245 0.165826 0.158261 0.155504
0.165192 0.162714 0.211344 0.141063 0.175903 0.143785
0.149666 0.146940 0.142441 0.128148 0.236320 0.196486
0.137959 0.130332 0.145921 0.192360 0.251333 0.142095
0.146460 0.162648 0.155691 0.191119 0.172482 0.171600
0.156982 0.156982 0.146997 0.206608 0.176644 0.155787
0.148731 0.144018 0.146372 0.203540 0.204349 0.152990
0.178652 0.178338 0.150906 0.156036 0.160040 0.176029
0.133615 0.130941 0.132433 0.297276 0.156950 0.148786
0.173387 0.160887 0.148161 0.186304 0.165872 0.165389
0.167637 0.167944 0.159841 0.143995 0.198646 0.161936
0.154539 0.154539 0.154928 0.205806 0.175821 0.154367
0.152741 0.152753 0.122836 0.210070 0.171957 0.189643
0.155899 0.155899 0.155842 0.129927 0.231321 0.171111
0.176059 0.201059 0.151466 0.136502 0.185133 0.149781
0.168882 0.172184 0.146271 0.154992 0.196977 0.160694
0.162990 0.162990 0.168937 0.139704 0.194692 0.170688
0.161380 0.157183 0.152301 0.179549 0.199699 0.149888
0.173377 0.160877 0.136432 0.198495 0.170187 0.160631
0.171982 0.171982 0.156728 0.153910 0.190328 0.155069
0.149130 0.149130 0.176107 0.194413 0.208743 0.122476
0.148779 0.148779 0.173177 0.180606 0.186140 0.162520
0.131266 0.131248 0.123642 0.186478 0.261244 0.166122
0.139208 0.149587 0.179305 0.163212 0.218214 0.150475
0.152283 0.150588 0.145811 0.178109 0.224405 0.148803
0.166574 0.169369 0.150718 0.144695 0.135508 0.233136
0.162219 0.171379 0.162465 0.154891 0.185170 0.163876
0.189965 0.186086 0.153514 0.158223 0.135891 0.176321
0.164308 0.164308 0.152419 0.145685 0.214369 0.158910
0.164622 0.169387 0.164500 0.160313 0.189702 0.151476
0.152185 0.170232 0.174113 0.142952 0.206271 0.154248
0.183767 0.169832 0.117575 0.195345 0.145578 0.187903
0.157069 0.164602 0.159415 0.157593 0.226102 0.135219
0.140746 0.145986 0.157499 0.180890 0.248128 0.126751
0.181500 0.179447 0.166668 0.151402 0.126011 0.194972
0.153283 0.153273 0.141625 0.143334 0.205213 0.203273
0.170040 0.175926 0.180822 0.144607 0.173855 0.154751
0.192385 0.142890 0.104467 0.149474 0.252130 0.158653
0.189012 0.187896 0.166425 0.174325 0.124697 0.157644
0.137738 0.137738 0.131157 0.169121 0.254462 0.169784
0.182795 0.175030 0.129212 0.167191 0.164049 0.181723
0.156840 0.167203 0.156133 0.176182 0.186293 0.157349
0.171988 0.171981 0.160008 0.158426 0.194609 0.142988
0.172733 0.172752 0.170752 0.125611 0.160939 0.197212
0.155691 0.145312 0.133760 0.154825 0.240811 0.169601
0.165827 0.167523 0.175429 0.159046 0.171852 0.160323
0.162914 0.160119 0.134818 0.164975 0.189651 0.187523
0.150480 0.146720 0.154822 0.178756 0.218742 0.150480
0.141201 0.162779 0.148742 0.178853 0.182483 0.185942
0.158837 0.158837 0.183941 0.141337 0.198710 0.158337
0.157673 0.152909 0.134923 0.267874 0.144930 0.141692
0.148868 0.148569 0.177656 0.172289 0.183190 0.169427
0.175058 0.172327 0.160000 0.165431 0.149301 0.177883
0.157994 0.153608 0.141908 0.180838 0.216844 0.148809
0.179316 0.179618 0.148330 0.188357 0.152083 0.152296
0.159505 0.159505 0.187797 0.156442 0.177548 0.159203
0.148100 0.148110 0.171601 0.143001 0.234236 0.154951
0.166551 0.166551 0.168872 0.180934 0.160123 0.156969
0.162839 0.212839 0.150944 0.135578 0.181068 0.156732
0.159690 0.163872 0.143927 0.172178 0.203377 0.156957
0.157301 0.157301 0.131032 0.175659 0.223534 0.155173
0.180650 0.176209 0.147375 0.198070 0.122839 0.174857
0.152847 0.142484 0.130443 0.229299 0.212065 0.132862
0.149310 0.149310 0.150598 0.208409 0.179285 0.163087
0.141318 0.141318 0.158229 0.188117 0.225916 0.145102
0.134429 0.134429 0.194455 0.153894 0.188338 0.194455
0.159216 0.159216 0.185464 0.154269 0.183425 0.158410
0.162302 0.162302 0.160421 0.199125 0.175834 0.140017
0.177624 0.177624 0.152234 0.163148 0.156214 0.173156
0.163405 0.163405 0.135835 0.186337 0.176244 0.174774
0.173625 0.173625 0.146108 0.194853 0.103708 0.208080
0.177609 0.177593 0.174394 0.145959 0.174561 0.149883
0.149128 0.159128 0.151540 0.160848 0.213368 0.165988
0.168918 0.167497 0.128826 0.147283 0.251509 0.135967
0.143103 0.145688 0.198811 0.184481 0.119129 0.208787
0.159998 0.169998 0.170339 0.173704 0.175469 0.150492
0.161866 0.158544 0.148841 0.161867 0.179083 0.189798
0.151003 0.151003 0.148634 0.124543 0.207402 0.217414
0.145345 0.149652 0.116732 0.202339 0.245735 0.140196
0.148491 0.148803 0.143123 0.237490 0.160835 0.161259
0.146940 0.149462 0.129471 0.227240 0.190495 0.156392
0.123156 0.149822 0.124740 0.249884 0.205930 0.146468
0.168390 0.166737 0.157665 0.161695 0.196971 0.148542
0.149875 0.152758 0.154306 0.165996 0.209239 0.167827
0.132783 0.149438 0.150799 0.198822 0.241912 0.126246
0.157774 0.154841 0.145116 0.137079 0.199637 0.205553
0.211437 0.161437 0.150272 0.133038 0.182403 0.161413
0.164263 0.165933 0.160132 0.157304 0.204218 0.148150
0.142961 0.159943 0.154636 0.165468 0.223848 0.153145
0.166644 0.156673 0.135769 0.127372 0.240721 0.172821
0.150552 0.180102 0.156974 0.208972 0.145814 0.157587
0.168539 0.174356 0.130973 0.183487 0.150473 0.192172
0.154410 0.152638 0.160637 0.138189 0.224473 0.169652
0.147520 0.147508 0.148226 0.248782 0.182903 0.125060
0.170053 0.175257 0.153167 0.161735 0.159796 0.179993
0.187249 0.171109 0.170474 0.135460 0.168690 0.167019
0.166020 0.165748 0.174642 0.174310 0.183232 0.136048
0.170930 0.170930 0.172383 0.176737 0.166393 0.142628
0.163851 0.151765 0.131796 0.169481 0.167734 0.215373
0.158556 0.175222 0.155871 0.187369 0.153018 0.169964
0.158647 0.158640 0.136078 0.148120 0.194786 0.203729
0.154413 0.154413 0.144605 0.239035 0.130654 0.176879
0.175993 0.175993 0.174229 0.170732 0.137415 0.165637
0.164859 0.164859 0.157585 0.225536 0.126601 0.160559
0.180741 0.180741 0.164715 0.136929 0.156647 0.180226
0.159837 0.164417 0.165067 0.178333 0.175047 0.157299
0.137070 0.203736 0.139552 0.200532 0.182040 0.137070
0.159149 0.149149 0.144777 0.166099 0.175548 0.205278
0.164885 0.168144 0.177055 0.177997 0.174328 0.137591
0.136070 0.144176 0.159535 0.181589 0.230053 0.148577
0.183023 0.181369 0.171647 0.131532 0.162745 0.169684
0.171946 0.171927 0.162547 0.129378 0.147264 0.216938
0.167796 0.187466 0.126689 0.203868 0.133941 0.180240
0.165493 0.164391 0.145675 0.161137 0.217084 0.146219
0.170294 0.176438 0.195312 0.161858 0.121412 0.174687
0.141134 0.152347 0.137447 0.211000 0.202518 0.155554
0.156739 0.143139 0.156174 0.204119 0.202216 0.137614
0.150199 0.150199 0.196842 0.141845 0.215192 0.145723
0.162966 0.168225 0.122975 0.172780 0.207382 0.165673
0.164740 0.165042 0.153398 0.151179 0.189199 0.176443
0.154325 0.157214 0.135728 0.164471 0.216042 0.172220
0.150717 0.155525 0.125828 0.188767 0.249262 0.129901
0.156619 0.156319 0.145661 0.151905 0.217276 0.172220
0.147858 0.153466 0.189439 0.204481 0.143633 0.161123
0.153558 0.203548 0.150914 0.142741 0.191033 0.158207
0.173183 0.173183 0.152872 0.166204 0.164975 0.169582
0.209110 0.184110 0.173188 0.133714 0.131900 0.167978
0.171612 0.167753 0.160566 0.187999 0.153962 0.158108
0.178641 0.178641 0.164000 0.163751 0.135009 0.179957
0.173132 0.178006 0.173613 0.174219 0.125849 0.175181
0.147330 0.160402 0.149913 0.253930 0.132890 0.155535
0.186910 0.186910 0.140910 0.215505 0.108842 0.160923
0.171008 0.171008 0.160579 0.161062 0.182000 0.154342
0.162722 0.162703 0.193687 0.176965 0.135939 0.167984
0.133569 0.143948 0.157809 0.198071 0.215689 0.150913
0.166922 0.165227 0.160343 0.175384 0.178923 0.153200
0.162750 0.165545 0.144274 0.164079 0.219793 0.143559
0.158752 0.167912 0.172917 0.152964 0.183580 0.163875
0.172671 0.168793 0.159072 0.183619 0.156878 0.158967
0.148722 0.148722 0.170729 0.155025 0.253466 0.123337
0.182467 0.187250 0.186894 0.136170 0.148187 0.159031
0.131161 0.121066 0.147804 0.279136 0.167213 0.153620
0.152878 0.173971 0.164361 0.155857 0.158717 0.194216
0.145090 0.145337 0.112838 0.265182 0.173722 0.157830
0.182865 0.176287 0.175779 0.156928 0.120978 0.187164
0.166850 0.187395 0.164071 0.191107 0.123719 0.166857
0.169359 0.166416 0.155615 0.124511 0.206823 0.177275
0.177523 0.172759 0.179368 0.181442 0.114801 0.174108
0.200173 0.155078 0.138494 0.157009 0.208027 0.141220
0.192077 0.185479 0.147718 0.162275 0.161665 0.150786
0.129145 0.127582 0.147284 0.173078 0.245522 0.177388
0.151611 0.173002 0.164764 0.170985 0.191394 0.148244
0.122465 0.142903 0.133284 0.248245 0.215638 0.137466
0.165548 0.163863 0.161017 0.189214 0.157422 0.162935
0.157387 0.160170 0.157497 0.203894 0.160883 0.160170
0.133380 0.192539 0.146716 0.195279 0.177186 0.154899
0.195791 0.179429 0.162455 0.186169 0.114523 0.161633
0.153636 0.150540 0.220504 0.126417 0.180937 0.167967
0.183028 0.183351 0.164026 0.134325 0.175438 0.159832
0.166085 0.160602 0.165977 0.136138 0.155221 0.215977
0.150620 0.170041 0.192718 0.153102 0.161360 0.172159
0.148665 0.142263 0.145973 0.185342 0.224715 0.153042
0.172590 0.174389 0.179107 0.153928 0.140879 0.179107
0.172337 0.169296 0.149630 0.199497 0.165414 0.143826
0.119985 0.111526 0.107484 0.202253 0.299162 0.159590
0.139286 0.143943 0.143452 0.183287 0.186665 0.203367
0.185592 0.135592 0.150189 0.188723 0.202681 0.137224
0.164755 0.155243 0.157866 0.179908 0.206785 0.135443
0.148002 0.147714 0.130333 0.143345 0.250155 0.180449
0.154493 0.155992 0.164060 0.195510 0.187729 0.142216
0.145187 0.140241 0.155580 0.202721 0.158631 0.197641
0.158433 0.160111 0.161227 0.171894 0.177018 0.171318
0.167965 0.165239 0.171225 0.222005 0.113555 0.160011
0.137653 0.125162 0.130106 0.150116 0.276990 0.179973
0.171689 0.174823 0.141341 0.168998 0.161214 0.181934
0.169358 0.208979 0.169381 0.147466 0.142432 0.162385
0.179521 0.181624 0.147642 0.157627 0.171242 0.162345
0.159215 0.156106 0.142746 0.159390 0.203961 0.178581
0.161977 0.144938 0.161249 0.166251 0.203608 0.161977
0.160378 0.141003 0.161566 0.176185 0.158999 0.201868
0.139560 0.139848 0.178475 0.136428 0.238732 0.166957
0.159151 0.167485 0.173167 0.167497 0.127844 0.204855
0.139018 0.137091 0.173499 0.183043 0.248118 0.119231
0.178623 0.178852 0.159949 0.163632 0.139756 0.179188
0.141764 0.173591 0.151700 0.159291 0.222636 0.151018
0.174934 0.174939 0.143602 0.160423 0.192532 0.153569
0.157208 0.157208 0.133105 0.187747 0.216660 0.148072
0.158094 0.159174 0.164652 0.222732 0.157874 0.137475
0.134844 0.122646 0.135158 0.179839 0.280099 0.147414
0.145348 0.198238 0.159631 0.120102 0.165021 0.211660
0.121351 0.130341 0.150859 0.219611 0.235866 0.141971
0.152405 0.152105 0.202680 0.180041 0.163739 0.149029
0.164183 0.159742 0.163979 0.166474 0.192623 0.152998
0.159807 0.149433 0.142824 0.222688 0.158264 0.166985
0.161319 0.161319 0.156281 0.167665 0.174884 0.178531
0.177349 0.152350 0.140676 0.204411 0.184003 0.141211
0.186533 0.182673 0.169850 0.129490 0.159040 0.172414
0.149323 0.149323 0.177178 0.141891 0.236432 0.145853
0.163025 0.167899 0.159014 0.142474 0.156985 0.210603
0.118990 0.132063 0.143464 0.244307 0.221165 0.140010
0.171228 0.171228 0.158138 0.183856 0.155576 0.159973
0.167073 0.167073 0.147398 0.157568 0.200685 0.160203
0.128872 0.128872 0.127770 0.184085 0.293988 0.136412
0.147112 0.147112 0.148452 0.143370 0.205960 0.207994
0.157153 0.157153 0.153671 0.184568 0.202991 0.144464
0.154779 0.154779 0.151692 0.244332 0.163958 0.130461
0.168184 0.168184 0.144991 0.144691 0.216355 0.157596
0.158771 0.158771 0.163812 0.234070 0.109658 0.174918
0.144204 0.144204 0.172307 0.198233 0.184945 0.156107
0.158332 0.158332 0.140447 0.195968 0.193951 0.152969
0.184202 0.184202 0.164889 0.189345 0.130497 0.146865
0.132790 0.150537 0.117748 0.226352 0.236188 0.136384
0.174083 0.157416 0.128482 0.182295 0.162674 0.195050
0.163177 0.166323 0.162638 0.176608 0.174199 0.157055
0.159836 0.165378 0.150752 0.249344 0.117951 0.156740
0.170161 0.168108 0.146994 0.163564 0.198667 0.152507
0.176524 0.176524 0.155577 0.212755 0.123967 0.154653
0.137846 0.143732 0.181798 0.205030 0.194274 0.137320
0.163921 0.164426 0.142690 0.199579 0.168287 0.161097
0.165665 0.168732 0.167307 0.160912 0.176160 0.161224
0.147485 0.147466 0.187912 0.210045 0.169989 0.137103
0.140319 0.138492 0.145957 0.180069 0.227798 0.167365
0.167611 0.165916 0.216941 0.168632 0.130958 0.149942
0.170001 0.172771 0.192354 0.141013 0.157207 0.166655
0.137716 0.159973 0.149710 0.161589 0.219729 0.171284
0.192057 0.186539 0.179630 0.158279 0.105004 0.178491
0.158367 0.161327 0.167743 0.156465 0.204808 0.151289
0.152303 0.168281 0.134017 0.198651 0.181863 0.164884
0.178039 0.180140 0.144970 0.154724 0.192144 0.149983
0.134965 0.155397 0.106753 0.200631 0.270867 0.131387
0.152030 0.161682 0.155652 0.186962 0.168747 0.174927
0.145464 0.145463 0.132039 0.199169 0.235394 0.142470
0.133793 0.136682 0.148476 0.207483 0.231108 0.142458
0.133076 0.137874 0.148258 0.216734 0.163684 0.200374
0.174378 0.174077 0.152983 0.161293 0.165980 0.171289
0.194922 0.144922 0.129512 0.241808 0.148443 0.140393
0.181744 0.177551 0.154255 0.133152 0.173510 0.179788
0.157979 0.157979 0.134963 0.199819 0.195863 0.153398
0.185117 0.164557 0.162414 0.143748 0.201037 0.143127
0.150054 0.156557 0.162150 0.235833 0.144218 0.151188
0.157150 0.157150 0.194266 0.201894 0.165737 0.123803
0.149134 0.154008 0.150278 0.153499 0.256821 0.136261
0.135064 0.148137 0.181346 0.155326 0.194197 0.185928
0.163823 0.163823 0.205306 0.181590 0.130234 0.155223
0.148337 0.148337 0.117787 0.200073 0.240829 0.144637
0.178764 0.178764 0.166963 0.142290 0.152403 0.180817
0.155441 0.155441 0.132605 0.262499 0.156384 0.137630
0.167563 0.167563 0.115511 0.243519 0.136355 0.169489
0.149891 0.149891 0.184451 0.139600 0.215749 0.160418
0.145632 0.145632 0.145643 0.240516 0.192324 0.130252
0.139112 0.139112 0.125196 0.218360 0.238832 0.139389
0.146153 0.146153 0.146508 0.159136 0.205018 0.197032
0.154931 0.154915 0.193769 0.173199 0.151324 0.171862
0.129141 0.145808 0.139758 0.215895 0.236786 0.132613
0.188097 0.186729 0.181176 0.138783 0.137154 0.168061
0.127091 0.140762 0.133778 0.149993 0.283297 0.165079
0.145068 0.159633 0.146686 0.246034 0.134288 0.168291
0.152432 0.152541 0.166398 0.191693 0.183141 0.153796
0.150437 0.158886 0.203783 0.183210 0.164087 0.139597
0.158646 0.159192 0.145700 0.238403 0.159450 0.138609
0.148615 0.148931 0.135842 0.235513 0.163030 0.168069
0.159565 0.167719 0.164918 0.174756 0.159696 0.173346
0.135045 0.152000 0.188677 0.186702 0.138243 0.199333
