0.132388 0.163773 0.141655 0.117582 0.176191 0.138429 0.129983
0.112363 0.171075 0.138203 0.140212 0.152385 0.139744 0.146017
0.164196 0.138030 0.138668 0.130754 0.144110 0.144110 0.140132
0.152549 0.180424 0.134251 0.131912 0.127339 0.131013 0.142512
0.135451 0.164077 0.130674 0.146444 0.143042 0.151626 0.128686
0.208214 0.159599 0.108727 0.110577 0.175446 0.125446 0.111991
0.120096 0.175816 0.133120 0.130416 0.143128 0.138946 0.158478
0.163746 0.165825 0.117806 0.128256 0.144480 0.144161 0.135726
0.173568 0.187986 0.125708 0.153024 0.117116 0.108212 0.134387
0.178250 0.119669 0.137312 0.162583 0.127714 0.137908 0.136564
0.134595 0.192443 0.131165 0.134455 0.138065 0.135471 0.133806
0.167764 0.183925 0.146643 0.108403 0.134045 0.122831 0.136389
0.155048 0.164973 0.180732 0.122475 0.132334 0.124237 0.120202
0.102918 0.147908 0.156706 0.146867 0.132230 0.157230 0.156141
0.134205 0.156401 0.142098 0.180530 0.131389 0.124015 0.131363
0.141612 0.130926 0.140143 0.151986 0.148712 0.144526 0.142096
0.132544 0.188020 0.128647 0.126644 0.144540 0.143931 0.135674
0.209207 0.188237 0.109808 0.121218 0.115578 0.110654 0.145297
0.140887 0.142388 0.147869 0.136896 0.147878 0.143366 0.140714
0.160181 0.142860 0.175987 0.127856 0.131781 0.131365 0.129971
0.122046 0.161792 0.150330 0.142200 0.140648 0.138074 0.144911
0.154524 0.160479 0.176915 0.120225 0.129372 0.129372 0.129114
0.180176 0.083880 0.133554 0.142480 0.141387 0.169979 0.148543
0.153298 0.238531 0.117870 0.124846 0.123792 0.126889 0.114773
0.132100 0.128398 0.139505 0.121476 0.143699 0.143703 0.191120
0.191203 0.156574 0.118440 0.124684 0.147604 0.143286 0.118209
0.153434 0.190849 0.122059 0.140515 0.125423 0.112350 0.155371
0.124046 0.146600 0.149089 0.136124 0.151249 0.151249 0.141643
0.210256 0.111338 0.124188 0.119494 0.128203 0.128203 0.178318
0.149850 0.116729 0.159190 0.137574 0.145852 0.141274 0.149532
0.137732 0.229785 0.132725 0.127158 0.132725 0.121971 0.117905
0.167886 0.138323 0.143054 0.126219 0.143043 0.143043 0.138432
0.217000 0.146026 0.130365 0.123586 0.130683 0.130683 0.121658
0.138802 0.186488 0.159658 0.092430 0.120037 0.120037 0.182547
0.146994 0.186035 0.142025 0.125713 0.137583 0.137583 0.124067
0.167330 0.160798 0.119968 0.174790 0.122433 0.122433 0.132249
0.159611 0.152642 0.124701 0.150202 0.136825 0.137142 0.138876
0.140909 0.207764 0.126310 0.124332 0.121421 0.131800 0.147465
0.135035 0.213364 0.129666 0.135525 0.131048 0.129666 0.125697
0.149893 0.146835 0.140263 0.132490 0.141792 0.144575 0.144153
0.118234 0.171785 0.141809 0.167485 0.122530 0.142069 0.136088
0.116260 0.185254 0.142482 0.125690 0.149116 0.144891 0.136307
0.215866 0.160878 0.120566 0.110451 0.122583 0.124731 0.144924
0.142637 0.165520 0.152209 0.117998 0.138479 0.141571 0.141587
0.127321 0.159473 0.149115 0.116968 0.151700 0.150497 0.144927
0.161292 0.145290 0.149774 0.149338 0.133601 0.133544 0.127159
0.188788 0.111116 0.137344 0.119054 0.145216 0.144472 0.154010
0.123021 0.163313 0.163164 0.150451 0.135360 0.129331 0.135360
0.169411 0.122497 0.145694 0.148712 0.135724 0.139829 0.138133
0.184583 0.145816 0.127281 0.170298 0.124276 0.122298 0.125449
0.199209 0.152686 0.135674 0.120086 0.129120 0.132161 0.131065
0.127554 0.116954 0.137659 0.161892 0.169390 0.143803 0.142750
0.231651 0.146692 0.117312 0.157494 0.117547 0.112410 0.116893
0.139446 0.147988 0.150201 0.132477 0.139028 0.143382 0.147477
0.187710 0.177961 0.124060 0.114392 0.148323 0.123493 0.124060
0.150325 0.145761 0.133527 0.160807 0.136094 0.130329 0.143156
0.135770 0.149000 0.146460 0.135510 0.141690 0.145110 0.146460
0.123648 0.173521 0.133587 0.148958 0.129681 0.156697 0.133907
0.131865 0.099629 0.142319 0.192252 0.137967 0.145055 0.150914
0.163632 0.198978 0.131163 0.124963 0.127169 0.132909 0.121184
0.160229 0.139232 0.123711 0.126581 0.134910 0.130681 0.184656
0.181972 0.118888 0.131932 0.119646 0.138253 0.173578 0.135731
0.161850 0.180673 0.138971 0.127013 0.133274 0.137189 0.121031
0.139473 0.195971 0.126049 0.128650 0.120089 0.117680 0.172088
0.214721 0.110856 0.127172 0.148899 0.153126 0.119449 0.125776
0.121089 0.171802 0.142985 0.147362 0.147103 0.134652 0.135008
0.215590 0.148431 0.125914 0.132189 0.122187 0.132181 0.123508
0.128371 0.211294 0.115223 0.115026 0.154044 0.119875 0.156166
0.140944 0.160255 0.128592 0.170194 0.126141 0.140948 0.132925
0.161843 0.164020 0.110690 0.154050 0.122586 0.148990 0.137821
0.146993 0.187132 0.129389 0.122063 0.141500 0.133340 0.139583
0.178013 0.158268 0.130920 0.119824 0.129557 0.143068 0.140349
0.133320 0.160719 0.177597 0.123213 0.131541 0.119858 0.153752
0.138679 0.137188 0.154472 0.127334 0.150280 0.139112 0.152936
0.170897 0.150540 0.181862 0.115325 0.125190 0.133330 0.122856
0.150702 0.178802 0.121612 0.145336 0.132302 0.117181 0.154064
0.216526 0.144657 0.115328 0.110095 0.145327 0.129273 0.138794
0.178599 0.173939 0.125870 0.122354 0.128344 0.141961 0.128932
0.162372 0.102304 0.139189 0.141366 0.153168 0.147681 0.153920
0.213762 0.155013 0.122912 0.124244 0.130213 0.134894 0.118963
0.139788 0.194141 0.149286 0.128683 0.121979 0.130200 0.135923
0.209897 0.137497 0.151097 0.131623 0.122357 0.131271 0.116259
0.092807 0.157237 0.155335 0.165634 0.144238 0.148080 0.136669
0.199911 0.163255 0.155104 0.123071 0.115106 0.123043 0.120510
0.118710 0.162936 0.140801 0.179201 0.126859 0.132450 0.139042
0.144896 0.115817 0.130566 0.153512 0.176321 0.139919 0.138970
0.132257 0.229588 0.102877 0.134072 0.117047 0.142302 0.141857
0.160002 0.146774 0.130159 0.123795 0.151691 0.154732 0.132846
0.182562 0.147308 0.147388 0.132604 0.125706 0.130284 0.134148
0.124068 0.203286 0.129965 0.151554 0.102692 0.109461 0.178974
0.147482 0.203775 0.116688 0.166571 0.140242 0.110585 0.114656
0.129051 0.124758 0.131953 0.147172 0.187786 0.139907 0.139373
0.175066 0.170495 0.135739 0.117193 0.140863 0.135739 0.124907
0.130703 0.206344 0.132409 0.115579 0.144809 0.137687 0.132471
0.130840 0.162219 0.141140 0.141709 0.145569 0.141876 0.136647
0.158780 0.201342 0.112708 0.126012 0.114383 0.125811 0.160965
0.141589 0.182906 0.133249 0.137035 0.141924 0.135645 0.127653
0.139935 0.248322 0.109952 0.126769 0.133778 0.115288 0.125956
0.129197 0.137729 0.129799 0.175017 0.135785 0.134232 0.158240
0.163188 0.166303 0.148415 0.128063 0.133080 0.127866 0.133084
0.190047 0.152202 0.126973 0.132877 0.133549 0.126658 0.137694
0.120134 0.138924 0.150042 0.143481 0.151054 0.145758 0.150608
0.163384 0.200893 0.133787 0.104882 0.133771 0.135468 0.127815
0.135519 0.141603 0.148858 0.132724 0.146530 0.148600 0.146167
0.143269 0.212267 0.122673 0.121667 0.133641 0.114075 0.152408
0.172466 0.163915 0.144547 0.104944 0.133412 0.162386 0.118330
0.139249 0.210101 0.136358 0.125785 0.126438 0.134208 0.127860
0.149170 0.116715 0.140814 0.149963 0.157286 0.136588 0.149464
0.129103 0.179382 0.128088 0.133260 0.149513 0.139632 0.141021
0.191821 0.121234 0.147221 0.154296 0.130992 0.120891 0.133545
0.119675 0.160296 0.142321 0.141187 0.146492 0.140801 0.149227
0.123502 0.180663 0.147812 0.134416 0.125873 0.153957 0.133777
0.176633 0.144161 0.143218 0.129671 0.133610 0.141940 0.130766
0.197330 0.140261 0.115973 0.159728 0.130569 0.125832 0.130306
0.179976 0.157840 0.129880 0.122120 0.135447 0.134978 0.139759
0.159416 0.150753 0.113077 0.128015 0.137419 0.173652 0.137668
0.205637 0.109567 0.126330 0.171358 0.128901 0.126578 0.131630
0.143563 0.121593 0.141764 0.139680 0.155606 0.149607 0.148186
0.141898 0.134473 0.134529 0.137835 0.147090 0.161571 0.142603
0.171437 0.135492 0.147688 0.125157 0.142688 0.132257 0.145281
0.163563 0.126935 0.143286 0.111134 0.140787 0.158519 0.155777
0.193013 0.134091 0.185417 0.109254 0.118361 0.121695 0.138170
0.127170 0.152986 0.155595 0.132033 0.165905 0.126572 0.139739
0.131462 0.158486 0.133635 0.128806 0.151137 0.152296 0.144178
0.124880 0.140462 0.143404 0.175127 0.126801 0.124764 0.164562
0.129522 0.135725 0.118587 0.165916 0.148807 0.151199 0.150244
0.143409 0.182390 0.119671 0.138118 0.129941 0.145169 0.141303
0.143022 0.165197 0.132038 0.122163 0.148122 0.135084 0.154374
0.177576 0.184997 0.111337 0.134088 0.123207 0.134939 0.133856
0.174628 0.142791 0.163993 0.116088 0.136866 0.132565 0.133069
0.170068 0.174428 0.125990 0.106881 0.125737 0.156610 0.140287
0.147146 0.115287 0.122797 0.159974 0.155016 0.155116 0.144664
0.154759 0.167052 0.114360 0.170143 0.136011 0.127605 0.130070
0.135917 0.181328 0.120172 0.161887 0.135192 0.118014 0.147489
0.136297 0.134605 0.154630 0.154895 0.129040 0.142075 0.148458
0.121001 0.181383 0.125907 0.132171 0.148712 0.147085 0.143742
0.123644 0.175044 0.159109 0.108810 0.144529 0.141997 0.146867
0.159028 0.190274 0.137110 0.119916 0.126446 0.136721 0.130505
0.124941 0.163318 0.171629 0.101178 0.137932 0.123578 0.177426
0.141401 0.157629 0.145898 0.166739 0.130028 0.111045 0.147260
0.127012 0.138192 0.184404 0.134779 0.130569 0.148088 0.136956
0.169726 0.124583 0.138976 0.147004 0.141821 0.151234 0.126656
0.134554 0.151996 0.147523 0.122430 0.164557 0.139936 0.139003
0.154930 0.148077 0.135554 0.130308 0.145250 0.143825 0.142054
0.174510 0.130513 0.117669 0.147263 0.139060 0.156979 0.134005
0.209291 0.118274 0.131969 0.120470 0.137760 0.137796 0.144441
0.133921 0.181275 0.161724 0.138212 0.127092 0.135370 0.122407
0.171212 0.159911 0.153317 0.127406 0.117161 0.113183 0.157811
0.192010 0.127466 0.133983 0.146755 0.144597 0.117683 0.137506
0.160243 0.136425 0.124328 0.154766 0.132671 0.160385 0.131182
0.144954 0.154511 0.112040 0.174977 0.135993 0.139852 0.137673
0.139715 0.187424 0.128438 0.120139 0.139559 0.148912 0.135814
0.168083 0.154706 0.137587 0.139028 0.127063 0.133489 0.140043
0.129313 0.140049 0.162707 0.114976 0.145648 0.137099 0.170208
0.172588 0.171068 0.131706 0.126554 0.138280 0.132296 0.127507
0.108658 0.172724 0.143962 0.141325 0.149386 0.150827 0.133117
0.139672 0.197081 0.135977 0.154891 0.125761 0.118513 0.128104
0.126867 0.170759 0.131628 0.156709 0.153800 0.128864 0.131373
0.152744 0.145218 0.179012 0.123048 0.133752 0.137214 0.129012
0.142024 0.137033 0.139482 0.145042 0.162874 0.138253 0.135292
0.111256 0.162447 0.147104 0.142813 0.144117 0.145159 0.147104
0.161191 0.156240 0.159998 0.138748 0.117894 0.126737 0.139192
0.122663 0.145657 0.155137 0.136372 0.138520 0.141523 0.160128
0.165214 0.155289 0.144341 0.137563 0.117674 0.145579 0.134341
0.126905 0.127655 0.135325 0.124694 0.170273 0.150245 0.164902
0.184326 0.163743 0.128096 0.118649 0.139787 0.128850 0.136549
0.159270 0.163334 0.140404 0.136874 0.131516 0.141605 0.126997
0.124375 0.160741 0.129359 0.151796 0.125825 0.127058 0.180845
0.131595 0.118780 0.145280 0.133433 0.146891 0.189598 0.134425
0.151411 0.135684 0.128846 0.123847 0.136328 0.152612 0.171272
0.147390 0.140887 0.142937 0.133624 0.139843 0.153027 0.142291
0.125988 0.212340 0.143305 0.116497 0.142684 0.122295 0.136892
0.157461 0.156201 0.141421 0.144677 0.138963 0.122680 0.138597
0.115852 0.126023 0.137105 0.172618 0.152953 0.133757 0.161693
0.140249 0.160490 0.144572 0.112487 0.197415 0.106318 0.138468
0.143683 0.189374 0.121046 0.133751 0.162419 0.129118 0.120610
0.132398 0.118353 0.157971 0.144642 0.132576 0.142268 0.171791
0.187216 0.148384 0.133062 0.106540 0.145539 0.133098 0.146160
0.123157 0.132412 0.138596 0.165742 0.124051 0.139573 0.176469
0.123221 0.189083 0.126359 0.161553 0.104532 0.141300 0.153952
0.104785 0.182826 0.145992 0.116678 0.156967 0.141708 0.151044
0.202602 0.179438 0.131173 0.121964 0.122752 0.127515 0.114557
0.178491 0.150030 0.141847 0.118760 0.138336 0.128767 0.143769
0.124993 0.218181 0.125558 0.152064 0.132381 0.120741 0.126082
0.172947 0.125268 0.135077 0.159941 0.158040 0.135603 0.113123
0.149859 0.113797 0.142786 0.143539 0.127838 0.141348 0.180832
0.236424 0.103495 0.113826 0.150532 0.119011 0.146228 0.130484
0.170581 0.191651 0.126395 0.115728 0.135254 0.140790 0.119601
0.181124 0.140919 0.135207 0.137307 0.120686 0.139815 0.144941
0.203441 0.097493 0.153938 0.123287 0.139856 0.126135 0.155851
0.166586 0.154679 0.127911 0.117798 0.184917 0.124163 0.123946
0.111597 0.155178 0.159197 0.145678 0.149429 0.141585 0.137335
0.111254 0.173520 0.152575 0.125331 0.151814 0.138741 0.146764
0.172214 0.138814 0.118980 0.117132 0.150263 0.186199 0.116397
0.222402 0.136634 0.120158 0.131669 0.108096 0.132715 0.148327
0.155908 0.127056 0.133468 0.127902 0.152256 0.149521 0.153888
0.183485 0.203303 0.115605 0.155438 0.123027 0.114286 0.104856
0.188355 0.121943 0.146293 0.139092 0.132517 0.125503 0.146298
0.178627 0.115809 0.150011 0.138854 0.133344 0.133344 0.150011
0.215532 0.148420 0.129097 0.114461 0.134302 0.129092 0.129097
0.142074 0.136789 0.138655 0.166094 0.139086 0.138648 0.138655
0.160222 0.211317 0.128515 0.125798 0.131181 0.128515 0.114453
0.188193 0.119669 0.139780 0.121180 0.139780 0.139780 0.151618
0.149102 0.246188 0.131600 0.101341 0.121789 0.131600 0.118381
0.191702 0.110744 0.143567 0.129238 0.147885 0.147885 0.128980
0.115235 0.197595 0.123768 0.131727 0.140613 0.140618 0.150443
0.178094 0.135062 0.134623 0.136198 0.147123 0.147123 0.121778
0.104762 0.130368 0.145358 0.166956 0.145358 0.145358 0.161839
0.175597 0.153655 0.129641 0.153720 0.129641 0.129324 0.128422
0.178602 0.126470 0.145918 0.128253 0.145918 0.135539 0.139301
0.163267 0.214798 0.126583 0.112131 0.131310 0.127965 0.123947
0.192081 0.200320 0.121232 0.091719 0.138932 0.118766 0.136950
0.130085 0.205448 0.141065 0.116471 0.140683 0.131905 0.134344
0.180464 0.190720 0.125087 0.136836 0.114299 0.127931 0.124663
0.156337 0.137975 0.129492 0.172341 0.131132 0.129492 0.143231
0.142776 0.155916 0.143171 0.135593 0.140515 0.138859 0.143171
0.119577 0.199336 0.134818 0.134688 0.126052 0.134558 0.150971
0.185872 0.130968 0.136359 0.146639 0.129535 0.133950 0.136676
0.189288 0.158288 0.128054 0.126520 0.139815 0.123571 0.134464
0.163579 0.128959 0.141648 0.159833 0.133411 0.142286 0.130283
0.164121 0.185246 0.127081 0.120168 0.129010 0.135955 0.138420
0.149104 0.128596 0.144452 0.134967 0.152176 0.142765 0.147941
0.139785 0.174040 0.135343 0.156177 0.132132 0.137865 0.124658
0.161556 0.180368 0.122880 0.128224 0.125733 0.155107 0.126132
0.159265 0.136071 0.148876 0.128622 0.139088 0.148716 0.139363
0.156379 0.141674 0.133510 0.168406 0.132750 0.133510 0.133770
0.131781 0.170791 0.142706 0.119647 0.142521 0.143085 0.149469
0.211179 0.128193 0.127719 0.134299 0.148552 0.117606 0.132452
0.110267 0.159868 0.129967 0.179774 0.138868 0.149090 0.132165
0.212687 0.128049 0.127345 0.153235 0.130400 0.117892 0.130392
0.142854 0.116971 0.144872 0.142042 0.144313 0.155745 0.153202
0.154224 0.154934 0.134660 0.136941 0.147226 0.138777 0.133239
0.185837 0.163168 0.148971 0.098596 0.127205 0.149911 0.126313
0.182092 0.150011 0.127617 0.117777 0.141330 0.149115 0.132057
0.126647 0.166216 0.193701 0.123762 0.120302 0.128687 0.140685
0.166079 0.186054 0.137238 0.107815 0.129471 0.136313 0.137030
0.141065 0.144219 0.125096 0.179834 0.143427 0.135806 0.130555
0.112925 0.147184 0.128815 0.173308 0.123083 0.131417 0.183267
0.158120 0.154067 0.123180 0.151217 0.160166 0.121444 0.131807
0.209478 0.139749 0.133094 0.125561 0.129826 0.128724 0.133568
0.123459 0.118557 0.147041 0.172926 0.140455 0.148782 0.148780
0.175516 0.161434 0.127488 0.154562 0.126103 0.127408 0.127488
0.158463 0.179847 0.143610 0.122327 0.123071 0.133434 0.139247
0.161157 0.120643 0.140551 0.173229 0.130316 0.133963 0.140139
0.184007 0.141031 0.182291 0.108901 0.132024 0.132291 0.119456
0.198773 0.184245 0.129399 0.104405 0.118428 0.124674 0.140076
0.211261 0.134232 0.112807 0.130294 0.117701 0.142320 0.151384
0.176695 0.160502 0.135790 0.132401 0.131134 0.120081 0.143397
0.144893 0.169478 0.132979 0.144578 0.139450 0.141411 0.127211
0.212072 0.113718 0.108984 0.160842 0.116497 0.131579 0.156308
0.150630 0.148005 0.131883 0.132171 0.157506 0.147748 0.132056
0.105238 0.200247 0.137152 0.111138 0.181228 0.137200 0.127796
0.179340 0.126243 0.125856 0.114877 0.146440 0.157835 0.149409
0.176944 0.159664 0.128355 0.134753 0.142503 0.145969 0.111813
0.182566 0.133429 0.115594 0.155499 0.144445 0.122476 0.145991
0.151675 0.193856 0.101664 0.172407 0.113909 0.127525 0.138963
0.183142 0.222680 0.119135 0.127462 0.112209 0.113507 0.121866
0.159957 0.163965 0.144433 0.121295 0.134091 0.135090 0.141169
0.189779 0.170690 0.097668 0.099390 0.128281 0.133743 0.180450
0.141333 0.171086 0.144234 0.134293 0.130215 0.134736 0.144104
0.126259 0.223389 0.137157 0.121460 0.129246 0.129662 0.132828
0.119522 0.131448 0.157671 0.131474 0.149385 0.176959 0.133540
0.159059 0.156365 0.134226 0.111435 0.132850 0.136709 0.169356
0.136052 0.123448 0.151535 0.136467 0.170457 0.146031 0.136009
0.144946 0.187579 0.122919 0.121653 0.151569 0.144075 0.127258
0.201487 0.097343 0.126588 0.157089 0.147536 0.136778 0.133178
0.172466 0.158344 0.142352 0.130741 0.119452 0.124179 0.152467
0.175622 0.162712 0.115362 0.104633 0.117508 0.135209 0.188954
0.164131 0.159635 0.141811 0.121353 0.138835 0.138835 0.135400
0.143628 0.178058 0.153928 0.131400 0.132440 0.132440 0.128106
0.160298 0.208864 0.154766 0.106486 0.115534 0.136778 0.117274
0.156365 0.236318 0.113829 0.106559 0.125789 0.124043 0.137096
0.158277 0.148116 0.144884 0.125629 0.144981 0.147515 0.130599
0.140196 0.151441 0.115117 0.187440 0.126049 0.131586 0.148171
0.175151 0.164283 0.113722 0.148025 0.136338 0.134936 0.127545
0.155017 0.209572 0.129620 0.115170 0.130707 0.130707 0.129206
0.154364 0.138706 0.124953 0.166499 0.132405 0.137453 0.145620
0.128265 0.127510 0.152879 0.128329 0.148271 0.157598 0.157149
0.115611 0.164487 0.141562 0.164260 0.141038 0.141823 0.131220
0.120369 0.113191 0.155316 0.149399 0.155326 0.157847 0.148552
0.263695 0.142534 0.112078 0.115169 0.122275 0.117003 0.127246
0.130922 0.142914 0.146846 0.136471 0.150051 0.146207 0.146589
0.154825 0.173745 0.127861 0.150225 0.127868 0.116802 0.148674
0.146112 0.157917 0.135264 0.180188 0.130901 0.126895 0.122723
0.201740 0.100160 0.144107 0.131962 0.143857 0.142645 0.135529
0.112344 0.160375 0.163190 0.137727 0.144067 0.135774 0.146523
0.130736 0.121588 0.157689 0.135704 0.151861 0.147830 0.154592
0.196193 0.184967 0.138026 0.099627 0.134196 0.126806 0.120184
0.161864 0.138321 0.143088 0.119549 0.130468 0.159304 0.147406
0.218950 0.127024 0.120802 0.154900 0.123882 0.126885 0.127558
0.189111 0.221717 0.127172 0.099851 0.128636 0.120330 0.113182
0.159060 0.121645 0.131760 0.120998 0.187793 0.136799 0.141944
0.191518 0.150014 0.142684 0.106965 0.135643 0.131715 0.141461
0.205310 0.107819 0.139886 0.154670 0.144621 0.123979 0.123715
0.143700 0.149443 0.130602 0.152715 0.123954 0.155191 0.144395
0.178178 0.161947 0.133859 0.105860 0.143404 0.125881 0.150871
0.196572 0.146577 0.120201 0.145056 0.127656 0.150986 0.112952
0.136289 0.150777 0.147207 0.132293 0.119671 0.165963 0.147799
0.114539 0.170842 0.130873 0.162531 0.125906 0.136869 0.158441
0.153010 0.176357 0.117996 0.173343 0.133500 0.123945 0.121850
0.125865 0.144108 0.150936 0.138873 0.151129 0.140926 0.148163
0.131143 0.199034 0.144300 0.111747 0.146422 0.121797 0.145557
0.107454 0.254434 0.109731 0.142881 0.128687 0.132436 0.124376
0.161303 0.176166 0.122972 0.141093 0.143736 0.128530 0.126200
0.153310 0.132812 0.141285 0.159487 0.147706 0.128456 0.136944
0.149074 0.182897 0.161999 0.129616 0.143020 0.115072 0.118321
0.122948 0.176725 0.139044 0.151174 0.111449 0.117550 0.181109
0.147290 0.156320 0.141482 0.132751 0.129344 0.139669 0.153143
0.177732 0.174246 0.127239 0.130901 0.128423 0.136911 0.124548
0.133103 0.188459 0.112450 0.154223 0.145796 0.118433 0.147535
0.149945 0.164069 0.149403 0.117488 0.144097 0.134841 0.140157
0.144675 0.138245 0.149282 0.146501 0.141501 0.146463 0.133332
0.159606 0.152220 0.139572 0.125479 0.142810 0.139626 0.140688
0.118715 0.192780 0.170426 0.125211 0.130914 0.134791 0.127163
0.118119 0.226474 0.127442 0.131862 0.135491 0.132231 0.128381
0.108386 0.149334 0.135103 0.139288 0.151814 0.154235 0.161839
0.146277 0.167721 0.149624 0.129909 0.132883 0.140704 0.132883
0.099241 0.218643 0.138916 0.131811 0.137685 0.142039 0.131665
0.156826 0.139673 0.130047 0.120607 0.150664 0.126269 0.175914
0.183861 0.131195 0.132822 0.128106 0.138451 0.147123 0.138442
0.198234 0.121956 0.133076 0.131094 0.143141 0.130836 0.141664
0.128858 0.161502 0.130884 0.180138 0.134474 0.136583 0.127560
0.253968 0.105144 0.114837 0.104484 0.119088 0.137075 0.165405
0.128771 0.190783 0.135411 0.160483 0.133816 0.132023 0.118713
0.162296 0.176888 0.130632 0.135112 0.133217 0.133225 0.128630
0.207414 0.133037 0.128560 0.100122 0.185790 0.127912 0.117165
0.167341 0.192419 0.129811 0.127328 0.117370 0.153141 0.112590
0.177045 0.137527 0.164734 0.131107 0.119971 0.123213 0.146403
0.186652 0.143855 0.128622 0.159686 0.128439 0.127891 0.124856
0.171300 0.173709 0.124643 0.132991 0.124966 0.133374 0.139018
0.171400 0.146890 0.122968 0.122941 0.154681 0.139954 0.141165
0.197621 0.102282 0.134753 0.116550 0.133374 0.118124 0.197296
0.184538 0.153360 0.129751 0.120215 0.137016 0.146904 0.128215
0.139943 0.161026 0.125479 0.142818 0.146840 0.138918 0.144976
0.215527 0.113968 0.141583 0.172812 0.129754 0.104156 0.122200
0.193286 0.160702 0.115122 0.130409 0.117973 0.151176 0.131332
0.128407 0.119237 0.154266 0.153984 0.146582 0.150124 0.147401
0.129607 0.208392 0.119425 0.169458 0.113964 0.136385 0.122767
0.150365 0.146740 0.140459 0.126160 0.145643 0.150013 0.140619
0.205680 0.146276 0.122602 0.123256 0.140749 0.132094 0.129343
0.158647 0.192566 0.131761 0.120711 0.132815 0.126819 0.136681
0.185892 0.143813 0.130109 0.103169 0.132211 0.127675 0.177131
0.130391 0.135420 0.131135 0.205646 0.126568 0.119851 0.150989
0.179403 0.175987 0.147486 0.122565 0.153759 0.115978 0.104822
0.142564 0.152175 0.143971 0.111975 0.140265 0.151960 0.157091
0.155914 0.149124 0.133115 0.143180 0.133154 0.155658 0.129854
0.129977 0.123233 0.122339 0.166700 0.139401 0.152062 0.166287
0.145521 0.168168 0.138490 0.124846 0.140391 0.138274 0.144309
0.142045 0.181667 0.126279 0.122190 0.138138 0.149509 0.140172
0.185304 0.137572 0.126902 0.132525 0.151248 0.135477 0.130973
0.171647 0.129204 0.157591 0.110428 0.131481 0.127513 0.172136
0.150886 0.193429 0.134271 0.113025 0.147744 0.138467 0.122177
0.178779 0.123325 0.124724 0.180087 0.146057 0.127291 0.119739
0.169098 0.128189 0.140298 0.109084 0.132434 0.178122 0.142775
0.241956 0.142280 0.104772 0.111675 0.128853 0.140369 0.130096
0.158614 0.130650 0.102930 0.178445 0.116603 0.124456 0.188301
0.159477 0.126374 0.130750 0.119786 0.191224 0.136125 0.136265
0.201486 0.144816 0.120566 0.132809 0.138580 0.131785 0.129959
0.181949 0.167046 0.131441 0.118490 0.140397 0.140140 0.120537
0.159696 0.160324 0.120671 0.131463 0.127414 0.131617 0.168814
0.121631 0.108061 0.182401 0.147546 0.140322 0.149163 0.150876
0.149562 0.173386 0.116483 0.148395 0.134668 0.159668 0.117836
0.124205 0.122762 0.141059 0.149431 0.167081 0.157883 0.137578
0.158881 0.190996 0.132370 0.123648 0.131211 0.128295 0.134599
0.144927 0.191707 0.121170 0.120086 0.139202 0.135227 0.147681
0.126400 0.199191 0.144197 0.142607 0.131306 0.125669 0.130631
0.152573 0.139765 0.140976 0.151117 0.128541 0.146241 0.140787
0.179337 0.115916 0.117695 0.160956 0.147752 0.147752 0.130592
0.169600 0.184007 0.110336 0.133605 0.140614 0.140614 0.121224
0.170651 0.205536 0.105889 0.115199 0.129518 0.129518 0.143689
0.133673 0.202425 0.151862 0.108876 0.127769 0.127450 0.147945
0.139089 0.138156 0.188439 0.121854 0.145476 0.132378 0.134609
0.131085 0.144279 0.152926 0.131097 0.144661 0.146006 0.149946
0.199056 0.129124 0.136688 0.148092 0.129319 0.126726 0.130995
0.183424 0.097428 0.174197 0.124785 0.145229 0.134015 0.140923
0.135763 0.118039 0.182849 0.126287 0.152064 0.154754 0.130244
0.224781 0.097830 0.124515 0.131211 0.139317 0.139636 0.142710
0.183331 0.102243 0.142889 0.119435 0.145276 0.153274 0.153553
0.172766 0.223693 0.105307 0.129199 0.123689 0.111567 0.133778
0.254016 0.181840 0.099055 0.109432 0.105850 0.117552 0.132256
0.182913 0.162552 0.125476 0.122589 0.135502 0.137942 0.133027
0.147800 0.195666 0.151311 0.103967 0.141623 0.133042 0.126590
0.127322 0.218593 0.117744 0.130056 0.119499 0.132737 0.154050
0.183497 0.122049 0.144424 0.129486 0.140332 0.142524 0.137687
0.134100 0.174854 0.139682 0.123085 0.145578 0.141070 0.141632
0.103693 0.111914 0.148914 0.166479 0.144540 0.167421 0.157039
0.143806 0.132097 0.146072 0.146694 0.128257 0.133963 0.169112
0.150028 0.152057 0.189584 0.123659 0.133477 0.132587 0.118608
0.157233 0.135541 0.136747 0.155101 0.134766 0.140432 0.140179
0.131970 0.164107 0.127079 0.138835 0.153612 0.131934 0.152462
0.193901 0.139672 0.114476 0.146217 0.130668 0.144398 0.130668
0.149679 0.170205 0.117178 0.141675 0.153661 0.118118 0.149485
0.169682 0.117558 0.137168 0.157630 0.143099 0.149080 0.125783
0.205744 0.161426 0.113924 0.106490 0.141383 0.152899 0.118134
0.140584 0.146457 0.133597 0.114163 0.142580 0.140588 0.182031
0.118660 0.165091 0.136075 0.134607 0.114435 0.125128 0.206004
0.161394 0.176648 0.151988 0.141877 0.124598 0.121463 0.122032
0.144922 0.192398 0.146968 0.141604 0.117894 0.128649 0.127565
0.166258 0.146668 0.120008 0.169570 0.131940 0.130880 0.134676
0.122386 0.142072 0.149942 0.147542 0.155766 0.144147 0.138145
0.190187 0.119799 0.155465 0.120405 0.145835 0.128711 0.139597
0.127409 0.130956 0.149170 0.144716 0.142154 0.153000 0.152596
0.162233 0.109957 0.134119 0.161469 0.132884 0.148428 0.150909
0.139799 0.100616 0.143379 0.137459 0.137363 0.183191 0.158193
0.183984 0.122521 0.124752 0.147457 0.115431 0.142541 0.163315
0.160141 0.102146 0.193403 0.130630 0.137677 0.134809 0.141195
0.155132 0.136802 0.149870 0.127640 0.148009 0.133250 0.149297
0.122085 0.154525 0.127622 0.134026 0.133459 0.161762 0.166522
0.163116 0.129521 0.128540 0.156746 0.140415 0.138317 0.143346
0.165985 0.136774 0.127534 0.154713 0.160535 0.120707 0.133752
0.126474 0.178428 0.140195 0.126380 0.138578 0.146073 0.143872
0.178166 0.141190 0.130235 0.128154 0.137100 0.140609 0.144546
0.117470 0.168397 0.198899 0.115003 0.139401 0.125931 0.134899
0.164375 0.135697 0.136873 0.108322 0.118112 0.194864 0.141758
0.201101 0.147779 0.123210 0.130607 0.121366 0.137376 0.138560
0.138171 0.127156 0.144915 0.148468 0.182047 0.127341 0.131903
0.159452 0.155848 0.117427 0.173758 0.132481 0.127281 0.133754
0.203196 0.132476 0.124902 0.139283 0.129834 0.135529 0.134780
0.192775 0.115753 0.130942 0.157241 0.151490 0.129448 0.122352
0.127758 0.135700 0.137971 0.110271 0.182980 0.127789 0.177530
0.159030 0.097439 0.143060 0.128995 0.147234 0.161411 0.162831
0.164056 0.159343 0.143499 0.128059 0.152019 0.128756 0.124268
0.142067 0.131645 0.175512 0.140716 0.116443 0.151335 0.142281
0.177582 0.158655 0.123021 0.102366 0.138982 0.152542 0.146852
0.123852 0.181654 0.125274 0.154951 0.135808 0.146491 0.131971
0.133080 0.186140 0.138178 0.134249 0.135529 0.135618 0.137206
0.150811 0.117922 0.144565 0.128310 0.161909 0.139907 0.156578
0.184983 0.130168 0.125941 0.142133 0.138721 0.136205 0.141850
0.131847 0.185650 0.130515 0.108325 0.136262 0.144376 0.163024
0.184049 0.150001 0.121706 0.114186 0.122477 0.155264 0.152317
0.229078 0.113283 0.121359 0.139359 0.125338 0.137081 0.134503
0.170716 0.212636 0.123088 0.140998 0.122628 0.108727 0.121207
0.192462 0.134760 0.116465 0.101226 0.144349 0.141072 0.169664
0.163813 0.168975 0.130197 0.141653 0.124572 0.135962 0.134828
0.138250 0.173901 0.130104 0.174513 0.138901 0.120896 0.123435
0.175417 0.116462 0.119260 0.117717 0.142711 0.157725 0.170709
0.177894 0.132956 0.144900 0.132979 0.135684 0.143047 0.132540
0.118258 0.158996 0.143424 0.177503 0.153885 0.119373 0.128561
0.164575 0.152955 0.170620 0.115486 0.136577 0.126269 0.133518
0.192198 0.115845 0.146089 0.130185 0.143890 0.148473 0.123321
0.159249 0.174126 0.125419 0.174981 0.104379 0.111521 0.150326
0.169168 0.128325 0.135508 0.114402 0.174580 0.125760 0.152257
0.167358 0.149770 0.139518 0.129951 0.124899 0.129310 0.159194
0.206688 0.089277 0.119309 0.192312 0.113943 0.127038 0.151434
0.151852 0.209183 0.122478 0.119120 0.126957 0.131211 0.139199
0.158346 0.126867 0.129470 0.139764 0.142408 0.154336 0.148809
0.131968 0.193787 0.126024 0.123101 0.130524 0.150962 0.143634
0.171235 0.153714 0.135678 0.129435 0.173003 0.112261 0.124674
0.183148 0.121775 0.135987 0.139287 0.148840 0.147132 0.123832
0.155665 0.182743 0.154954 0.114936 0.113685 0.116669 0.161350
0.159543 0.193932 0.116067 0.141825 0.139147 0.104067 0.145419
0.129512 0.183708 0.115275 0.135948 0.112477 0.171960 0.151120
0.179349 0.144299 0.109596 0.130037 0.120338 0.177833 0.138548
0.183869 0.163324 0.114851 0.130710 0.128925 0.144842 0.133478
0.194131 0.118773 0.138363 0.139783 0.133252 0.125409 0.150290
0.183036 0.133854 0.126113 0.128970 0.143835 0.137327 0.146864
0.140126 0.151152 0.135105 0.150311 0.141877 0.140655 0.140774
0.190709 0.114280 0.148133 0.156192 0.138126 0.125344 0.127216
0.161947 0.176419 0.121255 0.121532 0.110489 0.173223 0.135135
0.208988 0.103614 0.164048 0.123305 0.153564 0.132838 0.113644
0.157932 0.179972 0.156299 0.146962 0.108406 0.119390 0.131039
0.134479 0.147152 0.134426 0.118693 0.152318 0.164234 0.148698
0.184577 0.168190 0.122720 0.125200 0.140458 0.128278 0.130578
0.132798 0.200692 0.137565 0.133420 0.146750 0.121939 0.126836
0.178295 0.136461 0.172270 0.103497 0.114466 0.124606 0.170405
0.151841 0.107469 0.146634 0.143871 0.164312 0.139526 0.146347
0.141642 0.120150 0.144327 0.184117 0.139179 0.141737 0.128848
0.122040 0.166370 0.135079 0.147398 0.132386 0.147162 0.149565
0.176607 0.149391 0.116208 0.124500 0.177208 0.125357 0.130728
0.149089 0.157326 0.171447 0.123170 0.127159 0.131835 0.139972
0.156888 0.129090 0.170744 0.128951 0.134916 0.144915 0.134495
0.159377 0.151554 0.129968 0.109736 0.125442 0.197249 0.126673
0.177561 0.119663 0.126601 0.142069 0.145313 0.160156 0.128636
0.186263 0.189153 0.110516 0.109620 0.109376 0.123132 0.171940
0.204177 0.148564 0.108973 0.134809 0.145268 0.115290 0.142919
0.156314 0.198835 0.135168 0.118329 0.131978 0.126577 0.132799
0.154237 0.231939 0.122884 0.157275 0.102432 0.110341 0.120892
0.223219 0.147826 0.111391 0.118366 0.153080 0.122134 0.123984
0.181599 0.166526 0.132012 0.120539 0.132750 0.135272 0.131302
0.144842 0.165997 0.141531 0.135413 0.130972 0.143472 0.137773
0.129574 0.158340 0.142431 0.171231 0.137140 0.134098 0.127186
0.180743 0.125639 0.137255 0.139830 0.138995 0.147076 0.130462
0.169499 0.153851 0.143617 0.127114 0.112967 0.141400 0.151551
0.132765 0.135056 0.152006 0.153302 0.146255 0.135494 0.145123
0.122197 0.167022 0.148447 0.130951 0.140512 0.145433 0.145439
0.152788 0.136336 0.133073 0.176906 0.125812 0.137383 0.137703
0.141745 0.144364 0.131946 0.140566 0.152164 0.140150 0.149064
0.182715 0.119071 0.130650 0.127593 0.150549 0.138872 0.150549
0.190556 0.184022 0.131222 0.117318 0.123093 0.126392 0.127397
0.159226 0.120737 0.138842 0.158263 0.145477 0.135402 0.142054
0.115138 0.154106 0.125475 0.135820 0.192000 0.141250 0.136212
0.206426 0.157058 0.172213 0.104543 0.107930 0.124622 0.127208
0.105852 0.224317 0.139651 0.132508 0.131338 0.136793 0.129541
0.164543 0.132385 0.135898 0.112950 0.161164 0.124731 0.168329
0.134740 0.217114 0.131765 0.122315 0.124166 0.124131 0.145770
0.160281 0.199519 0.138284 0.127589 0.126859 0.123476 0.123993
0.143014 0.202467 0.119323 0.111774 0.165078 0.120368 0.137977
0.199868 0.125378 0.149741 0.145258 0.128276 0.119344 0.132136
0.212891 0.144018 0.144200 0.121146 0.122560 0.130705 0.124480
0.128438 0.113248 0.145207 0.173731 0.146272 0.143183 0.149921
0.201748 0.162478 0.101432 0.125714 0.116357 0.174784 0.117487
0.130783 0.144371 0.149667 0.129830 0.135861 0.155299 0.154190
0.192615 0.144036 0.139762 0.101471 0.146849 0.130578 0.144688
0.142425 0.185356 0.126825 0.135514 0.150450 0.112730 0.146700
0.151578 0.176210 0.127648 0.132165 0.142697 0.134159 0.135544
0.171115 0.129480 0.125446 0.117229 0.143519 0.132556 0.180656
0.145414 0.125209 0.130971 0.135022 0.197156 0.138766 0.127463
0.120565 0.144565 0.123067 0.174828 0.123731 0.160518 0.152726
0.134814 0.146879 0.128659 0.140532 0.138773 0.170121 0.140223
0.186333 0.113243 0.134090 0.122000 0.178535 0.133227 0.132573
0.105396 0.145073 0.132630 0.187777 0.157913 0.124115 0.147096
0.141451 0.131082 0.178353 0.114601 0.188938 0.111873 0.133701
0.138576 0.133558 0.171654 0.151432 0.140257 0.123622 0.140902
0.222008 0.166104 0.137915 0.136096 0.114765 0.104896 0.118216
0.152765 0.130576 0.130583 0.132302 0.144667 0.140278 0.168829
0.126110 0.199465 0.154583 0.122226 0.128562 0.140935 0.128118
0.129520 0.109139 0.128401 0.150903 0.135015 0.131654 0.215369
0.133223 0.115758 0.135752 0.122723 0.150740 0.199672 0.142134
0.191021 0.136446 0.121076 0.139934 0.138797 0.146646 0.126080
0.181306 0.161736 0.115202 0.134416 0.130439 0.128005 0.148895
0.136575 0.135907 0.147442 0.137599 0.145831 0.148180 0.148466
0.152848 0.184419 0.124861 0.123664 0.165032 0.122593 0.126582
0.157275 0.131262 0.156288 0.147804 0.147099 0.127218 0.133054
0.144389 0.181009 0.126868 0.132340 0.142278 0.146768 0.126347
0.179233 0.127186 0.155927 0.133518 0.119393 0.137806 0.146938
0.182545 0.119790 0.111263 0.101487 0.129893 0.174233 0.180790
0.159809 0.136118 0.120748 0.138925 0.163768 0.147455 0.133178
0.188162 0.156363 0.122475 0.118714 0.119471 0.165209 0.129606
0.137726 0.188995 0.167969 0.117157 0.136243 0.119642 0.132268
0.205849 0.122169 0.135848 0.135131 0.132074 0.133139 0.135790
0.141589 0.222476 0.137703 0.117372 0.108325 0.138443 0.134093
0.148930 0.122447 0.125324 0.173087 0.162883 0.120196 0.147132
0.114124 0.212993 0.186264 0.108909 0.115278 0.123028 0.139405
0.148251 0.121689 0.170878 0.157746 0.125823 0.139595 0.136017
0.160113 0.141027 0.168816 0.130654 0.136226 0.131146 0.132019
0.124475 0.127471 0.136309 0.116248 0.196422 0.148563 0.150511
0.115745 0.183337 0.119899 0.152509 0.133605 0.161008 0.133897
0.130818 0.160591 0.113905 0.145908 0.152730 0.147888 0.148160
0.153026 0.155067 0.122132 0.137112 0.157359 0.139181 0.136123
0.111877 0.121279 0.162366 0.171978 0.142601 0.144166 0.145732
0.111407 0.218990 0.114749 0.126354 0.153279 0.126260 0.148961
0.138165 0.156211 0.164661 0.096691 0.161083 0.140058 0.143133
0.139259 0.130167 0.129951 0.128388 0.136129 0.192913 0.143191
0.138451 0.169384 0.120100 0.118138 0.153620 0.146681 0.153626
0.177357 0.143434 0.136019 0.118812 0.138412 0.143580 0.142387
0.126625 0.134219 0.137645 0.155817 0.143517 0.148297 0.153880
0.173967 0.120587 0.130602 0.163826 0.143117 0.124784 0.143117
0.177685 0.134635 0.133986 0.176071 0.132502 0.125717 0.119404
0.169673 0.125620 0.157924 0.133373 0.120391 0.159937 0.133082
0.167364 0.131975 0.137730 0.116647 0.163589 0.132062 0.150633
0.168069 0.183206 0.132050 0.113857 0.136603 0.134206 0.132009
0.201215 0.124198 0.178838 0.110299 0.126752 0.130324 0.128373
0.145841 0.142897 0.121917 0.155769 0.153973 0.142297 0.137306
0.204259 0.138870 0.164553 0.116410 0.124285 0.119557 0.132066
0.102393 0.181400 0.168076 0.145114 0.138202 0.129580 0.135234
0.182595 0.148292 0.126094 0.142060 0.136651 0.135726 0.128582
0.206137 0.181488 0.122458 0.108912 0.126641 0.126321 0.128043
0.160509 0.144505 0.125583 0.129052 0.137939 0.152266 0.150145
0.179106 0.148183 0.109808 0.147941 0.143033 0.133564 0.138365
0.153017 0.131273 0.138943 0.121843 0.156977 0.154517 0.143431
0.196313 0.129105 0.144838 0.141310 0.130398 0.113451 0.144584
0.161984 0.148837 0.142231 0.122495 0.144824 0.137398 0.142231
0.231744 0.102021 0.142015 0.116377 0.134100 0.131737 0.142006
0.165291 0.106989 0.148246 0.155108 0.146624 0.129497 0.148246
0.189676 0.098979 0.164622 0.145098 0.139616 0.126705 0.135304
0.160596 0.111307 0.147224 0.174750 0.144667 0.134581 0.126875
0.160753 0.186278 0.134352 0.123265 0.124423 0.146940 0.123989
0.187395 0.135661 0.140276 0.128834 0.146782 0.126800 0.134251
0.204580 0.154817 0.112390 0.111539 0.123135 0.145406 0.148135
0.135405 0.177872 0.127050 0.168094 0.129719 0.126323 0.135537
0.102208 0.222158 0.132128 0.139854 0.147155 0.143041 0.113455
0.183361 0.176225 0.114153 0.139386 0.116803 0.135112 0.134960
0.158000 0.152153 0.142012 0.133672 0.150461 0.126030 0.137671
0.112300 0.144143 0.151847 0.116044 0.148609 0.173156 0.153902
0.181880 0.163179 0.122009 0.146674 0.122009 0.118709 0.145540
0.138518 0.155459 0.134520 0.182094 0.139290 0.119949 0.130170
0.137120 0.137286 0.136755 0.182345 0.141324 0.134684 0.130486
0.132113 0.166765 0.118707 0.168829 0.134363 0.131462 0.147762
0.156213 0.153836 0.135033 0.115412 0.137922 0.170338 0.131247
0.147847 0.118741 0.147269 0.178885 0.130348 0.151755 0.125154
0.128638 0.137409 0.142311 0.129925 0.155083 0.137708 0.168925
0.186775 0.213361 0.121920 0.103005 0.129063 0.119079 0.126795
0.148605 0.162738 0.137706 0.134524 0.122379 0.146920 0.147128
0.151651 0.196447 0.140527 0.111137 0.120651 0.148432 0.131155
0.131175 0.188686 0.132580 0.127424 0.136371 0.157145 0.126619
0.127426 0.178664 0.125821 0.175566 0.110876 0.123026 0.158622
0.134834 0.134057 0.144669 0.145929 0.151808 0.142260 0.146444
0.129898 0.200087 0.134593 0.126132 0.146800 0.133727 0.128762
0.186816 0.115568 0.139973 0.136773 0.136273 0.130122 0.154476
0.201414 0.152062 0.122330 0.108528 0.149927 0.135092 0.130647
0.130995 0.131866 0.159684 0.139020 0.151037 0.140515 0.146883
0.186044 0.176845 0.126202 0.119537 0.134803 0.129751 0.126819
0.135423 0.162239 0.131238 0.155409 0.134711 0.162295 0.118685
0.150389 0.163581 0.128293 0.119747 0.129126 0.132428 0.176436
0.192472 0.114343 0.122555 0.168720 0.132043 0.127722 0.142145
0.138281 0.127985 0.147119 0.165891 0.136817 0.132582 0.151324
0.117793 0.193747 0.148400 0.111990 0.173852 0.114785 0.139433
0.141189 0.166464 0.139737 0.138189 0.137180 0.135042 0.142198
0.160537 0.177920 0.126297 0.117002 0.138748 0.140647 0.138850
0.164324 0.126615 0.154324 0.127101 0.131487 0.132514 0.163635
0.127195 0.216865 0.135269 0.120513 0.133470 0.133887 0.132800
0.155017 0.145467 0.131605 0.135589 0.136059 0.151797 0.144466
0.152923 0.176175 0.129096 0.144505 0.124689 0.148523 0.124090
0.164513 0.166805 0.123559 0.114069 0.125809 0.126753 0.178493
0.172343 0.165541 0.121895 0.144750 0.124338 0.136587 0.134546
0.170319 0.169600 0.156309 0.125605 0.133361 0.105413 0.139394
0.153015 0.139273 0.151532 0.128809 0.140310 0.139558 0.147504
0.200009 0.204644 0.108748 0.100753 0.137609 0.139435 0.108802
0.136357 0.127992 0.156155 0.139517 0.138130 0.143743 0.158106
0.178147 0.153886 0.136610 0.144061 0.132309 0.135271 0.119717
0.161326 0.153166 0.119445 0.125592 0.131141 0.145942 0.163388
0.108950 0.214707 0.134113 0.135903 0.130656 0.159816 0.115856
0.164763 0.142469 0.126364 0.144605 0.125045 0.134541 0.162213
0.172647 0.109800 0.138194 0.131137 0.156201 0.151889 0.140132
0.163333 0.150858 0.132768 0.161217 0.109872 0.111957 0.169995
0.125000 0.151375 0.159156 0.155011 0.136730 0.134266 0.138463
0.196616 0.131143 0.137025 0.132109 0.139479 0.134299 0.129329
0.145482 0.187458 0.148683 0.113895 0.124222 0.136749 0.143511
0.139869 0.150349 0.137384 0.133083 0.136769 0.151481 0.151065
0.127834 0.155521 0.123650 0.118339 0.138753 0.148049 0.187855
0.170751 0.230651 0.125524 0.104950 0.124192 0.126480 0.117451
0.122250 0.140909 0.137961 0.150364 0.141707 0.150554 0.156254
0.182029 0.134056 0.127337 0.137154 0.157756 0.136015 0.125652
0.122638 0.182734 0.133522 0.121478 0.152204 0.131210 0.156214
0.186933 0.153764 0.120866 0.133204 0.133021 0.138265 0.133947
0.156285 0.194704 0.118695 0.111189 0.137075 0.147559 0.134493
0.145184 0.117182 0.142690 0.126752 0.190299 0.146837 0.131055
0.177588 0.158799 0.105598 0.112836 0.147977 0.144435 0.152768
0.153950 0.089557 0.145706 0.185210 0.141033 0.145766 0.138777
0.149919 0.188400 0.120191 0.110250 0.173537 0.136721 0.120982
0.119190 0.129996 0.141303 0.145913 0.145866 0.159902 0.157832
0.153797 0.146235 0.128720 0.185667 0.132765 0.136597 0.116218
0.124030 0.147670 0.170384 0.143069 0.111136 0.141490 0.162220
0.142838 0.155944 0.140493 0.154023 0.128888 0.140365 0.137450
0.148523 0.170876 0.122812 0.171859 0.134415 0.133480 0.118035
0.138279 0.152136 0.123141 0.118948 0.124593 0.145614 0.197289
0.180915 0.191970 0.092321 0.092052 0.174664 0.126966 0.141111
0.120117 0.179979 0.132837 0.131704 0.148756 0.147279 0.139328
0.139319 0.141808 0.178335 0.107565 0.140562 0.150418 0.141992
0.143449 0.192572 0.128406 0.147539 0.117313 0.123875 0.146845
0.163854 0.180010 0.137291 0.137955 0.124862 0.126746 0.129282
0.217529 0.129948 0.140172 0.115464 0.120350 0.128325 0.148211
0.132346 0.147012 0.124700 0.141051 0.152513 0.151105 0.151273
0.173116 0.138536 0.118726 0.123749 0.186446 0.126753 0.132673
0.112853 0.193751 0.132822 0.105828 0.189868 0.129978 0.134902
0.172138 0.139698 0.124312 0.126167 0.147884 0.146545 0.143256
0.170434 0.141124 0.150543 0.143627 0.142760 0.130099 0.121413
0.107760 0.133714 0.183419 0.142277 0.130492 0.136389 0.165950
0.119406 0.142240 0.132200 0.168810 0.138123 0.144258 0.154964
0.129811 0.193501 0.134352 0.125582 0.134443 0.133070 0.149241
0.189421 0.117860 0.120492 0.154846 0.133970 0.133312 0.150099
0.129734 0.165862 0.133350 0.155451 0.137341 0.149323 0.128939
0.186558 0.124682 0.121504 0.125618 0.160389 0.132804 0.148445
0.120194 0.192415 0.153667 0.140943 0.137575 0.128835 0.126371
0.133964 0.127162 0.155089 0.126183 0.127533 0.184431 0.145638
0.193210 0.154702 0.107126 0.135770 0.129428 0.156935 0.122830
0.200811 0.127708 0.128500 0.123101 0.141902 0.140485 0.137493
0.136564 0.197013 0.171466 0.112211 0.130449 0.130306 0.121991
0.189667 0.181432 0.122470 0.138170 0.114012 0.099086 0.155165
0.178732 0.155613 0.143761 0.114149 0.142619 0.129741 0.135385
0.205760 0.149950 0.127269 0.128496 0.130962 0.131219 0.126344
0.159262 0.143240 0.143165 0.131684 0.149991 0.133574 0.139084
0.180774 0.149784 0.131253 0.136903 0.128203 0.119879 0.153203
0.196571 0.137966 0.186487 0.106117 0.126878 0.128095 0.117886
0.119540 0.232991 0.125048 0.140482 0.115230 0.129697 0.137012
0.131254 0.134790 0.142941 0.130056 0.158186 0.152949 0.149825
0.181318 0.124436 0.131789 0.139835 0.143934 0.146922 0.131766
0.170339 0.112489 0.132409 0.154922 0.129067 0.135128 0.165645
0.140460 0.158826 0.141626 0.131478 0.148659 0.134533 0.144419
0.127061 0.092136 0.177592 0.172329 0.140426 0.153369 0.137087
0.164527 0.162230 0.130140 0.151669 0.118150 0.135938 0.137344
0.169795 0.114984 0.125081 0.168123 0.145218 0.132401 0.144399
0.108748 0.147362 0.122398 0.176728 0.128942 0.131862 0.183961
0.122523 0.230197 0.106472 0.175904 0.095083 0.126821 0.143001
0.127350 0.145809 0.145454 0.142281 0.155224 0.139756 0.144127
0.161700 0.189622 0.125689 0.124316 0.135947 0.141327 0.121399
0.161878 0.180610 0.112428 0.099638 0.107432 0.171341 0.166674
0.135825 0.168904 0.138823 0.133571 0.142414 0.143954 0.136509
0.141031 0.198235 0.129959 0.117537 0.137399 0.150300 0.125538
0.153089 0.149429 0.144581 0.133146 0.135502 0.150180 0.134074
0.171907 0.137736 0.133346 0.140414 0.145690 0.138444 0.132463
0.135976 0.108786 0.171710 0.112025 0.151570 0.141916 0.178017
0.169609 0.146712 0.177586 0.137307 0.117309 0.120942 0.130535
0.132337 0.163758 0.146256 0.135129 0.140629 0.140090 0.141802
0.173017 0.130785 0.122004 0.148773 0.153564 0.135091 0.136767
0.115099 0.132321 0.129362 0.142277 0.134361 0.148288 0.198293
0.200013 0.141772 0.142342 0.127976 0.115868 0.138010 0.134020
0.097347 0.213324 0.136606 0.118313 0.142525 0.137282 0.154604
0.208594 0.112348 0.137824 0.126887 0.127850 0.146788 0.139709
0.108599 0.284918 0.124036 0.117041 0.111325 0.121092 0.132990
0.144848 0.205450 0.122182 0.116536 0.137118 0.124897 0.148969
0.165438 0.173998 0.122962 0.128723 0.130236 0.143273 0.135371
0.131970 0.185340 0.129246 0.146128 0.141997 0.127889 0.137428
0.169742 0.191042 0.121291 0.117190 0.158424 0.122666 0.119645
0.177706 0.126377 0.130547 0.141132 0.144585 0.135471 0.144182
0.165547 0.155865 0.150430 0.146846 0.114975 0.130850 0.135488
0.131146 0.181214 0.187947 0.117187 0.115124 0.130829 0.136553
0.148517 0.144877 0.127232 0.157931 0.143227 0.137506 0.140710
0.186831 0.142779 0.128105 0.131543 0.135015 0.139998 0.135730
0.135529 0.177685 0.125935 0.143994 0.138734 0.132509 0.145615
0.186121 0.140209 0.134486 0.121624 0.147297 0.134508 0.135757
0.139264 0.191267 0.141896 0.118373 0.132029 0.150189 0.126983
0.145545 0.192471 0.147229 0.125962 0.123158 0.121582 0.144053
0.169673 0.128155 0.132291 0.133913 0.144820 0.149743 0.141404
0.178799 0.201320 0.108823 0.117359 0.114957 0.141360 0.137382
0.111893 0.142871 0.155803 0.116120 0.153787 0.159067 0.160459
0.179153 0.097672 0.181584 0.122020 0.130750 0.138693 0.150128
0.150427 0.195865 0.132276 0.144804 0.116538 0.118340 0.141749
0.145614 0.146375 0.132389 0.138769 0.149405 0.140898 0.146550
0.144427 0.132452 0.115776 0.139631 0.195721 0.128813 0.143180
0.170575 0.196186 0.111403 0.098877 0.168639 0.134946 0.119374
0.159260 0.152850 0.149729 0.131431 0.148036 0.118382 0.140311
0.120746 0.195273 0.114748 0.178904 0.133800 0.119409 0.137119
0.133618 0.165968 0.129143 0.147452 0.115134 0.168460 0.140224
0.129740 0.237750 0.115818 0.129706 0.116639 0.128510 0.141837
0.147655 0.180490 0.124301 0.135751 0.129902 0.140844 0.141058
0.161802 0.168454 0.129007 0.144068 0.151166 0.108421 0.137082
0.122928 0.183698 0.121897 0.152724 0.121504 0.151649 0.145599
0.123492 0.141794 0.152835 0.149247 0.150250 0.147554 0.134828
0.172530 0.123796 0.156947 0.136277 0.148461 0.136504 0.125484
0.148941 0.134372 0.183030 0.127266 0.139861 0.117618 0.148912
0.139119 0.171765 0.133045 0.140140 0.119572 0.147632 0.148727
0.169552 0.155554 0.121399 0.130265 0.140373 0.146500 0.136358
0.167206 0.140827 0.177442 0.118554 0.123901 0.116164 0.155906
0.201029 0.128924 0.136209 0.118452 0.136204 0.126582 0.152600
0.123742 0.154035 0.120393 0.159527 0.166342 0.132870 0.143091
0.129264 0.197667 0.158468 0.130347 0.107146 0.140582 0.136526
0.163274 0.152763 0.115833 0.133593 0.133798 0.148821 0.151919
0.181340 0.118825 0.132712 0.114011 0.152112 0.176348 0.124652
0.140262 0.242394 0.124364 0.119389 0.125295 0.119748 0.128547
0.171892 0.144115 0.120664 0.141048 0.126525 0.133236 0.162520
0.118610 0.192571 0.114265 0.178748 0.143413 0.126376 0.126016
0.165111 0.111612 0.153199 0.145985 0.123253 0.132079 0.168760
0.171822 0.115846 0.151236 0.180310 0.140888 0.124750 0.115148
0.133476 0.125147 0.156575 0.135010 0.148870 0.163085 0.137837
0.148833 0.151538 0.152648 0.122738 0.129496 0.149025 0.145723
0.178249 0.173090 0.126887 0.124192 0.126239 0.136968 0.134375
0.162893 0.169083 0.120783 0.117060 0.146952 0.139624 0.143605
0.110583 0.140885 0.135223 0.159076 0.140338 0.162222 0.151672
0.201311 0.176405 0.122208 0.118046 0.123387 0.124674 0.133969
0.163836 0.137920 0.135539 0.130209 0.138969 0.151764 0.141764
0.141839 0.164296 0.157217 0.111404 0.146909 0.136686 0.141649
0.203843 0.168684 0.140030 0.132989 0.119089 0.107311 0.128055
0.203488 0.108604 0.125234 0.118677 0.147697 0.148404 0.147897
0.194858 0.138893 0.143520 0.117919 0.152487 0.129554 0.122770
0.194018 0.163649 0.105093 0.125239 0.114642 0.112772 0.184587
0.225031 0.092742 0.137671 0.125111 0.157348 0.122037 0.140060
0.123323 0.161463 0.156484 0.136821 0.136607 0.151933 0.133369
0.191616 0.112593 0.172716 0.133423 0.130755 0.112509 0.146389
0.139570 0.204610 0.127624 0.146324 0.136890 0.122985 0.121998
0.156181 0.166716 0.130251 0.132508 0.126174 0.142345 0.145826
0.170119 0.211080 0.119012 0.147049 0.127255 0.106225 0.119260
0.201889 0.139069 0.125685 0.125534 0.152239 0.113032 0.142553
0.182165 0.163712 0.131270 0.154319 0.125449 0.131124 0.111961
0.102240 0.220720 0.103759 0.157926 0.143835 0.102221 0.169299
0.209050 0.094275 0.132671 0.178037 0.134768 0.126691 0.124509
0.162150 0.120725 0.146515 0.115345 0.171422 0.138179 0.145663
0.158169 0.132521 0.145255 0.127357 0.136631 0.150955 0.149111
0.189209 0.132246 0.146893 0.126072 0.131761 0.145002 0.128818
0.155295 0.162191 0.122070 0.147774 0.104563 0.150025 0.158082
0.196139 0.130356 0.110698 0.136245 0.113633 0.154748 0.158182
0.125065 0.164428 0.139436 0.128212 0.166889 0.123537 0.152433
0.195993 0.103912 0.138984 0.184360 0.122764 0.125795 0.128192
0.144240 0.165837 0.135727 0.143940 0.129613 0.124578 0.156065
0.178674 0.101741 0.142586 0.135474 0.151772 0.142806 0.146947
0.174430 0.169143 0.135479 0.109281 0.131523 0.136697 0.143446
0.132836 0.149705 0.157181 0.114339 0.135378 0.166633 0.143928
0.139414 0.121501 0.152920 0.124597 0.161190 0.163899 0.136480
0.118559 0.162938 0.129777 0.172733 0.115277 0.142121 0.158595
0.138071 0.134583 0.129772 0.150700 0.143953 0.158443 0.144478
0.156644 0.131598 0.133776 0.122504 0.145083 0.171486 0.138908
0.143361 0.147300 0.137370 0.141823 0.153401 0.147295 0.129451
0.165715 0.147121 0.122669 0.105836 0.142115 0.127426 0.189117
0.162245 0.131335 0.136351 0.125320 0.151726 0.147576 0.145447
0.134802 0.139835 0.140487 0.128116 0.179104 0.138037 0.139619
0.185386 0.126314 0.143404 0.118488 0.133525 0.148536 0.144348
0.161497 0.195214 0.127943 0.109740 0.155607 0.127640 0.122359
0.183196 0.151275 0.129480 0.181190 0.097610 0.122405 0.134844
0.142714 0.163356 0.158984 0.149185 0.128363 0.127646 0.129751
0.179397 0.128221 0.153936 0.151625 0.112390 0.135900 0.138532
0.121496 0.143935 0.180946 0.131509 0.125068 0.148653 0.148395
0.155536 0.183100 0.139838 0.108909 0.135383 0.132941 0.144292
0.185740 0.124916 0.112575 0.126653 0.124632 0.154413 0.171071
0.149383 0.150464 0.121342 0.166241 0.132557 0.141210 0.138803
0.171901 0.147655 0.129145 0.141365 0.129917 0.152823 0.127195
0.167768 0.132509 0.135538 0.123408 0.130967 0.160914 0.148897
0.165879 0.128915 0.126369 0.168388 0.136728 0.136860 0.136860
0.147736 0.142441 0.160078 0.140325 0.143880 0.139294 0.126245
0.173272 0.106860 0.136150 0.142756 0.157035 0.136037 0.147889
0.208744 0.144482 0.116077 0.112394 0.174123 0.120528 0.123654
0.129015 0.129382 0.145538 0.132067 0.157337 0.156892 0.149769
0.158323 0.154700 0.121323 0.110374 0.130143 0.143054 0.182082
0.125002 0.191397 0.145735 0.111917 0.134618 0.145297 0.146034
0.161260 0.157192 0.137533 0.125739 0.134551 0.142884 0.140841
0.123921 0.214994 0.116126 0.111438 0.135203 0.139511 0.158805
0.141499 0.142371 0.137687 0.140944 0.141887 0.150381 0.145230
0.133005 0.185730 0.147579 0.142861 0.147977 0.127223 0.115626
0.189929 0.130004 0.127871 0.180896 0.106414 0.103955 0.160931
0.161542 0.174430 0.127598 0.172532 0.114723 0.114723 0.134452
0.125175 0.128515 0.134714 0.163611 0.135025 0.139475 0.173486
0.155426 0.123051 0.135840 0.143081 0.124200 0.148928 0.169474
0.158369 0.151523 0.150060 0.117179 0.145031 0.135031 0.142808
0.199653 0.128417 0.129593 0.119922 0.144526 0.145719 0.132170
0.201783 0.148499 0.141275 0.117104 0.120788 0.129182 0.141369
0.187328 0.152333 0.122238 0.111532 0.152746 0.126341 0.147482
0.158709 0.198247 0.115292 0.128804 0.147681 0.151261 0.100006
0.242543 0.124933 0.117326 0.155348 0.112733 0.119291 0.127826
0.166248 0.170393 0.134649 0.160089 0.106879 0.108629 0.153113
0.201972 0.151157 0.125138 0.149274 0.126437 0.112682 0.133340
0.134790 0.180844 0.135800 0.135040 0.122173 0.136246 0.155108
0.148702 0.149986 0.149717 0.130497 0.149745 0.129729 0.141623
0.152971 0.159087 0.113153 0.126653 0.134411 0.156358 0.157366
0.187660 0.091088 0.151127 0.126266 0.125941 0.163171 0.154748
0.145007 0.163291 0.124876 0.171044 0.144784 0.116027 0.134972
0.172393 0.118431 0.175290 0.135877 0.130641 0.140335 0.127033
0.159188 0.166153 0.133181 0.138817 0.122820 0.156721 0.123119
0.135446 0.183149 0.153120 0.121987 0.139422 0.136763 0.130113
0.140854 0.147123 0.130074 0.151062 0.131697 0.139946 0.159245
0.183261 0.152152 0.103090 0.108349 0.168483 0.119604 0.165062
0.120388 0.216500 0.136680 0.124211 0.143046 0.129710 0.129465
0.154039 0.200751 0.120352 0.132093 0.126171 0.142436 0.124158
0.163485 0.141860 0.124739 0.138430 0.114952 0.154248 0.162286
0.168622 0.138431 0.153611 0.122140 0.136584 0.159927 0.120685
0.154621 0.215772 0.116002 0.125357 0.144417 0.124104 0.119728
0.137054 0.134209 0.132074 0.156855 0.142108 0.148797 0.148902
0.164812 0.177814 0.168437 0.112126 0.130898 0.125098 0.120815
0.177081 0.124386 0.129901 0.150160 0.137553 0.128195 0.152725
0.191025 0.135176 0.127754 0.171478 0.105812 0.120118 0.148637
0.156954 0.131407 0.126007 0.163206 0.173011 0.132394 0.117019
0.163640 0.136052 0.153279 0.161057 0.120352 0.121502 0.144118
0.204597 0.108515 0.120977 0.128772 0.132009 0.159168 0.145961
0.191920 0.124039 0.144281 0.120517 0.130163 0.142477 0.146603
0.138752 0.241557 0.126672 0.122027 0.112905 0.123943 0.134144
0.169088 0.138098 0.138041 0.130209 0.144801 0.135811 0.143952
0.190971 0.160853 0.143138 0.116676 0.146088 0.127329 0.114946
0.188429 0.173369 0.124917 0.124353 0.125612 0.142556 0.120765
0.131538 0.206278 0.129196 0.128480 0.148833 0.119370 0.136306
0.194202 0.126536 0.157686 0.154217 0.131954 0.112723 0.122683
0.218300 0.104655 0.140310 0.115108 0.175246 0.112335 0.134046
0.194674 0.128594 0.115704 0.168022 0.136304 0.111832 0.144871
0.128588 0.179231 0.143687 0.118259 0.147341 0.142314 0.140580
0.143594 0.163302 0.129520 0.156874 0.136992 0.140241 0.129476
0.163604 0.118874 0.141580 0.146312 0.137511 0.134373 0.157747
0.162235 0.157833 0.130975 0.136622 0.131245 0.127309 0.153780
0.189009 0.134504 0.134003 0.123433 0.136366 0.143363 0.139322
0.177377 0.133471 0.131915 0.108320 0.135890 0.183642 0.129383
0.128176 0.155310 0.128142 0.154872 0.154910 0.132044 0.146546
0.132721 0.228754 0.116437 0.139234 0.118343 0.141700 0.122811
0.151563 0.117965 0.149398 0.135131 0.157854 0.149395 0.138695
0.174969 0.132938 0.122899 0.179813 0.133215 0.123198 0.132969
0.115698 0.175908 0.148576 0.147681 0.130213 0.142905 0.139018
0.168079 0.176779 0.130400 0.121006 0.126242 0.142836 0.134660
0.124663 0.200084 0.114806 0.172476 0.131964 0.121597 0.134411
0.171932 0.133098 0.135095 0.169902 0.131666 0.130251 0.128056
0.137971 0.176290 0.117484 0.136655 0.132449 0.116436 0.182715
0.143697 0.150900 0.127377 0.152448 0.157557 0.120512 0.147510
0.127660 0.156062 0.137533 0.123478 0.134939 0.159621 0.160706
0.204399 0.123555 0.141628 0.112506 0.144090 0.130924 0.142898
0.151992 0.133601 0.144831 0.132614 0.152189 0.140768 0.144006
0.151755 0.176406 0.135296 0.120549 0.143894 0.144525 0.127576
0.129729 0.182407 0.151472 0.122085 0.152460 0.130572 0.131276
0.136786 0.156509 0.137431 0.117720 0.144634 0.160425 0.146496
0.111935 0.191322 0.124680 0.161439 0.137573 0.141471 0.131581
0.164062 0.135680 0.178767 0.116356 0.119878 0.121723 0.163534
0.156882 0.161301 0.133670 0.164919 0.118354 0.128026 0.136848
0.117630 0.186226 0.099751 0.178148 0.131512 0.127160 0.159573
0.150600 0.167205 0.144839 0.139374 0.135808 0.128266 0.133908
0.144933 0.157953 0.142364 0.130219 0.135590 0.141276 0.147665
0.214862 0.137331 0.116897 0.115662 0.147100 0.125871 0.142278
0.117207 0.197380 0.129536 0.122714 0.143617 0.145928 0.143617
0.147206 0.171539 0.120906 0.116619 0.139846 0.160000 0.143885
0.170603 0.154020 0.122582 0.152588 0.127834 0.135936 0.136438
0.142420 0.130860 0.134057 0.128533 0.141701 0.194609 0.127820
0.178667 0.123460 0.179514 0.128663 0.113393 0.127270 0.149034
0.133301 0.136900 0.139876 0.131347 0.168068 0.133320 0.157188
0.189381 0.133003 0.124511 0.146633 0.122397 0.113618 0.170457
0.116491 0.124080 0.184730 0.133939 0.144173 0.146793 0.149794
0.142005 0.124309 0.185705 0.130273 0.146645 0.135400 0.135664
0.189970 0.115276 0.132465 0.142746 0.163900 0.123503 0.132139
0.217032 0.114978 0.123624 0.132143 0.143512 0.140318 0.128392
0.186038 0.121487 0.152694 0.143913 0.125625 0.125878 0.144365
0.129863 0.119659 0.134261 0.156940 0.154116 0.147318 0.157844
0.198459 0.164853 0.122885 0.131554 0.106563 0.125656 0.150030
0.209193 0.119689 0.128205 0.112335 0.152779 0.125572 0.152228
0.189654 0.124606 0.108124 0.117632 0.144870 0.143866 0.171248
0.130581 0.179105 0.148562 0.133523 0.138407 0.141964 0.127859
0.148722 0.123708 0.130909 0.144672 0.145554 0.148123 0.158311
0.177477 0.154673 0.114680 0.141565 0.156889 0.123886 0.130830
0.114113 0.191876 0.126566 0.136301 0.151012 0.145529 0.134603
0.182342 0.151045 0.117001 0.132161 0.142975 0.120643 0.153833
0.156171 0.143410 0.140685 0.146912 0.138483 0.139080 0.135258
0.178077 0.160815 0.137117 0.124985 0.127345 0.136906 0.134754
0.142504 0.166841 0.144480 0.120606 0.147594 0.139385 0.138590
0.169706 0.133007 0.135434 0.127489 0.140400 0.147762 0.146203
0.236734 0.105704 0.115537 0.119429 0.146225 0.144474 0.131896
0.148878 0.130649 0.182702 0.129415 0.127729 0.121826 0.158801
0.189634 0.123208 0.121050 0.130774 0.185792 0.125195 0.124347
0.188578 0.143720 0.111557 0.160352 0.145609 0.129115 0.121069
0.162526 0.135859 0.130494 0.160845 0.132942 0.128697 0.148637
0.169462 0.140399 0.132784 0.140327 0.138729 0.147790 0.130509
0.161811 0.120094 0.177413 0.123193 0.125316 0.115431 0.176742
0.133066 0.186021 0.117019 0.115799 0.138569 0.170132 0.139394
0.183686 0.109852 0.185958 0.113809 0.139517 0.147633 0.119545
0.168000 0.147640 0.146532 0.144483 0.136209 0.120752 0.136384
0.158560 0.173856 0.143146 0.123370 0.138512 0.127866 0.134690
0.164344 0.185078 0.150448 0.134523 0.114245 0.113229 0.138134
0.180577 0.145195 0.124758 0.143927 0.131799 0.132562 0.141182
0.193147 0.089608 0.089345 0.133190 0.205455 0.125511 0.163744
0.142130 0.162360 0.144698 0.122072 0.142925 0.149582 0.136232
0.209979 0.131525 0.114538 0.116617 0.117563 0.165205 0.144572
0.126217 0.161213 0.115611 0.142160 0.143709 0.148701 0.162390
0.239157 0.132266 0.134885 0.117612 0.124299 0.136944 0.114837
0.135231 0.126364 0.144996 0.154778 0.130946 0.157651 0.150034
0.151259 0.151311 0.135818 0.126365 0.146851 0.144245 0.144152
0.163036 0.217026 0.130614 0.093412 0.120779 0.173474 0.101660
0.172030 0.141720 0.169041 0.114166 0.135922 0.122612 0.144508
0.181005 0.181461 0.100326 0.126478 0.147371 0.125165 0.138194
0.198985 0.140448 0.129963 0.133918 0.140163 0.136472 0.120050
0.136749 0.178372 0.130803 0.140025 0.132195 0.123606 0.158251
0.167339 0.134035 0.107432 0.146463 0.161770 0.136770 0.146191
0.139649 0.173639 0.134926 0.135019 0.149655 0.146354 0.120758
0.128653 0.149076 0.129844 0.140220 0.130359 0.130359 0.191489
0.140284 0.147553 0.126044 0.135072 0.152819 0.156794 0.141434
0.184206 0.149952 0.142991 0.129803 0.131152 0.135045 0.126851
0.217855 0.143950 0.133192 0.087063 0.109165 0.147557 0.161218
0.189098 0.112763 0.126516 0.125427 0.142941 0.153384 0.149871
0.177746 0.152371 0.122791 0.155241 0.144476 0.139206 0.108170
0.125224 0.142646 0.164342 0.140674 0.137402 0.141917 0.147794
0.172861 0.145160 0.124204 0.131690 0.137417 0.148631 0.140037
0.181770 0.187850 0.116190 0.167515 0.121351 0.113891 0.111433
0.225450 0.127337 0.114131 0.106391 0.128637 0.145207 0.152847
0.170796 0.136992 0.158056 0.121721 0.131856 0.134590 0.145989
0.236611 0.163153 0.103800 0.121661 0.125540 0.126991 0.122244
0.189104 0.182140 0.136008 0.125696 0.110087 0.132675 0.124290
0.153228 0.152583 0.125768 0.135551 0.134843 0.149578 0.148449
0.198511 0.119933 0.137179 0.150041 0.131984 0.129041 0.133311
0.139300 0.232151 0.132678 0.123040 0.121555 0.125839 0.125436
0.211754 0.134628 0.103583 0.109789 0.131816 0.123223 0.185207
0.193802 0.126627 0.130462 0.132427 0.136840 0.141170 0.138673
0.132766 0.138206 0.146491 0.139089 0.159556 0.142616 0.141277
0.135640 0.142969 0.142223 0.140865 0.154912 0.129495 0.153896
0.148906 0.195385 0.138023 0.115813 0.140288 0.132318 0.129267
0.165248 0.176539 0.165313 0.110709 0.125843 0.130156 0.126192
0.111154 0.134804 0.155181 0.139987 0.159917 0.157389 0.141569
0.133542 0.108460 0.128609 0.137802 0.157678 0.169328 0.164581
0.157878 0.168019 0.136461 0.127040 0.149972 0.129625 0.131005
0.113905 0.168390 0.142909 0.156343 0.137248 0.123959 0.157247
0.209778 0.138522 0.124722 0.120624 0.132585 0.127197 0.146571
0.165348 0.128739 0.139681 0.112314 0.142079 0.165436 0.146403
0.211098 0.123807 0.121227 0.121252 0.139271 0.134935 0.148410
0.237322 0.108839 0.117704 0.102684 0.150490 0.132915 0.150045
0.145971 0.138086 0.144027 0.146484 0.141515 0.154659 0.129259
0.128751 0.161498 0.139618 0.155731 0.137330 0.124743 0.152329
0.163883 0.129098 0.132173 0.160529 0.113318 0.134791 0.166209
0.141062 0.212385 0.120827 0.121542 0.141633 0.138197 0.124355
0.163798 0.200310 0.115590 0.137353 0.133103 0.116937 0.132908
0.132949 0.147525 0.154119 0.136849 0.144872 0.129909 0.153776
0.202473 0.145637 0.118981 0.112115 0.149987 0.144882 0.125925
0.150096 0.179882 0.144511 0.128965 0.127439 0.133924 0.135182
0.169818 0.165562 0.120960 0.127064 0.143162 0.131138 0.142295
0.183654 0.153481 0.114251 0.130538 0.143331 0.142624 0.132122
0.154943 0.124130 0.153355 0.178456 0.127370 0.115517 0.146228
0.164602 0.128909 0.122558 0.164984 0.144363 0.129088 0.145495
0.140194 0.136568 0.141362 0.145865 0.141596 0.145236 0.149178
0.187214 0.123936 0.141184 0.143902 0.132959 0.151408 0.119397
0.190692 0.133028 0.138174 0.095459 0.147005 0.131185 0.164458
0.140623 0.130383 0.141802 0.129143 0.161960 0.135024 0.161065
0.190854 0.108247 0.117021 0.132904 0.189833 0.125516 0.135625
0.140869 0.159025 0.157879 0.127211 0.138940 0.131700 0.144377
0.177353 0.152384 0.119466 0.146347 0.153413 0.123317 0.127721
0.147517 0.136699 0.134148 0.141303 0.137202 0.146562 0.156569
0.213530 0.172766 0.114993 0.125789 0.109058 0.139392 0.124471
0.146685 0.147584 0.127190 0.114489 0.144516 0.123671 0.195866
0.183258 0.183865 0.122114 0.158577 0.132792 0.109966 0.109429
0.222488 0.156456 0.160925 0.108089 0.114529 0.107517 0.129995
0.131061 0.168299 0.126304 0.106764 0.154209 0.158610 0.154754
0.198788 0.123881 0.148265 0.125420 0.143762 0.137523 0.122360
0.116421 0.192618 0.146122 0.150883 0.110906 0.130835 0.152214
0.173732 0.183348 0.115434 0.117357 0.145900 0.123605 0.140625
0.110616 0.182423 0.151382 0.143009 0.142207 0.126152 0.144212
0.200131 0.121012 0.106545 0.144752 0.115803 0.175069 0.136688
0.145044 0.174731 0.118743 0.114242 0.156865 0.131935 0.158441
0.169049 0.147539 0.139167 0.111147 0.146342 0.129756 0.157000
0.207440 0.179112 0.098553 0.116002 0.116435 0.140476 0.141983
0.154202 0.159742 0.133394 0.120473 0.142775 0.143190 0.146225
0.176351 0.153057 0.129609 0.125710 0.140424 0.142788 0.132061
0.208861 0.166783 0.109076 0.144896 0.114383 0.134815 0.121186
0.168169 0.128669 0.151839 0.148028 0.139467 0.124628 0.139200
0.131617 0.180831 0.130568 0.122825 0.158591 0.133511 0.142057
0.161292 0.133781 0.143033 0.144406 0.135863 0.155895 0.125730
0.188942 0.128447 0.140360 0.125107 0.137297 0.145907 0.133940
0.127520 0.154580 0.153126 0.111031 0.187221 0.120450 0.146072
0.183615 0.166290 0.117122 0.145209 0.146387 0.128147 0.113232
0.124058 0.135295 0.161291 0.157886 0.143527 0.132784 0.145158
0.128799 0.129027 0.151995 0.135751 0.144646 0.162923 0.146860
0.159404 0.165630 0.138766 0.128749 0.137732 0.136203 0.133516
0.140527 0.185091 0.140992 0.141151 0.123590 0.126005 0.142644
0.164853 0.132133 0.165797 0.121218 0.137679 0.131176 0.147145
0.144119 0.191291 0.128496 0.118884 0.130376 0.153031 0.133802
0.197205 0.171055 0.118990 0.116311 0.117076 0.115093 0.164271
0.185328 0.170340 0.134844 0.113689 0.128553 0.131513 0.135733
0.135334 0.136383 0.133026 0.138626 0.143250 0.178183 0.135198
0.171825 0.141245 0.188992 0.124010 0.115926 0.117276 0.140726
0.129811 0.199077 0.133929 0.120215 0.126042 0.147578 0.143348
0.171200 0.143175 0.129062 0.124718 0.159382 0.130705 0.141759
0.131487 0.179505 0.133231 0.143435 0.150373 0.127015 0.134952
0.160902 0.151117 0.135496 0.132340 0.145616 0.143561 0.130967
0.133477 0.195124 0.123131 0.130951 0.139223 0.121631 0.156464
0.131314 0.166643 0.140885 0.129375 0.123615 0.148328 0.159841
0.144006 0.135811 0.143024 0.160587 0.133376 0.144767 0.138429
0.127938 0.224956 0.115688 0.138231 0.155766 0.119756 0.117665
0.169623 0.158284 0.152139 0.129492 0.129535 0.139336 0.121591
0.168971 0.118454 0.139984 0.134371 0.147989 0.139984 0.150246
0.188617 0.158050 0.125802 0.100278 0.137143 0.150811 0.139300
0.173759 0.142213 0.139400 0.137983 0.132810 0.142284 0.131550
0.210258 0.086712 0.132574 0.129360 0.128381 0.182254 0.130462
0.219827 0.134913 0.124421 0.159114 0.122347 0.111345 0.128033
0.151065 0.165150 0.147049 0.132756 0.123749 0.138393 0.141838
0.167493 0.167823 0.146256 0.122362 0.122132 0.140296 0.133639
0.198383 0.114884 0.140228 0.129655 0.143620 0.129342 0.143888
0.194796 0.107015 0.137780 0.123687 0.140556 0.149429 0.146738
0.194941 0.103310 0.127254 0.171351 0.132168 0.128539 0.142437
0.132100 0.111725 0.120470 0.135918 0.205729 0.136337 0.157722
0.145148 0.179857 0.133306 0.137564 0.131926 0.138125 0.134073
0.125845 0.147816 0.145328 0.130356 0.155602 0.152798 0.142256
0.164152 0.173903 0.126860 0.127873 0.134924 0.133682 0.138607
0.116199 0.194294 0.127850 0.121838 0.161837 0.145669 0.132313
0.182715 0.116298 0.122378 0.176772 0.130313 0.127429 0.144095
0.124944 0.203722 0.125462 0.153350 0.155126 0.122362 0.115033
0.183734 0.174024 0.127826 0.104099 0.120874 0.155869 0.133575
0.139872 0.212429 0.116615 0.133255 0.121455 0.145710 0.130665
0.156469 0.189464 0.133074 0.125565 0.131759 0.133383 0.130286
0.139668 0.166499 0.130629 0.162572 0.127489 0.138931 0.134213
0.175514 0.119922 0.180124 0.122270 0.138975 0.134656 0.128541
0.128457 0.176268 0.152301 0.163223 0.126298 0.108956 0.144497
0.170453 0.159135 0.128709 0.161907 0.127665 0.127216 0.124915
0.129853 0.144740 0.167628 0.132925 0.144096 0.141733 0.139026
0.126540 0.136916 0.131404 0.157730 0.140127 0.140399 0.166884
0.149346 0.165140 0.152850 0.097168 0.128208 0.154874 0.152414
0.155578 0.174606 0.139891 0.115210 0.141748 0.140554 0.132413
0.130711 0.161167 0.135463 0.136238 0.143526 0.145832 0.147063
0.212184 0.131799 0.148680 0.110432 0.130753 0.140753 0.125398
0.133140 0.167021 0.147817 0.142319 0.130468 0.138629 0.140605
0.119077 0.124903 0.124434 0.179315 0.146284 0.131663 0.174322
0.131025 0.183264 0.116377 0.152537 0.143192 0.147935 0.125669
0.152429 0.136897 0.130191 0.152663 0.146913 0.133410 0.147497
0.148545 0.209927 0.127697 0.125872 0.135950 0.117663 0.134347
0.152860 0.180626 0.127376 0.116935 0.141879 0.141254 0.139070
0.181100 0.108442 0.141994 0.135132 0.142236 0.139584 0.151511
0.182356 0.115089 0.133145 0.166417 0.136905 0.135676 0.130413
0.135003 0.166229 0.139132 0.134227 0.144442 0.143444 0.137522
0.165823 0.165672 0.142286 0.127637 0.131029 0.130339 0.137214
0.145663 0.169546 0.124156 0.132476 0.168443 0.126838 0.132878
0.132997 0.128460 0.117812 0.180611 0.146395 0.135107 0.158618
0.119233 0.202090 0.119974 0.147847 0.148838 0.128928 0.133091
0.145033 0.165148 0.133608 0.131982 0.146638 0.134323 0.143268
0.140540 0.199336 0.132503 0.116533 0.123888 0.139137 0.148063
0.107428 0.186671 0.123406 0.132218 0.160696 0.144073 0.145507
0.136992 0.165882 0.152844 0.124128 0.152979 0.126121 0.141054
0.191023 0.167250 0.129162 0.106550 0.135630 0.148253 0.122132
0.179006 0.146495 0.132305 0.122845 0.133382 0.151020 0.134948
0.215393 0.174850 0.115167 0.110061 0.126173 0.121818 0.136536
0.141617 0.146075 0.114582 0.134884 0.150826 0.145044 0.166973
0.167718 0.118552 0.129237 0.136663 0.158486 0.134944 0.154399
0.207668 0.172587 0.101204 0.146302 0.141846 0.109616 0.120778
0.177298 0.135397 0.116752 0.164641 0.139747 0.131020 0.135145
0.113588 0.166027 0.134174 0.135955 0.151647 0.148306 0.150303
0.176965 0.150652 0.133463 0.129442 0.138094 0.130696 0.140687
0.122212 0.190825 0.155868 0.129265 0.129837 0.141322 0.130671
0.107606 0.146498 0.146220 0.149355 0.139081 0.153441 0.157799
0.152778 0.196323 0.119894 0.092620 0.123532 0.190395 0.124459
0.126407 0.137077 0.147472 0.133083 0.150124 0.156790 0.149047
0.138876 0.163044 0.138733 0.113246 0.139310 0.162740 0.144051
0.161708 0.158712 0.145451 0.135960 0.132161 0.120879 0.145129
0.195573 0.130346 0.140334 0.128173 0.132218 0.135232 0.138123
0.139147 0.149332 0.122015 0.167239 0.143969 0.136239 0.142059
0.165941 0.127608 0.125572 0.185343 0.137280 0.115593 0.142663
0.195000 0.136911 0.124989 0.159454 0.116452 0.129066 0.138127
0.215268 0.082094 0.149666 0.159533 0.133991 0.120979 0.138468
0.137207 0.164617 0.138480 0.124122 0.146083 0.129415 0.160076
0.159619 0.194997 0.145901 0.109429 0.129770 0.131465 0.128820
0.146522 0.137954 0.116516 0.181525 0.136089 0.126936 0.154458
0.142172 0.227677 0.110277 0.121909 0.137646 0.127207 0.133112
0.174538 0.143869 0.164404 0.118830 0.109110 0.133547 0.155701
0.156981 0.160266 0.144984 0.143444 0.143136 0.130016 0.121174
0.124656 0.113965 0.142271 0.168478 0.171650 0.127373 0.151606
0.157980 0.161893 0.128016 0.129074 0.136032 0.136089 0.150915
0.203422 0.139742 0.110290 0.111107 0.138381 0.169904 0.127154
0.166952 0.148275 0.118358 0.112011 0.163416 0.141834 0.149155
0.097420 0.187936 0.124143 0.163053 0.144891 0.142084 0.140474
0.191496 0.128132 0.126534 0.144120 0.131295 0.142881 0.135542
0.162240 0.107156 0.131468 0.158033 0.142535 0.155442 0.143126
0.182532 0.124810 0.149731 0.126527 0.130208 0.137829 0.148364
0.170168 0.160384 0.146529 0.131266 0.134842 0.133357 0.123455
0.174781 0.106497 0.134985 0.132130 0.173535 0.126309 0.151764
0.150720 0.162507 0.153623 0.145918 0.120582 0.113353 0.153296
0.174774 0.129103 0.148917 0.145285 0.153292 0.122199 0.126430
0.183171 0.132167 0.117357 0.160775 0.124480 0.104920 0.177131
0.169883 0.135606 0.140206 0.136313 0.155746 0.132998 0.129247
0.172943 0.133376 0.127394 0.167618 0.124738 0.140331 0.133600
0.186752 0.161564 0.139103 0.131415 0.123463 0.124107 0.133596
0.147810 0.143672 0.147533 0.142636 0.147176 0.130342 0.140831
0.170893 0.199962 0.137522 0.125363 0.125618 0.131479 0.109162
0.226423 0.123466 0.134098 0.121774 0.123421 0.118747 0.152071
0.157439 0.159835 0.139860 0.125451 0.138276 0.148876 0.130263
0.170669 0.136106 0.116040 0.128413 0.158713 0.149058 0.140999
0.185368 0.124129 0.129606 0.118209 0.123047 0.142233 0.177407
0.155124 0.166727 0.139237 0.125781 0.136450 0.145008 0.131673
0.113432 0.162724 0.148710 0.119092 0.152075 0.155025 0.148941
0.200658 0.112099 0.139163 0.132659 0.131020 0.158757 0.125643
0.145842 0.114795 0.145568 0.159303 0.131735 0.139810 0.162948
0.133713 0.172347 0.139230 0.128961 0.150377 0.134181 0.141191
0.156866 0.171683 0.121585 0.123681 0.144079 0.136937 0.145169
0.202895 0.145161 0.140494 0.114990 0.135747 0.131065 0.129648
0.131703 0.141817 0.117279 0.145224 0.159401 0.152131 0.152445
0.141949 0.178065 0.113535 0.138758 0.110130 0.176357 0.141206
0.149545 0.139943 0.142014 0.149968 0.152120 0.134434 0.131976
0.160521 0.149065 0.119206 0.205938 0.111754 0.114152 0.139363
0.142829 0.193746 0.147263 0.124373 0.117947 0.120498 0.153344
0.198811 0.163915 0.136437 0.139305 0.124049 0.106986 0.130497
0.145342 0.186554 0.138215 0.108491 0.135886 0.137401 0.148110
0.203953 0.136682 0.123896 0.161699 0.114858 0.128600 0.130313
0.117206 0.168495 0.154776 0.131525 0.140910 0.150108 0.136981
0.179631 0.144542 0.116337 0.127717 0.130595 0.144010 0.157168
0.145436 0.174686 0.109321 0.123176 0.154839 0.147316 0.145226
0.155762 0.122636 0.141453 0.168975 0.145894 0.125069 0.140212
0.201949 0.114779 0.140170 0.131495 0.140170 0.124778 0.146659
0.153648 0.140936 0.135793 0.138354 0.131608 0.150868 0.148794
0.202043 0.115121 0.146452 0.130067 0.137919 0.125162 0.143236
0.150011 0.133062 0.128734 0.122582 0.164113 0.152083 0.149415
0.200676 0.164967 0.108832 0.114182 0.110751 0.139788 0.160804
0.118026 0.153040 0.151995 0.115580 0.154460 0.164659 0.142241
0.155094 0.173262 0.116824 0.130236 0.138994 0.168607 0.116984
0.179679 0.146907 0.118762 0.126248 0.106153 0.148897 0.173353
0.126179 0.191978 0.132272 0.119699 0.133461 0.146295 0.150116
0.150323 0.127104 0.137604 0.120817 0.150366 0.143850 0.169935
0.138139 0.173675 0.122782 0.158714 0.145951 0.108001 0.152739
0.148116 0.115545 0.140310 0.171770 0.138684 0.139673 0.145901
0.163924 0.139522 0.128805 0.141573 0.140549 0.142546 0.143081
0.224070 0.138039 0.102304 0.109514 0.118159 0.163015 0.144899
0.132698 0.134575 0.138442 0.102081 0.128814 0.160650 0.202741
0.194688 0.131248 0.139685 0.109580 0.161147 0.122862 0.140790
0.209391 0.131901 0.127278 0.158841 0.120811 0.120966 0.130812
0.145448 0.168900 0.145993 0.157862 0.113731 0.115130 0.152936
0.155619 0.159361 0.125115 0.129148 0.141330 0.142450 0.146977
0.183066 0.120662 0.141352 0.141569 0.143715 0.138955 0.130682
0.192211 0.126708 0.139672 0.118838 0.139456 0.141062 0.142053
0.181520 0.147168 0.128157 0.128531 0.127174 0.157866 0.129585
0.130521 0.156511 0.125125 0.177430 0.128898 0.125585 0.155930
0.111227 0.211840 0.138203 0.117172 0.120163 0.147732 0.153663
0.166324 0.124712 0.128544 0.145586 0.157776 0.149803 0.127256
0.170623 0.146487 0.109420 0.134860 0.136872 0.127961 0.173779
0.161906 0.129821 0.147285 0.149421 0.122572 0.131562 0.157433
0.170978 0.163192 0.117124 0.118745 0.125648 0.155375 0.148938
0.180279 0.109605 0.126280 0.152127 0.163301 0.134307 0.134101
0.115005 0.168792 0.140754 0.129169 0.150047 0.144856 0.151378
0.188503 0.205698 0.122738 0.114382 0.119544 0.136408 0.112727
0.146129 0.189017 0.127938 0.149943 0.124811 0.124941 0.137221
0.187221 0.177438 0.123579 0.121554 0.120286 0.134453 0.135468
0.174066 0.202684 0.103146 0.116167 0.145963 0.119388 0.138586
0.148639 0.211653 0.129670 0.122058 0.124347 0.131392 0.132242
0.177283 0.173394 0.116003 0.127315 0.105822 0.131708 0.168474
0.111628 0.153704 0.185173 0.126798 0.142076 0.144825 0.135797
0.168342 0.121702 0.147117 0.141312 0.140355 0.142902 0.138270
0.132166 0.204987 0.109087 0.116857 0.142692 0.137774 0.156437
0.233003 0.123286 0.116165 0.114230 0.133447 0.149211 0.130657
0.145583 0.157012 0.130342 0.148038 0.136146 0.132488 0.150391
0.211492 0.099150 0.140030 0.132806 0.140001 0.147544 0.128977
0.132956 0.140856 0.142594 0.130262 0.159103 0.153534 0.140694
0.182464 0.123736 0.130941 0.129366 0.150093 0.143657 0.139744
0.159015 0.176021 0.131085 0.111403 0.133037 0.143257 0.146182
0.160187 0.190073 0.106316 0.142976 0.109517 0.143596 0.147336
0.158336 0.128624 0.176067 0.119624 0.175449 0.118638 0.123262
0.166928 0.205314 0.146929 0.110981 0.116558 0.125724 0.127566
0.173505 0.157126 0.136738 0.120756 0.144337 0.144318 0.123220
0.154477 0.149735 0.139754 0.122399 0.141705 0.116733 0.175198
0.201139 0.145506 0.121431 0.140103 0.123145 0.131548 0.137128
0.181832 0.155129 0.129060 0.135202 0.143089 0.135799 0.119889
0.142754 0.134282 0.180380 0.124209 0.135411 0.152414 0.130550
0.178707 0.162939 0.136320 0.139735 0.113734 0.127231 0.141335
0.177632 0.120541 0.129125 0.165937 0.123435 0.140840 0.142490
0.135568 0.167334 0.140202 0.141866 0.141112 0.136045 0.137873
0.137337 0.136804 0.128503 0.175108 0.131783 0.141783 0.148680
0.173245 0.153259 0.176747 0.108756 0.137278 0.129027 0.121688
0.130220 0.162192 0.152711 0.110896 0.134119 0.139979 0.169882
0.137397 0.124142 0.146459 0.129439 0.169351 0.143726 0.149486
0.163938 0.121302 0.129216 0.127435 0.141401 0.158147 0.158562
0.204571 0.105270 0.120878 0.137884 0.138946 0.160596 0.131856
0.142169 0.131009 0.143353 0.147774 0.140127 0.146589 0.148978
0.144493 0.118417 0.127188 0.196705 0.136511 0.141800 0.134886
0.141102 0.152821 0.179397 0.140800 0.127314 0.112521 0.146046
0.187218 0.129358 0.155698 0.119632 0.131205 0.137346 0.139543
0.155621 0.152615 0.141359 0.138054 0.143589 0.138335 0.130426
0.141182 0.146539 0.147593 0.129772 0.140143 0.137483 0.157289
0.130570 0.280643 0.104681 0.132274 0.114765 0.099838 0.137230
0.126882 0.199438 0.118182 0.148727 0.137469 0.138497 0.130805
0.147472 0.197354 0.132046 0.131521 0.139447 0.142270 0.109889
0.172574 0.151368 0.154527 0.130045 0.117127 0.137511 0.136848
0.136368 0.186220 0.143065 0.136857 0.133659 0.132022 0.131810
0.140716 0.203329 0.120731 0.113013 0.135067 0.137533 0.149612
0.145515 0.115879 0.175515 0.133783 0.132505 0.166654 0.130149
0.129654 0.182501 0.122385 0.160007 0.122648 0.127751 0.155053
0.173265 0.107595 0.146231 0.149050 0.157570 0.145262 0.121027
0.125378 0.198759 0.116623 0.162979 0.132676 0.119163 0.144422
0.135326 0.109271 0.125257 0.154100 0.167960 0.157466 0.150621
0.111041 0.220727 0.122319 0.154775 0.131934 0.137537 0.121667
0.191783 0.114957 0.143361 0.146583 0.122972 0.124357 0.155988
0.170048 0.157720 0.132325 0.136847 0.148718 0.132376 0.121967
0.137188 0.163672 0.149599 0.103025 0.130576 0.153581 0.162359
0.160254 0.189013 0.131499 0.116147 0.151144 0.119554 0.132389
0.136065 0.199556 0.120316 0.133697 0.115974 0.139423 0.154969
0.233288 0.136787 0.125244 0.097751 0.140833 0.139822 0.126276
0.190549 0.175053 0.128019 0.135230 0.132942 0.116043 0.122163
0.210807 0.166616 0.113704 0.119964 0.143933 0.127427 0.117548
0.148368 0.167295 0.130744 0.113972 0.136520 0.165386 0.137716
0.198789 0.191693 0.138805 0.128038 0.096972 0.105099 0.140604
0.181507 0.146751 0.130795 0.182884 0.124552 0.123354 0.110157
0.186693 0.123358 0.184405 0.104893 0.118127 0.137910 0.144614
0.156307 0.124348 0.134072 0.151151 0.135611 0.141659 0.156853
0.135916 0.146235 0.118274 0.146938 0.135171 0.162254 0.155212
0.143520 0.114880 0.137584 0.121033 0.136330 0.216346 0.130307
0.124270 0.151349 0.145085 0.149770 0.137996 0.138249 0.153281
0.143023 0.156017 0.129428 0.141789 0.157784 0.143002 0.128958
0.114579 0.172325 0.124771 0.125869 0.140342 0.195324 0.126790
0.157334 0.133091 0.105277 0.115524 0.174038 0.168187 0.146549
0.214176 0.125773 0.116719 0.134587 0.144278 0.163525 0.100942
0.195152 0.155576 0.163275 0.093918 0.117996 0.120137 0.153947
0.203374 0.175771 0.145676 0.115551 0.125240 0.112441 0.121947
0.261695 0.127112 0.104563 0.126179 0.115273 0.131821 0.133356
0.285612 0.107295 0.132540 0.105255 0.128084 0.120573 0.120642
0.147019 0.156663 0.138801 0.149382 0.126229 0.133675 0.148231
0.123448 0.161109 0.140684 0.139784 0.162808 0.136069 0.136098
0.192773 0.138420 0.139977 0.117096 0.141838 0.142925 0.126970
0.147735 0.172839 0.124261 0.162170 0.122852 0.143489 0.126655
0.175136 0.117322 0.131097 0.154202 0.133687 0.137459 0.151097
0.135106 0.129673 0.177971 0.110349 0.153106 0.140795 0.152999
0.199560 0.135465 0.143965 0.122411 0.144239 0.128160 0.126199
0.162740 0.204193 0.117951 0.106104 0.143354 0.123692 0.141965
0.171658 0.129970 0.117951 0.176502 0.142724 0.131284 0.129910
0.132233 0.123202 0.144152 0.157765 0.143047 0.156362 0.143239
0.163647 0.187656 0.115027 0.129933 0.129858 0.115036 0.158842
0.197134 0.111703 0.136285 0.141248 0.136862 0.136290 0.140479
0.124116 0.129564 0.141744 0.129539 0.144302 0.195572 0.135161
0.183752 0.111875 0.119966 0.141518 0.140889 0.142096 0.159905
0.183705 0.121794 0.137920 0.143909 0.128144 0.148642 0.135885
0.196054 0.124190 0.143770 0.115591 0.183005 0.111385 0.126004
0.118272 0.163005 0.124892 0.142720 0.155366 0.135564 0.160181
0.172558 0.158862 0.141293 0.133279 0.138972 0.128920 0.126116
0.196751 0.127544 0.127082 0.167270 0.123200 0.128421 0.129733
0.198262 0.126350 0.107175 0.181321 0.108847 0.130953 0.147091
0.141052 0.229146 0.124686 0.124615 0.119400 0.143790 0.117311
0.181736 0.157433 0.149424 0.120987 0.141832 0.129510 0.119077
0.188753 0.134472 0.124361 0.134098 0.116964 0.163003 0.138349
0.224730 0.122112 0.147157 0.113117 0.140793 0.130123 0.121967
0.186714 0.137118 0.122667 0.168617 0.126754 0.121331 0.136799
0.210186 0.105548 0.113191 0.119984 0.188137 0.120984 0.141969
0.180341 0.107266 0.130407 0.137060 0.163939 0.146742 0.134244
0.163944 0.125370 0.186034 0.125318 0.125832 0.123401 0.150101
0.166531 0.135850 0.142015 0.125801 0.141446 0.147336 0.141022
0.185138 0.156784 0.135997 0.123387 0.132691 0.134242 0.131762
0.151219 0.178402 0.134883 0.122677 0.137164 0.110233 0.165422
0.125651 0.128878 0.137391 0.155613 0.145966 0.161781 0.144720
0.137941 0.106722 0.128081 0.174690 0.133023 0.150718 0.168825
0.108077 0.179818 0.154084 0.141483 0.117038 0.133862 0.165638
0.127601 0.154731 0.141361 0.144374 0.139142 0.151944 0.140847
0.152642 0.157398 0.140747 0.128699 0.143159 0.134832 0.142524
0.142290 0.210697 0.113726 0.110000 0.129909 0.131132 0.162245
0.140634 0.140693 0.145702 0.152135 0.135206 0.137733 0.147898
0.154745 0.155296 0.144431 0.128368 0.136049 0.152744 0.128367
0.200012 0.137605 0.108594 0.156288 0.142850 0.118399 0.136252
0.127298 0.161163 0.148845 0.144547 0.145399 0.142586 0.130162
0.131683 0.192582 0.125358 0.110897 0.134584 0.120661 0.184234
0.112450 0.147109 0.130136 0.144218 0.147459 0.154430 0.164199
0.185301 0.138108 0.118288 0.168083 0.135493 0.130490 0.124238
0.134719 0.162140 0.123692 0.123048 0.161874 0.157993 0.136534
0.205953 0.108870 0.136695 0.124595 0.134542 0.128835 0.160510
0.147713 0.128243 0.137598 0.149007 0.144452 0.135579 0.157409
0.161898 0.131706 0.134109 0.131787 0.143872 0.145170 0.151458
0.152226 0.163186 0.135854 0.117502 0.144350 0.125154 0.161729
0.164262 0.111387 0.119341 0.125189 0.150357 0.191728 0.137736
0.194725 0.198954 0.104242 0.094879 0.130034 0.135781 0.141385
0.121613 0.190218 0.137247 0.116911 0.149447 0.145126 0.139438
0.166850 0.183642 0.111204 0.111147 0.140400 0.132140 0.154617
0.139877 0.144878 0.133021 0.134702 0.163095 0.127092 0.157336
0.147313 0.184062 0.140203 0.130519 0.139157 0.129162 0.129584
0.195169 0.169087 0.132749 0.131534 0.116470 0.129208 0.125784
0.120834 0.131176 0.132914 0.198936 0.135951 0.137093 0.143096
0.167441 0.176381 0.152115 0.121955 0.117141 0.131272 0.133695
0.138854 0.186448 0.136071 0.120485 0.141662 0.150473 0.126007
0.203129 0.133095 0.093635 0.163178 0.130205 0.140014 0.136743
0.125345 0.176713 0.160792 0.127676 0.123586 0.145967 0.139923
0.151033 0.158375 0.147873 0.159274 0.129132 0.119475 0.134839
0.175872 0.105084 0.114839 0.178882 0.121149 0.142059 0.162115
0.198895 0.123339 0.159612 0.134759 0.135660 0.106865 0.140869
0.178518 0.163193 0.116460 0.153201 0.134221 0.122350 0.132056
0.126325 0.131339 0.122233 0.152304 0.150634 0.153701 0.163464
0.151732 0.180072 0.144126 0.106962 0.149060 0.134520 0.133528
0.172382 0.122611 0.111935 0.141202 0.145552 0.143131 0.163187
0.201108 0.131097 0.103823 0.124261 0.136741 0.154738 0.148231
0.128712 0.135136 0.166563 0.135773 0.174851 0.132185 0.126779
0.184522 0.154374 0.147949 0.118358 0.122112 0.153514 0.119171
0.120358 0.160542 0.116589 0.169465 0.096594 0.141245 0.195206
0.122009 0.148431 0.143844 0.145484 0.152447 0.134523 0.153262
0.204680 0.164526 0.107337 0.116059 0.126919 0.140517 0.139963
0.133656 0.171600 0.121248 0.133668 0.147215 0.149136 0.143479
0.148329 0.191835 0.127778 0.125013 0.138038 0.130246 0.138761
0.222823 0.143281 0.127702 0.132651 0.141929 0.118618 0.112995
0.168887 0.159453 0.120981 0.137597 0.121517 0.169801 0.121765
0.168076 0.140770 0.170239 0.131026 0.144073 0.109937 0.135878
0.149425 0.205165 0.173237 0.108239 0.127646 0.114629 0.121658
0.196194 0.149781 0.128594 0.117963 0.123816 0.136623 0.147029
0.150287 0.116569 0.124140 0.155293 0.144644 0.140114 0.168953
0.195194 0.119053 0.136886 0.147889 0.155788 0.125749 0.119441
0.151183 0.161374 0.136727 0.127396 0.140612 0.129630 0.153078
0.175707 0.167554 0.137494 0.119925 0.135573 0.132072 0.131674
0.170988 0.135471 0.141018 0.114240 0.162571 0.137636 0.138077
0.193393 0.212836 0.117297 0.100527 0.119447 0.121618 0.134882
0.147716 0.113665 0.157818 0.145321 0.166910 0.124001 0.144570
0.136368 0.181169 0.148012 0.135869 0.140097 0.129132 0.129353
0.140745 0.125402 0.145733 0.140593 0.136516 0.154198 0.156812
0.111366 0.133566 0.133044 0.134035 0.151533 0.163563 0.172894
0.190999 0.125237 0.126588 0.134644 0.153235 0.132079 0.137218
0.166996 0.168127 0.123103 0.106987 0.121106 0.159444 0.154237
0.174409 0.119556 0.126958 0.163531 0.141198 0.151989 0.122358
0.121436 0.149636 0.143111 0.127891 0.145086 0.135081 0.177759
0.176872 0.133335 0.138661 0.161030 0.123540 0.139064 0.127498
0.190572 0.126447 0.139726 0.131870 0.139196 0.125994 0.146195
0.163213 0.119626 0.144918 0.142901 0.147782 0.149538 0.132023
0.148400 0.148442 0.177267 0.137147 0.123194 0.120827 0.144723
0.151502 0.211685 0.130197 0.141802 0.130120 0.121065 0.113629
0.135438 0.173227 0.176690 0.125966 0.126690 0.136421 0.125567
0.124615 0.193109 0.149591 0.121234 0.139719 0.125776 0.145956
0.146405 0.167274 0.126727 0.127978 0.135439 0.161413 0.134765
0.137339 0.162899 0.120271 0.140241 0.157822 0.135174 0.146255
0.131908 0.126879 0.140479 0.121359 0.150942 0.191328 0.137104
0.119944 0.212658 0.122962 0.124969 0.137714 0.129142 0.152611
0.153803 0.141309 0.132249 0.183042 0.126002 0.128405 0.135191
0.107189 0.159804 0.150354 0.139971 0.140163 0.135565 0.166954
0.151096 0.145778 0.125899 0.178414 0.141556 0.117107 0.140150
0.126371 0.152398 0.122719 0.154858 0.140406 0.151536 0.151712
0.154633 0.121554 0.169837 0.116518 0.171647 0.141087 0.124724
0.138323 0.136011 0.129492 0.145345 0.148684 0.141056 0.161089
0.200239 0.159990 0.126178 0.121475 0.133497 0.126495 0.132126
0.197197 0.125823 0.134893 0.129930 0.136191 0.139459 0.136508
0.128253 0.186218 0.117011 0.141688 0.137351 0.134908 0.154571
0.161144 0.161397 0.122919 0.122452 0.134113 0.158275 0.139700
0.143861 0.107652 0.143861 0.172022 0.148279 0.134546 0.149780
0.175757 0.146457 0.183226 0.114806 0.128654 0.129804 0.121296
0.152901 0.160119 0.138639 0.124150 0.147978 0.135378 0.140835
0.210234 0.133887 0.137583 0.116121 0.135598 0.126997 0.139580
0.198413 0.107902 0.118676 0.110735 0.181691 0.147128 0.135455
0.124487 0.216968 0.134164 0.124331 0.130547 0.130969 0.138534
0.152139 0.204280 0.137773 0.110431 0.136816 0.141003 0.117559
0.166844 0.123886 0.143436 0.153623 0.146050 0.126629 0.139531
0.188405 0.169521 0.123852 0.111627 0.101062 0.119158 0.186375
0.149661 0.119901 0.160931 0.157430 0.139278 0.126391 0.146409
0.193829 0.101893 0.126491 0.149175 0.129674 0.165584 0.133354
0.154343 0.135054 0.132786 0.165587 0.138053 0.145676 0.128501
0.125405 0.147820 0.141295 0.146076 0.133946 0.149488 0.155971
0.143027 0.141282 0.136293 0.127651 0.153002 0.150651 0.148094
0.132372 0.151163 0.167715 0.129914 0.130852 0.142497 0.145487
0.192701 0.156971 0.123966 0.131383 0.136901 0.132561 0.125517
0.143939 0.170607 0.129630 0.136657 0.151468 0.136577 0.131122
0.146585 0.118505 0.128967 0.122238 0.153062 0.149284 0.181359
0.254748 0.103179 0.120630 0.115029 0.129111 0.130531 0.146772
0.129436 0.172313 0.135859 0.148411 0.144410 0.141177 0.128395
0.183129 0.168102 0.125380 0.119466 0.148694 0.115115 0.140115
0.136486 0.139588 0.132740 0.130826 0.119171 0.165796 0.175392
0.161250 0.218583 0.123120 0.107493 0.134960 0.137734 0.116860
0.175518 0.198165 0.127285 0.111436 0.128356 0.137549 0.121691
0.180733 0.120883 0.195549 0.119193 0.114994 0.134482 0.134166
0.152423 0.135932 0.148623 0.138964 0.143143 0.147986 0.132929
0.123543 0.144426 0.131010 0.164159 0.158156 0.142061 0.136645
0.156985 0.164430 0.120559 0.174110 0.130882 0.133250 0.119784
0.176859 0.130502 0.134055 0.168382 0.125980 0.125765 0.138457
0.140147 0.185940 0.158316 0.111352 0.155145 0.124998 0.124101
0.154558 0.135855 0.134491 0.128671 0.116400 0.176603 0.153421
0.138641 0.184182 0.139530 0.100615 0.156448 0.141049 0.139536
0.109111 0.121624 0.144374 0.172046 0.162400 0.138065 0.152379
0.113376 0.150137 0.134796 0.162585 0.145765 0.138905 0.154437
0.183507 0.188184 0.126263 0.122380 0.120793 0.131993 0.126880
0.180777 0.130152 0.133746 0.134144 0.140675 0.144483 0.136023
0.166040 0.184146 0.104357 0.180239 0.109207 0.122123 0.133887
0.179979 0.118864 0.157298 0.130567 0.123769 0.138706 0.150817
0.174514 0.193556 0.124932 0.148645 0.129895 0.119089 0.109370
0.195448 0.129827 0.130421 0.136100 0.137093 0.140525 0.130586
