0.134099 0.155068 0.149315 0.148498 0.268542 0.144478
0.197306 0.177738 0.145573 0.139959 0.191653 0.147770
0.152389 0.143454 0.143164 0.161826 0.266078 0.133090
0.173076 0.174460 0.171729 0.174762 0.136276 0.169696
0.142485 0.149297 0.169827 0.165137 0.234452 0.138801
0.162440 0.164874 0.169036 0.192384 0.159124 0.152142
0.149002 0.140352 0.140352 0.148685 0.231257 0.190352
0.192114 0.154614 0.149750 0.132476 0.195168 0.175879
0.199779 0.142525 0.129452 0.132212 0.258424 0.137608
0.164028 0.152870 0.202870 0.157115 0.168633 0.154483
0.181579 0.163315 0.167497 0.157380 0.166915 0.163315
0.138970 0.160851 0.160851 0.161154 0.231630 0.146544
0.166248 0.169108 0.164667 0.174916 0.166469 0.158592
0.127242 0.133701 0.122494 0.133399 0.302001 0.181163
0.153404 0.172070 0.158972 0.161136 0.189373 0.165044
0.155311 0.152787 0.154427 0.192690 0.157277 0.187507
0.140224 0.165224 0.162263 0.143141 0.232318 0.156831
0.167274 0.170700 0.159486 0.158773 0.183061 0.160707
0.156339 0.176147 0.179182 0.150362 0.132796 0.205173
0.139206 0.180035 0.180035 0.162099 0.187288 0.151337
0.167974 0.157482 0.152216 0.155214 0.204587 0.162527
0.179142 0.156800 0.156498 0.142575 0.184538 0.180447
0.145409 0.158083 0.155193 0.150568 0.194252 0.196496
0.157312 0.156224 0.151316 0.153007 0.243873 0.138268
0.169803 0.146011 0.146311 0.157602 0.233213 0.147059
0.194957 0.162723 0.162723 0.150226 0.184451 0.144920
0.158207 0.158934 0.158944 0.156833 0.223362 0.143720
0.138550 0.141961 0.141961 0.187502 0.151476 0.238550
0.142613 0.149715 0.174715 0.175042 0.213458 0.144457
0.164800 0.159015 0.162875 0.212875 0.146555 0.153881
0.188067 0.149785 0.150614 0.192354 0.162337 0.156842
0.155583 0.142186 0.146862 0.155089 0.197708 0.202571
0.170927 0.172615 0.147468 0.203406 0.141760 0.163824
0.150912 0.153213 0.157703 0.142914 0.244301 0.150956
0.152991 0.166332 0.172697 0.162991 0.174033 0.170956
0.159507 0.161318 0.148927 0.153645 0.228517 0.148086
0.154488 0.161947 0.164480 0.151584 0.165191 0.202309
0.126859 0.149363 0.141627 0.154127 0.291660 0.136363
0.169756 0.179173 0.175261 0.179473 0.132088 0.164249
0.155240 0.152508 0.141835 0.155240 0.239937 0.155240
0.141769 0.142296 0.133229 0.146765 0.265324 0.170616
0.154208 0.164822 0.159892 0.164520 0.192038 0.164520
0.150497 0.150785 0.142757 0.151614 0.252727 0.151620
0.156142 0.158358 0.167245 0.168727 0.197173 0.152356
0.154806 0.166193 0.164193 0.164497 0.208313 0.141997
0.151754 0.196176 0.141533 0.148971 0.187595 0.173971
0.155713 0.150724 0.192901 0.155701 0.191985 0.152975
0.169786 0.177324 0.175151 0.174093 0.139448 0.164198
0.196412 0.142283 0.128926 0.146724 0.247737 0.137918
0.157530 0.141405 0.143409 0.156533 0.244590 0.156533
0.161285 0.170142 0.159891 0.170442 0.171669 0.166572
0.148065 0.135798 0.161343 0.138530 0.265158 0.151107
0.143429 0.150600 0.150207 0.154370 0.250639 0.150756
0.164079 0.160580 0.217299 0.148607 0.145367 0.164068
0.153431 0.131839 0.147875 0.143599 0.244825 0.178431
0.215861 0.170601 0.137904 0.166170 0.143603 0.165861
0.169996 0.163667 0.160743 0.153962 0.185162 0.166469
0.169443 0.205018 0.141054 0.166814 0.148228 0.169443
0.159045 0.170029 0.149595 0.162615 0.195800 0.162916
0.153510 0.160621 0.166345 0.155908 0.200105 0.163510
0.163193 0.149909 0.151534 0.158800 0.212542 0.164022
0.161538 0.161555 0.168545 0.169544 0.171098 0.167721
0.171412 0.166985 0.191691 0.157217 0.155478 0.157217
0.147265 0.145601 0.188130 0.150377 0.218568 0.150060
0.156106 0.164869 0.167615 0.164567 0.181576 0.165266
0.166985 0.176254 0.159161 0.176266 0.157579 0.163754
0.172760 0.178011 0.138606 0.178001 0.172361 0.160260
0.157926 0.159964 0.152696 0.184255 0.192848 0.152311
0.167038 0.199964 0.145271 0.136598 0.133792 0.217337
0.170395 0.166873 0.199471 0.163346 0.129582 0.170332
0.166133 0.170602 0.174845 0.153523 0.168832 0.166066
0.185552 0.176096 0.168583 0.152791 0.129855 0.187123
0.156047 0.146069 0.150108 0.156351 0.234679 0.156746
0.162305 0.171423 0.164118 0.162122 0.170001 0.170031
0.170107 0.142896 0.185849 0.153805 0.179112 0.168231
0.213750 0.157785 0.140294 0.166467 0.174626 0.147078
0.162362 0.169649 0.155064 0.146881 0.225131 0.140915
0.183825 0.165906 0.185326 0.130888 0.137349 0.196706
0.171109 0.169870 0.160406 0.174161 0.151020 0.173433
0.131729 0.188135 0.141816 0.188687 0.180929 0.168704
0.155002 0.152264 0.182133 0.148293 0.215833 0.146477
0.166082 0.166638 0.172057 0.150438 0.194348 0.150438
0.163468 0.163345 0.187369 0.184507 0.151219 0.150092
0.181351 0.133610 0.178755 0.180068 0.153912 0.172304
0.142633 0.155137 0.117244 0.183330 0.258301 0.143356
0.171700 0.174374 0.168529 0.156436 0.174726 0.154235
0.164508 0.158699 0.160574 0.148249 0.194448 0.173521
0.179097 0.158506 0.133718 0.167197 0.186319 0.175163
0.153301 0.179908 0.153655 0.146370 0.200389 0.166376
0.166161 0.213958 0.152158 0.168124 0.139462 0.160137
0.170848 0.178700 0.152894 0.171398 0.154459 0.171701
0.161037 0.166506 0.174658 0.158841 0.168255 0.170703
0.167082 0.150971 0.140920 0.185962 0.170486 0.184579
0.167459 0.159850 0.153654 0.147506 0.206192 0.165340
0.171386 0.182498 0.157132 0.129598 0.207035 0.152351
0.175149 0.177436 0.158778 0.148566 0.196382 0.143689
0.136901 0.164196 0.132888 0.169646 0.240506 0.155863
0.162335 0.187148 0.141582 0.163003 0.174608 0.171324
0.132060 0.149017 0.214607 0.145768 0.206652 0.151896
0.138599 0.165621 0.161725 0.209866 0.177650 0.146539
0.193396 0.166087 0.158104 0.147863 0.175119 0.159432
0.166019 0.155360 0.207155 0.167300 0.164673 0.139492
0.120828 0.137185 0.129549 0.130658 0.299415 0.182364
0.163701 0.156059 0.206627 0.149230 0.167042 0.157341
0.154383 0.145731 0.206368 0.157115 0.197512 0.138892
0.127656 0.159796 0.128310 0.212381 0.191025 0.180832
0.156815 0.144275 0.177572 0.161195 0.206368 0.153775
0.204576 0.154794 0.162110 0.157472 0.160078 0.160969
0.177061 0.157759 0.162505 0.168428 0.177004 0.157243
0.170788 0.147236 0.150449 0.144276 0.232092 0.155159
0.220482 0.169897 0.162422 0.174922 0.124568 0.147709
0.131236 0.188933 0.137411 0.137411 0.173914 0.231097
0.134389 0.165894 0.134389 0.130193 0.243533 0.191601
0.164373 0.173289 0.185481 0.172981 0.155266 0.148609
0.138280 0.190957 0.156867 0.161741 0.185456 0.166698
0.180191 0.179183 0.142119 0.155191 0.156576 0.186739
0.150022 0.155435 0.158699 0.157856 0.233011 0.144977
0.131504 0.215810 0.162663 0.149565 0.197990 0.142468
0.156152 0.177367 0.152706 0.154346 0.197366 0.162063
0.158881 0.160180 0.162531 0.159570 0.211901 0.146938
0.125832 0.151707 0.152312 0.141098 0.232004 0.197046
0.140365 0.128099 0.136409 0.140302 0.292518 0.162307
0.147661 0.131128 0.153136 0.170882 0.241389 0.155804
0.147708 0.166041 0.162974 0.156120 0.202698 0.164459
0.167330 0.154966 0.149530 0.152375 0.201531 0.174267
0.148376 0.161345 0.161644 0.173210 0.179624 0.175801
0.151786 0.159299 0.159299 0.151530 0.221641 0.156444
0.161837 0.164633 0.164643 0.164245 0.183879 0.160762
0.146016 0.170213 0.170213 0.163599 0.200799 0.149158
0.167952 0.176597 0.187210 0.188905 0.131352 0.147984
0.171834 0.169514 0.146526 0.146866 0.194251 0.171009
0.152531 0.154516 0.139895 0.182837 0.232484 0.137737
0.151037 0.190834 0.165992 0.189936 0.162133 0.140067
0.162884 0.163141 0.164902 0.147392 0.190020 0.171660
0.172602 0.139030 0.145043 0.125495 0.247797 0.170033
0.151745 0.172827 0.164054 0.157849 0.209411 0.144114
0.183464 0.185202 0.186945 0.162902 0.140062 0.141424
0.134095 0.147079 0.151000 0.123703 0.259478 0.184644
0.154245 0.167485 0.148801 0.158029 0.187336 0.184104
0.197525 0.130298 0.134165 0.140070 0.246993 0.150949
0.159386 0.157646 0.156089 0.170772 0.183459 0.172648
0.144757 0.147939 0.135724 0.125742 0.299312 0.146527
0.159809 0.164933 0.167674 0.191774 0.155935 0.159875
0.140924 0.153422 0.153964 0.149011 0.239854 0.162824
0.170928 0.170621 0.152256 0.156496 0.144825 0.204874
0.169712 0.224020 0.146247 0.172753 0.145755 0.141513
0.155303 0.163984 0.140087 0.143723 0.188650 0.208253
0.149684 0.163892 0.167321 0.142550 0.183585 0.192967
0.164205 0.135084 0.145840 0.176287 0.236094 0.142491
0.161505 0.166569 0.163401 0.173639 0.174054 0.160832
0.161551 0.158408 0.154252 0.160911 0.224556 0.140321
0.169017 0.154348 0.163805 0.174670 0.194649 0.143511
0.129319 0.183123 0.172263 0.165989 0.175114 0.174192
0.188224 0.145127 0.146951 0.136864 0.234055 0.148779
0.146631 0.145844 0.153087 0.156978 0.276736 0.120724
0.173211 0.154431 0.148051 0.192583 0.140637 0.191087
0.150386 0.154566 0.185072 0.126748 0.211989 0.171238
0.152977 0.162068 0.164725 0.174642 0.184499 0.161089
0.142111 0.165356 0.217256 0.148613 0.172547 0.154117
0.183771 0.179194 0.179274 0.168349 0.122718 0.166694
0.144162 0.150769 0.129943 0.147733 0.259946 0.167448
0.157198 0.173257 0.168168 0.166878 0.161754 0.172745
0.155221 0.206898 0.134516 0.158366 0.202308 0.142690
0.175124 0.168018 0.142474 0.164133 0.213508 0.136743
0.183252 0.165118 0.139903 0.156208 0.200020 0.155498
0.180453 0.162695 0.168876 0.154332 0.167968 0.165675
0.135508 0.134890 0.141132 0.142580 0.254034 0.191856
0.136233 0.162089 0.161536 0.199589 0.197287 0.143265
0.176831 0.169839 0.171761 0.179202 0.145631 0.156736
0.159227 0.143265 0.158937 0.156338 0.159205 0.223028
0.158205 0.158490 0.155462 0.137394 0.251717 0.138732
0.165157 0.170180 0.214884 0.146719 0.160295 0.142765
0.170478 0.160802 0.162463 0.210802 0.123600 0.171856
0.163150 0.159858 0.159150 0.160199 0.203486 0.154157
0.177653 0.160986 0.159892 0.155997 0.177573 0.167899
0.148925 0.165621 0.133761 0.175731 0.210180 0.165782
0.154857 0.158709 0.216326 0.157880 0.164300 0.147929
0.159073 0.184073 0.147961 0.142599 0.199979 0.166314
0.167660 0.160060 0.161137 0.153602 0.169257 0.188284
0.176206 0.157679 0.158330 0.159144 0.197445 0.151196
0.162170 0.147060 0.133996 0.150216 0.272590 0.133968
0.151311 0.142794 0.170389 0.165268 0.190878 0.179361
0.144985 0.181938 0.125954 0.151785 0.237469 0.157870
0.153019 0.149538 0.133749 0.149901 0.279601 0.134192
0.175185 0.167523 0.159025 0.166318 0.162620 0.169329
0.171667 0.173473 0.148380 0.143626 0.193822 0.169032
0.158011 0.183011 0.142347 0.142985 0.206264 0.167382
0.166609 0.162172 0.155370 0.161693 0.192484 0.161672
0.153629 0.163515 0.169696 0.140231 0.217177 0.155752
0.163619 0.159034 0.205458 0.139095 0.186832 0.145962
0.152638 0.155433 0.154536 0.155190 0.227288 0.154914
0.146337 0.171644 0.127717 0.195323 0.200433 0.158546
0.149302 0.146914 0.147728 0.195539 0.188596 0.171920
0.155636 0.164544 0.142207 0.155786 0.220243 0.161584
0.169673 0.161126 0.161375 0.152875 0.198813 0.156137
0.158276 0.172744 0.162350 0.144476 0.187604 0.174550
0.132227 0.154855 0.180174 0.155791 0.222098 0.154855
0.180241 0.182774 0.159837 0.180520 0.140660 0.155968
0.158682 0.166159 0.190805 0.174276 0.174158 0.135919
0.140063 0.150684 0.201195 0.178617 0.177480 0.151961
0.158312 0.153990 0.166064 0.164711 0.218316 0.138607
0.136514 0.146064 0.145971 0.147006 0.242524 0.181920
0.190432 0.151682 0.150392 0.150391 0.195414 0.161688
0.183318 0.168526 0.146773 0.157793 0.169109 0.174481
0.176027 0.194573 0.145504 0.146030 0.170784 0.167081
0.163575 0.163385 0.157502 0.159149 0.211659 0.144731
0.140599 0.145717 0.156328 0.167650 0.239377 0.150329
0.162938 0.156136 0.148225 0.162454 0.208313 0.161933
0.136295 0.137525 0.148241 0.193243 0.251934 0.132762
0.209558 0.153686 0.139924 0.163837 0.140526 0.192468
0.190498 0.143699 0.141968 0.127145 0.226189 0.170501
0.149669 0.161882 0.160768 0.148519 0.220344 0.158818
0.170472 0.171286 0.170478 0.157775 0.157436 0.172553
0.145859 0.151258 0.148202 0.125391 0.281920 0.147370
0.146740 0.162665 0.161966 0.169054 0.204358 0.155218
0.156931 0.154553 0.201335 0.166749 0.158758 0.161673
0.144689 0.211972 0.137810 0.154279 0.183677 0.167573
0.141739 0.186545 0.181424 0.146374 0.190746 0.153173
0.181765 0.163885 0.146484 0.182479 0.166505 0.158883
0.170028 0.176231 0.161879 0.171179 0.150389 0.170293
0.151418 0.137615 0.151013 0.143487 0.213610 0.202857
0.154188 0.145009 0.140702 0.196738 0.208075 0.155287
0.124746 0.159178 0.148200 0.142997 0.292304 0.132575
0.166345 0.183304 0.162764 0.158044 0.195430 0.134113
0.163835 0.150057 0.137168 0.190598 0.216618 0.141724
0.197734 0.155525 0.134259 0.163897 0.196813 0.151771
0.168159 0.169798 0.157001 0.165329 0.215221 0.124494
0.163349 0.160996 0.186008 0.151024 0.168838 0.169785
0.153863 0.144338 0.141388 0.147136 0.206384 0.206891
0.149116 0.148576 0.193587 0.144215 0.188958 0.175546
0.177607 0.151761 0.181412 0.150252 0.193805 0.145163
0.148267 0.132871 0.126731 0.194387 0.251978 0.145765
0.164424 0.153003 0.145287 0.154151 0.226651 0.156485
0.166838 0.157907 0.139104 0.157073 0.212631 0.166447
0.136890 0.144696 0.105636 0.132424 0.308776 0.171578
0.165279 0.159085 0.146841 0.200663 0.182251 0.145881
0.161638 0.158445 0.158535 0.163414 0.196857 0.161112
0.135333 0.127359 0.136838 0.138800 0.270101 0.191568
0.170714 0.165572 0.164642 0.161579 0.171321 0.166172
0.162932 0.163939 0.143913 0.143514 0.223899 0.161804
0.152999 0.174256 0.162178 0.167321 0.157319 0.185927
0.156723 0.172055 0.169336 0.157131 0.196434 0.148321
0.161535 0.189418 0.168763 0.147841 0.198290 0.134152
0.147170 0.184363 0.176730 0.164657 0.185231 0.141849
0.166846 0.167925 0.152263 0.161874 0.191849 0.159242
0.150214 0.145340 0.189937 0.151798 0.172520 0.190191
0.141170 0.127901 0.120613 0.140908 0.326151 0.143258
0.186959 0.169574 0.155224 0.161522 0.168704 0.158017
0.159885 0.162709 0.193759 0.171256 0.135569 0.176822
0.151370 0.168037 0.149243 0.142416 0.203582 0.185353
0.166559 0.166254 0.164048 0.163785 0.185644 0.153710
0.176140 0.176140 0.173084 0.151290 0.170708 0.152636
0.162848 0.162836 0.145456 0.126654 0.243932 0.158273
0.153795 0.153795 0.169052 0.183732 0.170263 0.169364
0.148103 0.131436 0.135294 0.154009 0.245942 0.185217
0.158904 0.155807 0.140744 0.212681 0.163103 0.168760
0.168363 0.168363 0.156979 0.171281 0.178935 0.156080
0.143840 0.148421 0.170431 0.116108 0.262844 0.158356
0.153838 0.170505 0.165218 0.127664 0.164774 0.218001
0.157482 0.157482 0.135828 0.172121 0.220273 0.156814
0.157290 0.156447 0.203226 0.150989 0.143505 0.188543
0.156804 0.143706 0.185655 0.133793 0.220668 0.159374
0.165554 0.167194 0.160888 0.168354 0.185337 0.152673
0.166490 0.163529 0.173531 0.201029 0.133109 0.162312
0.171140 0.159927 0.154787 0.160787 0.201428 0.151931
0.168042 0.171077 0.150500 0.167830 0.149796 0.192756
0.150484 0.150484 0.146062 0.180870 0.257303 0.114796
0.164460 0.159194 0.163939 0.155650 0.186615 0.170143
0.150675 0.151203 0.132175 0.176203 0.180705 0.209038
0.141810 0.149300 0.149093 0.139316 0.250326 0.170155
0.162640 0.156037 0.235945 0.118321 0.167073 0.159984
0.170995 0.174091 0.182553 0.160015 0.145688 0.166657
0.139795 0.148955 0.165628 0.158660 0.199066 0.187897
0.168831 0.165610 0.161159 0.153797 0.192729 0.157875
0.156932 0.156932 0.146569 0.155175 0.223533 0.160858
0.153791 0.184254 0.159254 0.181876 0.187056 0.133769
0.132865 0.149524 0.145664 0.132260 0.260957 0.178730
0.156209 0.157559 0.153362 0.176993 0.196878 0.158999
0.163487 0.166497 0.158871 0.166567 0.191125 0.153453
0.154688 0.163812 0.176885 0.155624 0.173382 0.175609
0.169895 0.164994 0.165838 0.150722 0.182714 0.165838
0.168822 0.159128 0.172226 0.164471 0.155727 0.179626
0.143187 0.169919 0.168279 0.217134 0.144080 0.157400
0.207711 0.149887 0.153547 0.168945 0.168895 0.151015
0.174178 0.151750 0.174765 0.204982 0.123301 0.171023
0.138339 0.168723 0.151806 0.174881 0.162309 0.203942
0.162931 0.161419 0.164684 0.164771 0.182050 0.164145
0.157228 0.152363 0.154305 0.145341 0.220627 0.170136
0.154683 0.171770 0.158575 0.152805 0.197607 0.164561
0.168351 0.166151 0.168717 0.152320 0.188493 0.155968
0.174814 0.155425 0.153832 0.149738 0.201145 0.165046
0.145369 0.145130 0.143465 0.151746 0.269147 0.145143
0.149927 0.149677 0.151328 0.151652 0.248936 0.148479
0.206769 0.161818 0.149703 0.141732 0.175670 0.164308
0.148547 0.168270 0.156507 0.205909 0.152804 0.167964
0.160762 0.184122 0.153656 0.183467 0.158871 0.159122
0.217440 0.182856 0.132411 0.120810 0.192498 0.153985
0.165943 0.184117 0.169187 0.154903 0.159480 0.166370
0.146905 0.177048 0.173589 0.158661 0.170208 0.173589
0.144988 0.150462 0.176204 0.126320 0.244939 0.157087
0.159127 0.178073 0.165516 0.175639 0.149113 0.172531
0.143474 0.159118 0.188653 0.214331 0.141868 0.152556
0.178093 0.151043 0.156455 0.155633 0.205611 0.153164
0.142745 0.138647 0.123066 0.140344 0.272437 0.182761
0.161830 0.188642 0.161047 0.155891 0.147247 0.185342
0.159775 0.159435 0.145334 0.133533 0.250091 0.151832
0.148365 0.146938 0.135585 0.152709 0.267591 0.148812
0.115450 0.145522 0.173907 0.172838 0.234555 0.157728
0.157709 0.152569 0.150403 0.180678 0.223336 0.135305
0.177933 0.169308 0.151528 0.177887 0.174905 0.148440
0.145052 0.153703 0.152589 0.174644 0.183040 0.190972
0.143080 0.149600 0.135606 0.134034 0.253376 0.184305
0.195434 0.144825 0.156791 0.148419 0.203355 0.151176
0.149792 0.172540 0.161167 0.157285 0.138878 0.220339
0.133627 0.168320 0.198345 0.138518 0.186355 0.174836
0.218691 0.169870 0.145361 0.154327 0.169678 0.142073
0.146594 0.147774 0.169128 0.168821 0.206779 0.160903
0.157405 0.159198 0.163095 0.166967 0.197810 0.155525
0.180100 0.159541 0.132811 0.159466 0.242585 0.125497
0.189005 0.140801 0.128114 0.157280 0.193037 0.191762
0.141750 0.116852 0.169613 0.140446 0.273769 0.157570
0.139095 0.114804 0.169011 0.143593 0.301186 0.132311
0.129285 0.171345 0.145653 0.154501 0.203099 0.196118
0.118670 0.176857 0.160739 0.143879 0.246733 0.153123
0.158443 0.177033 0.172824 0.158767 0.181055 0.151877
0.165679 0.157576 0.142370 0.159385 0.205727 0.169264
0.158771 0.172660 0.168750 0.160930 0.181817 0.157072
0.165723 0.175029 0.173989 0.171779 0.163007 0.150473
0.186943 0.183981 0.145584 0.147138 0.138590 0.197763
0.157771 0.174484 0.193216 0.165720 0.125959 0.182850
0.149069 0.158094 0.162968 0.124563 0.263376 0.141930
0.170795 0.175591 0.168271 0.170270 0.138150 0.176923
0.146220 0.158615 0.171394 0.157722 0.200915 0.165133
0.163950 0.168273 0.169393 0.145184 0.194792 0.158409
0.144957 0.148387 0.138805 0.179116 0.186816 0.201920
0.154074 0.161804 0.162984 0.148139 0.206814 0.166186
0.179672 0.188990 0.152096 0.158344 0.167005 0.153892
0.204452 0.174238 0.127775 0.159683 0.201171 0.132681
0.154580 0.161758 0.179110 0.157943 0.187084 0.159524
0.162345 0.145619 0.164299 0.160627 0.201682 0.165429
0.141243 0.148110 0.143135 0.200581 0.184849 0.182081
0.197830 0.163522 0.164776 0.129296 0.156691 0.187885
0.156687 0.181174 0.168888 0.130721 0.225001 0.137528
0.156378 0.139000 0.133912 0.151831 0.227918 0.190961
0.170216 0.159308 0.171341 0.175706 0.154967 0.168462
0.160367 0.171774 0.154236 0.144743 0.207784 0.161096
0.148170 0.174473 0.192126 0.152975 0.171458 0.160799
0.154950 0.154632 0.193438 0.138903 0.171532 0.186545
0.174386 0.160224 0.174398 0.131792 0.176145 0.183055
0.179142 0.145685 0.155161 0.165507 0.174153 0.180353
0.159158 0.137022 0.159196 0.175357 0.195450 0.173817
0.147420 0.152504 0.153584 0.129761 0.237249 0.179482
0.136854 0.156604 0.147170 0.144875 0.201256 0.213241
0.175755 0.172161 0.171448 0.153652 0.166479 0.160503
0.164149 0.164454 0.130786 0.135293 0.210523 0.194796
0.150241 0.151070 0.163560 0.171111 0.210308 0.153711
0.144571 0.154962 0.152224 0.157763 0.262310 0.128171
0.189892 0.188197 0.166076 0.185319 0.125422 0.145094
0.159365 0.178826 0.160134 0.174630 0.190502 0.136543
0.135752 0.148008 0.144911 0.155115 0.293735 0.122480
0.144891 0.142348 0.143035 0.119479 0.260047 0.190199
0.124237 0.129656 0.134750 0.154662 0.278211 0.178484
0.170618 0.157295 0.158190 0.150138 0.213439 0.150319
0.141041 0.143925 0.168925 0.126436 0.204123 0.215549
0.155268 0.168000 0.190040 0.169806 0.137541 0.179345
0.146014 0.147700 0.143420 0.148409 0.285716 0.128741
0.155952 0.155650 0.173430 0.161478 0.140016 0.213474
0.160530 0.164837 0.150164 0.137420 0.246902 0.140147
0.161590 0.162736 0.151356 0.163268 0.222927 0.138123
0.136357 0.151992 0.166298 0.152835 0.182850 0.209668
0.192870 0.151230 0.120162 0.154013 0.236112 0.145613
0.159062 0.157531 0.147818 0.157207 0.252304 0.126078
0.143727 0.155770 0.155058 0.149766 0.206546 0.189132
0.137754 0.149526 0.162391 0.173164 0.232780 0.144385
0.139149 0.148515 0.164661 0.168772 0.233011 0.145892
0.185243 0.156633 0.143660 0.148694 0.167061 0.198708
0.153293 0.168216 0.153846 0.157427 0.203178 0.164040
0.176155 0.176844 0.177924 0.147884 0.180596 0.140596
0.151715 0.175789 0.167298 0.144651 0.211462 0.149085
0.124692 0.145678 0.136734 0.168895 0.260172 0.163830
0.175624 0.173536 0.159957 0.162292 0.175254 0.153336
0.136903 0.157436 0.168463 0.163617 0.213112 0.160468
0.144277 0.152184 0.211597 0.164724 0.197822 0.129396
0.151622 0.132942 0.154205 0.167298 0.214647 0.179287
0.118848 0.151434 0.199074 0.136142 0.187100 0.207403
0.174239 0.173935 0.161176 0.160409 0.164138 0.166103
0.143393 0.150550 0.194894 0.132646 0.228807 0.149710
0.176681 0.154309 0.154415 0.138981 0.218419 0.157195
0.159474 0.140999 0.145809 0.169223 0.221136 0.163359
0.161786 0.154256 0.161503 0.153336 0.221504 0.147615
0.193779 0.161827 0.154946 0.163275 0.164448 0.161725
0.146097 0.128633 0.158204 0.209334 0.206830 0.150902
0.129941 0.155919 0.159210 0.169008 0.210182 0.175740
0.132114 0.166182 0.170604 0.168618 0.169723 0.192759
0.189725 0.179930 0.169349 0.164272 0.124574 0.172149
0.187853 0.169889 0.154276 0.157059 0.171525 0.159398
0.187925 0.186407 0.165266 0.181552 0.119509 0.159341
0.171538 0.157312 0.163052 0.175297 0.170747 0.162055
0.170205 0.140245 0.149360 0.122888 0.247883 0.169419
0.156136 0.175195 0.166078 0.168813 0.163234 0.170544
0.171400 0.159314 0.152367 0.218368 0.147674 0.150877
0.143557 0.164390 0.133652 0.134385 0.268787 0.155230
0.153209 0.186852 0.158577 0.165519 0.173990 0.161852
0.181857 0.163054 0.141505 0.149743 0.209304 0.154537
0.189232 0.177597 0.146200 0.133354 0.176546 0.177071
0.154699 0.168868 0.145212 0.151391 0.233760 0.146070
0.166104 0.151551 0.211409 0.168456 0.131350 0.171129
0.126278 0.160252 0.151402 0.140865 0.245979 0.175224
0.159747 0.163877 0.170921 0.170859 0.163728 0.170868
0.157986 0.141945 0.151179 0.185780 0.199498 0.163612
0.142811 0.172698 0.175944 0.156113 0.182969 0.169466
0.159648 0.166490 0.171218 0.166795 0.169359 0.166490
0.161538 0.155078 0.169210 0.163979 0.207020 0.143176
0.167807 0.175054 0.178421 0.178069 0.138394 0.162256
0.136991 0.143029 0.206657 0.196450 0.150003 0.166870
0.193173 0.161538 0.137667 0.173017 0.194892 0.139713
0.162539 0.165635 0.142170 0.152579 0.231252 0.145824
0.149882 0.151758 0.171185 0.163125 0.182902 0.181149
0.161476 0.156367 0.191245 0.160311 0.179704 0.150897
0.171375 0.193547 0.157048 0.168831 0.153690 0.155509
0.144155 0.198624 0.144654 0.153932 0.194084 0.164550
0.193369 0.142941 0.138489 0.140020 0.197729 0.187451
0.163107 0.158613 0.146967 0.151219 0.234684 0.145410
0.157826 0.150837 0.152551 0.162885 0.205417 0.170484
0.164873 0.148951 0.177926 0.154902 0.185049 0.168298
0.197980 0.158652 0.142246 0.128127 0.219359 0.153636
0.161196 0.157014 0.219201 0.138256 0.156456 0.167877
0.174567 0.174579 0.161594 0.175317 0.142544 0.171399
0.185533 0.189973 0.161809 0.153705 0.121732 0.187248
0.133405 0.193768 0.126547 0.133469 0.244042 0.168768
0.168421 0.171113 0.150280 0.160358 0.162429 0.187398
0.170314 0.157216 0.220658 0.118119 0.176445 0.157248
0.165031 0.162799 0.181397 0.167035 0.158701 0.165037
0.178371 0.165411 0.151879 0.174015 0.173492 0.156831
0.195101 0.183887 0.147523 0.157202 0.147357 0.168930
0.153566 0.156601 0.161062 0.141436 0.208770 0.178566
0.154332 0.154332 0.146589 0.192245 0.215325 0.137176
0.176546 0.171281 0.169199 0.187879 0.150479 0.144617
0.158031 0.158428 0.147336 0.144634 0.191399 0.200172
0.146440 0.156759 0.164132 0.157729 0.217878 0.157063
0.152755 0.163133 0.167253 0.182683 0.176320 0.157857
0.167374 0.169056 0.215541 0.142924 0.135244 0.169862
0.151003 0.166387 0.149890 0.182041 0.187182 0.163497
0.151016 0.165056 0.159349 0.113602 0.250238 0.160739
0.164815 0.161611 0.178663 0.147672 0.169297 0.177942
0.165054 0.182268 0.151808 0.162389 0.171251 0.167230
0.166745 0.177504 0.151092 0.190709 0.141680 0.172269
0.148641 0.148904 0.138961 0.150158 0.211705 0.201630
0.156899 0.154850 0.159723 0.151651 0.204654 0.172223
0.168904 0.174828 0.179668 0.139086 0.152244 0.185271
0.157234 0.156929 0.144113 0.172519 0.212276 0.156929
0.167063 0.162338 0.160747 0.149851 0.210324 0.149678
0.179094 0.178768 0.146617 0.203809 0.138202 0.153510
0.181691 0.154018 0.169496 0.154298 0.158805 0.181691
0.184420 0.151952 0.170390 0.146271 0.189112 0.157855
0.180649 0.177859 0.177564 0.164622 0.137207 0.162099
0.163501 0.167697 0.158098 0.148064 0.193385 0.169254
0.148495 0.165587 0.158739 0.169482 0.192122 0.165575
0.157865 0.174531 0.166376 0.137867 0.193543 0.169818
0.160727 0.185727 0.146233 0.176927 0.170181 0.160205
0.152506 0.155808 0.124412 0.148346 0.269096 0.149833
0.171231 0.171231 0.135945 0.137473 0.225390 0.158731
0.154856 0.150660 0.155746 0.149018 0.222364 0.167356
0.149823 0.137323 0.123267 0.179228 0.235538 0.174823
0.162216 0.162216 0.176035 0.141805 0.198232 0.159497
0.151586 0.151586 0.152257 0.203328 0.195111 0.146132
0.171082 0.171082 0.143780 0.159196 0.192221 0.162639
0.166408 0.167107 0.150129 0.150006 0.209242 0.157107
0.157856 0.170356 0.155130 0.162604 0.148411 0.205643
0.149810 0.160928 0.149167 0.183214 0.225754 0.131126
0.134236 0.149462 0.143857 0.200725 0.204849 0.166871
0.170348 0.157848 0.193110 0.162640 0.134183 0.181870
0.143726 0.143815 0.188043 0.185231 0.178014 0.161172
0.186632 0.192086 0.155713 0.152351 0.154285 0.158932
0.182151 0.185308 0.194619 0.147271 0.129295 0.161356
0.159820 0.160134 0.162820 0.197681 0.153755 0.165789
0.177887 0.185273 0.164565 0.174376 0.137581 0.160318
0.157594 0.170615 0.203566 0.150541 0.120201 0.197483
0.166647 0.169014 0.118631 0.187396 0.182172 0.176139
0.170792 0.170792 0.142410 0.155602 0.159017 0.201388
0.164359 0.139347 0.152156 0.166647 0.198344 0.179147
0.168984 0.169683 0.138311 0.172617 0.184042 0.166363
0.181916 0.169409 0.138137 0.169376 0.193436 0.147727
0.171239 0.166556 0.160554 0.167478 0.176528 0.157643
0.154160 0.156886 0.165754 0.142282 0.202271 0.178646
0.152070 0.168067 0.185636 0.157572 0.188926 0.147728
0.151249 0.148612 0.160333 0.165011 0.218903 0.155892
0.150550 0.156128 0.174211 0.159451 0.204041 0.155620
0.144003 0.175157 0.180180 0.174004 0.175048 0.151606
0.128567 0.133048 0.173899 0.153245 0.266503 0.144739
0.168819 0.157462 0.153113 0.149761 0.200180 0.170665
0.163970 0.180052 0.159691 0.169703 0.157277 0.169308
0.153210 0.166811 0.191629 0.130971 0.216985 0.140393
0.153033 0.150527 0.148491 0.145216 0.233716 0.169017
0.185995 0.198536 0.165130 0.142245 0.153426 0.154669
0.179270 0.183092 0.186095 0.149802 0.144945 0.156796
0.177489 0.153411 0.108475 0.172418 0.240503 0.147704
0.165147 0.177170 0.146156 0.179172 0.192190 0.140165
0.136789 0.151377 0.192075 0.203603 0.155340 0.160817
0.149306 0.149649 0.142382 0.204329 0.151969 0.202366
0.155210 0.175097 0.135502 0.138458 0.232790 0.162942
0.172127 0.191791 0.170777 0.167727 0.136789 0.160788
0.150969 0.169168 0.155796 0.151988 0.207284 0.164795
0.180114 0.185165 0.158575 0.164037 0.129280 0.182829
0.174912 0.164888 0.168197 0.180036 0.151886 0.160080
0.157450 0.172032 0.167415 0.188699 0.146324 0.168080
0.166600 0.160125 0.128175 0.180412 0.187203 0.177486
0.137996 0.151991 0.212961 0.155684 0.194588 0.146779
0.181259 0.151406 0.180289 0.160404 0.118190 0.208452
0.162960 0.157203 0.139130 0.128746 0.229576 0.182384
0.162165 0.172166 0.165721 0.164394 0.160656 0.174899
0.171792 0.167950 0.125781 0.152655 0.231080 0.150743
0.179320 0.199358 0.141422 0.157993 0.167788 0.154119
0.169287 0.169603 0.176796 0.168668 0.165382 0.150264
0.146433 0.144534 0.123010 0.171187 0.248521 0.166314
0.173972 0.190324 0.145317 0.165533 0.152528 0.172326
0.210705 0.161923 0.162330 0.152665 0.191562 0.120814
0.160922 0.155911 0.169996 0.187312 0.155056 0.170804
0.160651 0.150567 0.201682 0.134902 0.175327 0.176871
0.165064 0.171200 0.175938 0.164286 0.166970 0.156544
0.154463 0.195376 0.152884 0.146972 0.209309 0.140997
0.155256 0.171355 0.133708 0.153012 0.234783 0.151886
0.155075 0.183904 0.178339 0.175407 0.136065 0.171211
0.134842 0.144442 0.120068 0.187282 0.268297 0.145069
0.162314 0.183410 0.144319 0.183241 0.148177 0.178538
0.157049 0.162083 0.151788 0.168263 0.195220 0.165597
0.162445 0.144178 0.137511 0.171117 0.209192 0.175557
0.154237 0.156439 0.134980 0.143874 0.231234 0.179237
0.151505 0.157583 0.205669 0.156776 0.184190 0.144276
0.166496 0.170064 0.208145 0.161755 0.142157 0.151383
0.173724 0.176624 0.135152 0.151614 0.177970 0.184917
0.173561 0.168658 0.168713 0.178469 0.170303 0.140295
0.150962 0.201360 0.130420 0.151360 0.179454 0.186445
0.151099 0.167775 0.139188 0.158726 0.175407 0.207804
0.164960 0.163568 0.163573 0.150495 0.218437 0.138968
0.177128 0.175413 0.176347 0.179010 0.132175 0.159927
0.180859 0.157996 0.166930 0.154418 0.170059 0.169737
0.166514 0.160018 0.202726 0.147861 0.170360 0.152522
0.161464 0.168347 0.215155 0.148473 0.149527 0.157034
0.140531 0.187898 0.144996 0.147705 0.197748 0.181121
0.160142 0.171834 0.145443 0.160929 0.192550 0.169102
0.140601 0.146069 0.147370 0.136604 0.259430 0.169926
0.127011 0.165337 0.154754 0.162708 0.217669 0.172521
0.166801 0.179929 0.171636 0.174362 0.144003 0.163269
0.176100 0.158734 0.139546 0.151529 0.197987 0.176106
0.166874 0.162010 0.156849 0.166398 0.176242 0.171626
0.159405 0.167208 0.161220 0.158546 0.198356 0.155264
0.192021 0.165516 0.163830 0.156043 0.173201 0.149389
0.167050 0.155718 0.167914 0.168534 0.187008 0.153777
0.142022 0.149560 0.143571 0.146934 0.240997 0.176916
0.152789 0.157512 0.160012 0.182523 0.203128 0.144037
0.142220 0.152820 0.188121 0.185694 0.181353 0.149792
0.166046 0.165732 0.167321 0.181576 0.151671 0.167653
0.223850 0.154510 0.142322 0.146614 0.171354 0.161350
0.190849 0.173337 0.171504 0.167690 0.126761 0.169859
0.153730 0.143650 0.165650 0.121159 0.237597 0.178214
0.175119 0.181255 0.178554 0.160537 0.130238 0.174296
0.164229 0.171809 0.173437 0.176980 0.144407 0.169138
0.163599 0.154440 0.143767 0.145788 0.177250 0.215156
0.164039 0.192270 0.143178 0.160600 0.175875 0.164039
0.140719 0.148600 0.142647 0.139366 0.292656 0.136012
0.167469 0.179372 0.172923 0.157691 0.155597 0.166948
0.153271 0.147932 0.156318 0.151301 0.240579 0.150598
0.159903 0.131574 0.159903 0.147108 0.241609 0.159903
0.141848 0.139019 0.186582 0.138234 0.227469 0.166848
0.171638 0.168981 0.174163 0.167678 0.149773 0.167767
0.165962 0.154749 0.146406 0.160193 0.216721 0.155969
0.147704 0.150749 0.140269 0.200477 0.213099 0.147704
0.162976 0.162976 0.150393 0.164575 0.196105 0.162976
0.164823 0.210387 0.148986 0.139524 0.170629 0.165652
0.158509 0.172769 0.154736 0.154160 0.207605 0.152221
0.171257 0.167371 0.157163 0.157008 0.194235 0.152966
0.142772 0.149562 0.202863 0.173799 0.159594 0.171410
0.143354 0.154167 0.151715 0.168074 0.221421 0.161269
0.163016 0.177538 0.171364 0.174714 0.157485 0.155882
0.151045 0.179613 0.156908 0.158073 0.186051 0.168311
0.156770 0.170111 0.121130 0.157343 0.224534 0.170111
0.154449 0.197421 0.151745 0.196722 0.153215 0.146448
0.149064 0.173691 0.173509 0.136202 0.211525 0.156008
0.155864 0.185001 0.175081 0.168636 0.152393 0.163024
0.142868 0.130240 0.143211 0.160149 0.277294 0.146239
0.141660 0.163845 0.182516 0.138096 0.187487 0.186396
0.135417 0.157168 0.154897 0.143144 0.258248 0.151126
0.154409 0.162485 0.152326 0.158303 0.217018 0.155459
0.192177 0.158726 0.136841 0.122120 0.231915 0.158221
0.165951 0.174805 0.171435 0.158742 0.147067 0.182001
0.184804 0.156686 0.153304 0.156144 0.192880 0.156181
0.172140 0.163309 0.171348 0.143029 0.177719 0.172454
0.148214 0.167560 0.168197 0.162839 0.203004 0.150186
0.173958 0.168582 0.152632 0.177800 0.169687 0.157342
0.107720 0.157763 0.136235 0.142602 0.247916 0.207763
0.136023 0.174611 0.164042 0.162423 0.191079 0.171822
0.155735 0.168907 0.193907 0.193384 0.128571 0.159497
0.153739 0.176109 0.174206 0.169043 0.174494 0.152409
0.129114 0.151032 0.144487 0.152739 0.287375 0.135253
0.159724 0.178382 0.143282 0.196391 0.132971 0.189250
0.171385 0.179034 0.151563 0.179446 0.164895 0.153677
0.155287 0.157469 0.154979 0.135922 0.247177 0.149167
0.136463 0.148150 0.138990 0.145649 0.283609 0.147140
0.181319 0.157169 0.160412 0.132913 0.203289 0.164898
0.156444 0.153592 0.170258 0.148299 0.231069 0.140338
0.168645 0.149267 0.174268 0.162865 0.146178 0.198778
0.132443 0.173682 0.151479 0.144213 0.235022 0.163161
0.158332 0.164830 0.148392 0.163329 0.222396 0.142720
0.152284 0.156429 0.139271 0.161962 0.223246 0.166808
0.179500 0.169874 0.151704 0.153445 0.162505 0.182972
0.202054 0.155061 0.127101 0.111452 0.283446 0.120886
0.194619 0.170358 0.158145 0.203887 0.140540 0.132451
0.160621 0.160708 0.142207 0.179968 0.181106 0.175390
0.141896 0.163564 0.209478 0.160014 0.174220 0.150827
0.140487 0.176559 0.160696 0.141679 0.204519 0.176060
0.130604 0.176486 0.166796 0.173461 0.192327 0.160326
0.176370 0.169068 0.142212 0.172827 0.190424 0.149098
0.144254 0.148834 0.157944 0.146644 0.242766 0.159558
0.150837 0.139219 0.162234 0.139977 0.264754 0.142979
0.166465 0.153546 0.160685 0.149503 0.225066 0.144734
0.213857 0.173474 0.154205 0.157608 0.131268 0.169588
0.164757 0.147414 0.149045 0.166824 0.203448 0.168512
0.159051 0.152218 0.155482 0.169292 0.170165 0.193791
0.160602 0.181199 0.183261 0.164782 0.172758 0.137397
0.149238 0.158583 0.170964 0.154729 0.207995 0.158492
0.166631 0.158549 0.146987 0.176325 0.145644 0.205864
0.166896 0.157966 0.164472 0.163340 0.185022 0.162303
0.148583 0.133574 0.134653 0.193672 0.215541 0.173978
0.143878 0.176932 0.148004 0.142369 0.241898 0.146920
0.165738 0.172007 0.155075 0.150034 0.200845 0.156301
0.158597 0.183647 0.147877 0.157016 0.191831 0.161032
0.152327 0.146112 0.125110 0.146045 0.263019 0.167388
0.170157 0.167438 0.157573 0.191453 0.179008 0.134371
0.113213 0.200180 0.165094 0.155282 0.218757 0.147474
0.137754 0.170426 0.150741 0.168545 0.222598 0.149937
0.188646 0.155707 0.160790 0.166293 0.159346 0.169218
0.118006 0.127773 0.165733 0.128705 0.280421 0.179362
0.157291 0.165368 0.215744 0.160036 0.171477 0.130085
0.193629 0.160421 0.149431 0.153041 0.178632 0.164846
0.193171 0.161050 0.152871 0.167941 0.159086 0.165882
0.166329 0.175229 0.152627 0.176601 0.180025 0.149188
0.213772 0.162451 0.143583 0.153734 0.190766 0.135695
0.149190 0.169006 0.157339 0.193849 0.148808 0.181808
0.151060 0.216593 0.156910 0.173558 0.149595 0.152284
0.189715 0.167009 0.184044 0.157616 0.145803 0.155814
0.172130 0.154807 0.180008 0.145532 0.181859 0.165664
0.179172 0.173659 0.168306 0.164601 0.149358 0.164904
0.153237 0.147896 0.171467 0.155721 0.159793 0.211886
0.152289 0.183098 0.187387 0.189764 0.120181 0.167282
0.167193 0.159011 0.138836 0.163900 0.215085 0.155975
0.170070 0.161051 0.147390 0.177724 0.171217 0.172548
0.156921 0.167923 0.156117 0.167935 0.184108 0.166995
0.146770 0.165347 0.155347 0.165347 0.206412 0.160776
0.148310 0.163478 0.158324 0.213478 0.167088 0.149321
0.147130 0.167307 0.154507 0.170841 0.210494 0.149721
0.153600 0.167830 0.161911 0.163249 0.206343 0.147067
0.149868 0.165408 0.124880 0.144870 0.262394 0.152580
0.162260 0.171148 0.196682 0.161977 0.156441 0.151493
0.213681 0.133169 0.175549 0.144377 0.151892 0.181333
0.152951 0.144392 0.149417 0.152367 0.240932 0.159942
0.180594 0.183655 0.154514 0.168088 0.132518 0.180631
0.158510 0.136101 0.190891 0.149400 0.172484 0.192615
0.146811 0.165508 0.170061 0.168552 0.179220 0.169848
0.167556 0.179833 0.142169 0.159935 0.180459 0.170048
0.172325 0.153507 0.156142 0.160067 0.196095 0.161863
0.164183 0.183216 0.175027 0.170783 0.128844 0.177948
0.152845 0.165124 0.162120 0.153073 0.219547 0.147292
0.215238 0.155035 0.164970 0.147634 0.145354 0.171769
0.172324 0.155987 0.183969 0.139507 0.191080 0.157133
0.176239 0.168513 0.151890 0.141085 0.175978 0.186295
0.155509 0.167755 0.156128 0.146970 0.201989 0.171648
0.130423 0.165159 0.146613 0.163912 0.225685 0.168208
0.145167 0.210457 0.131788 0.134904 0.196894 0.180791
0.139008 0.227868 0.149134 0.136850 0.176171 0.170969
0.151989 0.184882 0.174229 0.169027 0.156549 0.163326
0.174371 0.170267 0.161200 0.169300 0.185723 0.139140
0.139062 0.143395 0.158007 0.150249 0.241865 0.167422
0.154303 0.175739 0.162813 0.158568 0.186934 0.161643
0.179074 0.148997 0.129693 0.129662 0.245024 0.167549
0.160107 0.135962 0.133068 0.134452 0.259215 0.177196
0.158978 0.179515 0.158211 0.212392 0.132069 0.158835
0.174619 0.176532 0.181395 0.184337 0.127705 0.155412
0.149335 0.171653 0.158913 0.152208 0.170202 0.197689
0.158814 0.191110 0.192449 0.142554 0.146575 0.168498
0.200230 0.174171 0.156152 0.177552 0.131757 0.160139
0.170279 0.172043 0.160620 0.144306 0.157346 0.195406
0.146442 0.169420 0.172061 0.151610 0.187668 0.172800
0.181300 0.153972 0.162522 0.154970 0.145571 0.201666
0.152105 0.170005 0.166831 0.169203 0.164039 0.177817
0.157454 0.182421 0.160858 0.153403 0.179207 0.166657
0.154072 0.175098 0.169941 0.185271 0.115513 0.200105
0.141883 0.176503 0.166835 0.169062 0.147174 0.198543
0.170796 0.176098 0.160315 0.127041 0.198837 0.166913
0.147686 0.176685 0.166917 0.193046 0.166336 0.149331
0.153546 0.153094 0.178431 0.192680 0.198949 0.123300
0.176710 0.169599 0.164709 0.156627 0.170096 0.162258
0.161664 0.172958 0.164634 0.153460 0.140287 0.206997
0.184468 0.157718 0.171340 0.159641 0.179089 0.147744
0.175102 0.156937 0.192243 0.165361 0.160347 0.150010
0.153859 0.164523 0.147491 0.183720 0.194243 0.156163
0.147763 0.172158 0.143873 0.144971 0.196617 0.194618
0.181929 0.160676 0.153774 0.130342 0.208087 0.165191
0.162240 0.176965 0.128659 0.152414 0.226732 0.152990
0.172581 0.172275 0.156975 0.138023 0.199425 0.160721
0.148535 0.132713 0.134532 0.156411 0.224234 0.203575
0.162302 0.187574 0.146234 0.145879 0.170446 0.187564
0.163305 0.158986 0.142732 0.179719 0.220190 0.135068
0.194649 0.160110 0.213960 0.144049 0.128488 0.158743
0.156777 0.164996 0.162624 0.127531 0.239365 0.148708
0.163020 0.159984 0.161882 0.185800 0.130215 0.199099
0.150289 0.154497 0.173601 0.167988 0.201086 0.152539
0.155093 0.177732 0.144956 0.220779 0.136296 0.165145
0.153951 0.192325 0.151635 0.192820 0.162855 0.146414
0.153165 0.160065 0.149919 0.151744 0.215383 0.169724
0.150490 0.172064 0.144023 0.141282 0.228167 0.163974
0.172567 0.166725 0.152996 0.146807 0.190478 0.170427
0.155063 0.145446 0.201006 0.145480 0.185479 0.167527
0.156225 0.172881 0.147211 0.150065 0.225737 0.147881
0.151421 0.165583 0.135201 0.153636 0.239466 0.154692
0.170072 0.161738 0.157532 0.177273 0.148314 0.185072
0.164706 0.149384 0.124537 0.150682 0.261871 0.148821
0.163516 0.167424 0.149645 0.161133 0.158642 0.199641
0.150505 0.180991 0.178881 0.151612 0.163144 0.174867
0.139008 0.165893 0.158433 0.129025 0.233070 0.174571
0.174189 0.176767 0.154165 0.139941 0.199337 0.155599
0.153995 0.175865 0.229049 0.143547 0.129368 0.168176
0.162349 0.160360 0.206220 0.147525 0.167158 0.156388
0.157668 0.160492 0.161299 0.150502 0.215390 0.154648
0.164919 0.153456 0.165682 0.167714 0.173460 0.174769
0.161496 0.142049 0.160790 0.169829 0.201916 0.163919
0.154773 0.158316 0.149272 0.179325 0.149676 0.208638
0.136279 0.182519 0.155763 0.139261 0.200829 0.185350
0.145891 0.160943 0.156690 0.138480 0.220379 0.177617
0.168962 0.172021 0.145584 0.141693 0.200023 0.171717
0.166063 0.190342 0.167472 0.153162 0.131911 0.191051
0.182867 0.163816 0.180270 0.165371 0.131646 0.176030
0.179454 0.169402 0.158057 0.175701 0.164273 0.153113
0.154593 0.231088 0.164280 0.180072 0.123200 0.146767
0.157087 0.189318 0.152569 0.186205 0.171934 0.142887
0.163467 0.166131 0.166325 0.162932 0.167519 0.173626
0.132347 0.187273 0.163282 0.145578 0.182925 0.188594
0.133147 0.132964 0.144493 0.120590 0.322077 0.146728
0.175391 0.173651 0.148724 0.131144 0.212365 0.158724
0.161447 0.187918 0.149396 0.172345 0.179817 0.149076
0.153004 0.168221 0.169983 0.172859 0.165950 0.169983
0.157639 0.136020 0.157306 0.128130 0.276112 0.144794
0.156435 0.169763 0.160314 0.166312 0.189779 0.157397
0.146991 0.178670 0.198192 0.180180 0.147776 0.148192
0.163379 0.181956 0.166913 0.181380 0.137950 0.168421
0.158369 0.187524 0.153153 0.146627 0.188673 0.165653
0.152741 0.164699 0.148343 0.213202 0.181301 0.139715
0.202546 0.160053 0.139721 0.146117 0.176842 0.174721
0.176661 0.170073 0.173126 0.161221 0.158518 0.160400
0.164721 0.148744 0.182077 0.164201 0.173635 0.166623
0.145944 0.153953 0.160645 0.143602 0.183654 0.212202
0.164583 0.189682 0.166882 0.179316 0.135241 0.164297
0.164043 0.217090 0.148266 0.192619 0.139347 0.138635
0.159676 0.162092 0.189137 0.173040 0.138331 0.177723
0.170549 0.166820 0.174741 0.159956 0.166246 0.161689
0.142956 0.149430 0.146103 0.135831 0.233882 0.191796
0.143165 0.137633 0.143729 0.130385 0.279670 0.165418
0.162621 0.178698 0.170424 0.156084 0.185491 0.146683
0.141256 0.163582 0.149346 0.169093 0.241463 0.135259
0.122558 0.147439 0.122510 0.185290 0.220526 0.201677
0.148008 0.165652 0.166684 0.155642 0.205651 0.158363
0.173335 0.171431 0.155006 0.160565 0.171030 0.168632
0.146846 0.169189 0.138863 0.155640 0.226868 0.162593
0.162376 0.171404 0.159136 0.150759 0.189419 0.166905
0.199363 0.174722 0.143242 0.129736 0.166859 0.186079
0.225229 0.172108 0.144734 0.162985 0.122846 0.172098
0.172344 0.185994 0.166896 0.171197 0.121440 0.182129
0.139612 0.221563 0.150837 0.138279 0.188145 0.161563
0.163490 0.207377 0.156012 0.172349 0.110078 0.190694
0.170454 0.157126 0.138490 0.177692 0.226193 0.130045
0.167473 0.179798 0.145040 0.147917 0.177199 0.182572
0.156800 0.139081 0.137163 0.153026 0.221652 0.192277
0.153753 0.165263 0.144919 0.163603 0.225602 0.146861
0.135246 0.156759 0.173662 0.122485 0.258449 0.153398
0.175596 0.171573 0.176619 0.150930 0.152102 0.173180
0.140688 0.148458 0.182221 0.147735 0.237153 0.143744
0.159846 0.164402 0.188615 0.176294 0.151270 0.159573
0.154518 0.156242 0.175496 0.135107 0.225585 0.153053
0.166302 0.147977 0.169496 0.160957 0.209829 0.145439
0.180017 0.178234 0.167100 0.127797 0.160284 0.186568
0.165736 0.168457 0.187823 0.141900 0.134294 0.201791
0.176157 0.155822 0.163975 0.171458 0.160092 0.172496
0.184484 0.172496 0.148242 0.136420 0.201238 0.157120
0.192381 0.185698 0.165459 0.164164 0.125222 0.167076
0.147238 0.152101 0.143248 0.166752 0.212050 0.178611
0.147071 0.181684 0.165017 0.131976 0.195294 0.178958
0.209327 0.171571 0.167196 0.144609 0.149751 0.157546
0.145733 0.147845 0.157690 0.207415 0.215100 0.126217
0.152532 0.170894 0.166374 0.180429 0.190064 0.139707
0.182920 0.151232 0.170694 0.156800 0.172373 0.165980
0.155580 0.143001 0.168827 0.187515 0.196321 0.148756
0.145252 0.170582 0.138276 0.155259 0.244485 0.146147
0.161073 0.142099 0.184570 0.132887 0.200756 0.178616
0.168472 0.141651 0.165512 0.187746 0.168897 0.167723
0.165725 0.159554 0.165940 0.158926 0.200110 0.149746
0.190545 0.179761 0.192877 0.154473 0.119153 0.163191
0.149618 0.142967 0.152442 0.172334 0.226323 0.156316
0.162811 0.152587 0.152965 0.179457 0.177468 0.174712
0.180720 0.159705 0.146886 0.147894 0.212481 0.152314
0.152929 0.202627 0.150039 0.126592 0.221206 0.146607
0.129382 0.189197 0.129375 0.117689 0.290699 0.143658
0.132475 0.162163 0.148623 0.114588 0.310741 0.131410
0.164585 0.169804 0.164585 0.134319 0.217902 0.148805
0.159752 0.157858 0.159758 0.186365 0.189684 0.146584
0.161318 0.155774 0.161318 0.151351 0.161809 0.208429
0.152749 0.146966 0.140663 0.154323 0.246802 0.158497
0.155354 0.228604 0.154524 0.180863 0.130737 0.149917
0.159867 0.159359 0.166154 0.160534 0.180519 0.173567
0.173780 0.210298 0.167719 0.167819 0.131021 0.149363
0.162746 0.161720 0.140757 0.163052 0.232482 0.139244
0.171742 0.142600 0.164093 0.162782 0.185189 0.173594
0.145380 0.185677 0.173612 0.132592 0.202149 0.160590
0.157649 0.168469 0.177445 0.154917 0.194860 0.146661
0.159987 0.140633 0.117196 0.150644 0.261308 0.170233
0.154729 0.200027 0.154664 0.120260 0.242033 0.128287
0.139003 0.160864 0.198494 0.176503 0.176486 0.148649
0.151010 0.128570 0.167016 0.167935 0.220852 0.164617
0.175024 0.189353 0.158998 0.132670 0.182521 0.161435
0.143757 0.202873 0.159640 0.199977 0.173220 0.120533
0.159266 0.151122 0.165041 0.166930 0.182809 0.174832
0.152658 0.161402 0.147548 0.123725 0.243973 0.170694
0.159139 0.164027 0.204114 0.158779 0.173813 0.140128
0.160981 0.136498 0.157679 0.150707 0.240045 0.154091
0.171465 0.175073 0.167688 0.154733 0.162610 0.168431
0.153836 0.190724 0.139055 0.171666 0.199764 0.144956
0.178199 0.142056 0.158861 0.175467 0.189118 0.156298
0.162560 0.158819 0.150067 0.140885 0.231879 0.155790
0.161799 0.149472 0.157738 0.161788 0.209368 0.159835
0.153842 0.164426 0.168824 0.150443 0.161556 0.200908
0.150584 0.171669 0.134884 0.121428 0.229494 0.191940
0.139636 0.160912 0.166715 0.142076 0.247305 0.143356
0.144570 0.158816 0.160922 0.196901 0.172213 0.166580
0.201441 0.201046 0.151425 0.163103 0.109915 0.173071
0.141004 0.167409 0.184147 0.161566 0.191697 0.154178
0.143049 0.156031 0.161255 0.196072 0.204543 0.139050
0.175056 0.174935 0.194289 0.162053 0.136026 0.157641
0.140119 0.160446 0.183892 0.132293 0.239511 0.143739
0.167475 0.172309 0.177288 0.145219 0.184161 0.153548
0.169292 0.235954 0.111760 0.157092 0.161604 0.164298
0.166818 0.171417 0.138328 0.171733 0.207635 0.144069
0.140251 0.126387 0.193859 0.138899 0.270051 0.130554
0.161841 0.161340 0.166676 0.165792 0.174219 0.170131
0.158029 0.136311 0.140413 0.162498 0.240423 0.162327
0.141823 0.146308 0.174739 0.146276 0.264106 0.126748
0.155105 0.152939 0.157703 0.157419 0.237791 0.139042
0.204210 0.158916 0.147372 0.126375 0.166710 0.196417
0.168906 0.192604 0.202246 0.118225 0.174906 0.143113
0.220427 0.184058 0.141568 0.166260 0.133267 0.154421
0.152938 0.153196 0.135272 0.166803 0.239074 0.152716
0.150989 0.166625 0.196039 0.151500 0.139088 0.195759
0.162989 0.167731 0.170051 0.162774 0.155412 0.181042
0.154078 0.167331 0.153579 0.165262 0.171871 0.187878
0.160198 0.165106 0.204614 0.144389 0.172243 0.153450
0.175435 0.175134 0.152611 0.170411 0.170076 0.156333
0.176764 0.172183 0.144778 0.148568 0.143758 0.213950
0.165333 0.148657 0.176961 0.149089 0.214650 0.145311
0.150232 0.175232 0.157217 0.207019 0.154815 0.155485
0.189130 0.189130 0.102366 0.193673 0.165768 0.159933
0.188433 0.172074 0.171808 0.139025 0.152442 0.176218
0.172810 0.175869 0.157714 0.169171 0.180786 0.143650
0.153777 0.165626 0.157981 0.165140 0.182151 0.175324
0.162663 0.175099 0.155908 0.134402 0.202118 0.169810
0.171411 0.181790 0.179820 0.165301 0.152678 0.149001
0.168324 0.173136 0.142030 0.137455 0.228359 0.150697
0.161432 0.177259 0.187691 0.165701 0.135771 0.172146
0.162537 0.173308 0.218034 0.138478 0.178855 0.128788
0.168212 0.167706 0.146020 0.198686 0.182186 0.137191
0.144929 0.145759 0.146290 0.141230 0.239552 0.182240
0.135179 0.197686 0.149798 0.154649 0.217729 0.144960
0.143165 0.170103 0.174689 0.181001 0.182498 0.148545
0.167247 0.175366 0.179226 0.164569 0.141336 0.172256
0.176814 0.175752 0.184794 0.160624 0.149172 0.152845
0.152316 0.143817 0.132710 0.199065 0.222556 0.149537
0.135836 0.171649 0.149835 0.164733 0.191041 0.186906
0.161155 0.154152 0.180072 0.168993 0.197435 0.138193
0.148030 0.176404 0.174160 0.171543 0.195687 0.134175
0.169148 0.161237 0.160731 0.122067 0.177877 0.208940
0.169867 0.187866 0.177091 0.146899 0.174184 0.144093
0.181493 0.146535 0.144311 0.161190 0.215015 0.151457
0.147490 0.138313 0.136151 0.209434 0.207832 0.160780
0.157001 0.164552 0.172140 0.162481 0.197704 0.146122
0.157502 0.157044 0.157349 0.164463 0.213114 0.150528
0.194353 0.158876 0.144941 0.146528 0.127524 0.227779
0.213673 0.163635 0.168104 0.141114 0.163189 0.150285
0.289881 0.143454 0.143145 0.141513 0.156805 0.125202
0.171104 0.156110 0.156110 0.146366 0.199033 0.171278
0.158972 0.183192 0.177957 0.172345 0.141761 0.165773
0.158876 0.153549 0.135684 0.154240 0.225100 0.172551
0.163540 0.204113 0.139320 0.146642 0.185122 0.161262
0.184376 0.183165 0.187998 0.165270 0.122369 0.156821
0.222001 0.140302 0.163168 0.147636 0.175875 0.151018
0.164430 0.164341 0.153638 0.148506 0.153547 0.215539
0.169290 0.154694 0.155592 0.160356 0.204166 0.155903
0.149236 0.178137 0.183593 0.140939 0.192738 0.155357
0.125532 0.164595 0.146902 0.155775 0.253114 0.154082
0.154540 0.186244 0.178294 0.161423 0.154826 0.164674
0.150224 0.139895 0.154026 0.192629 0.189281 0.173945
0.174500 0.161201 0.144609 0.211513 0.159038 0.149138
0.154442 0.152030 0.153126 0.143468 0.209141 0.187794
0.157575 0.153024 0.165200 0.167618 0.178865 0.177719
0.166531 0.181969 0.171663 0.151583 0.156418 0.171836
0.169266 0.216240 0.140928 0.149420 0.161021 0.163125
0.192941 0.142093 0.166775 0.161949 0.191813 0.144430
0.174533 0.157583 0.149031 0.152057 0.217859 0.148937
0.169007 0.172697 0.167632 0.201630 0.127485 0.161550
0.202044 0.138917 0.176210 0.163884 0.160398 0.158548
0.152375 0.145429 0.173728 0.142901 0.243334 0.142233
0.152115 0.163430 0.145351 0.164529 0.187295 0.187280
0.148867 0.142001 0.194558 0.136643 0.219794 0.158137
0.157578 0.171516 0.174302 0.157774 0.167308 0.171522
0.152517 0.198073 0.146563 0.168386 0.173882 0.160579
0.158505 0.173864 0.167827 0.150880 0.187911 0.161013
0.149256 0.140815 0.145689 0.142887 0.220160 0.201194
0.173147 0.187082 0.173454 0.173406 0.118623 0.174288
0.169796 0.151671 0.171134 0.196134 0.176156 0.135109
0.155646 0.148379 0.180485 0.137239 0.195746 0.182504
0.149158 0.163134 0.140250 0.148562 0.219483 0.179414
0.194819 0.171212 0.147021 0.162762 0.191698 0.132490
0.202288 0.158300 0.143909 0.162898 0.188567 0.144037
0.186019 0.131582 0.140004 0.187701 0.208159 0.146534
0.150082 0.170670 0.166018 0.160655 0.200316 0.152259
0.174318 0.136891 0.122993 0.136894 0.224445 0.204460
0.173483 0.168621 0.159579 0.158674 0.170655 0.168987
0.138964 0.136239 0.138839 0.149785 0.307219 0.128954
0.149185 0.150124 0.153626 0.172114 0.202534 0.172417
0.152134 0.151304 0.158063 0.174094 0.184136 0.180268
0.146821 0.202243 0.148874 0.148829 0.208660 0.144573
0.140464 0.151653 0.159830 0.141533 0.259557 0.146962
0.181450 0.166471 0.180753 0.158753 0.140885 0.171688
0.182651 0.190710 0.155114 0.157493 0.154244 0.159788
0.160159 0.204097 0.133521 0.132275 0.173229 0.196720
0.175909 0.180411 0.173811 0.160881 0.120534 0.188454
0.162797 0.165335 0.149688 0.146560 0.227984 0.147636
0.169743 0.175302 0.176849 0.153759 0.162646 0.161701
0.179331 0.168659 0.180765 0.140631 0.149849 0.180765
0.165282 0.154015 0.210568 0.159814 0.161706 0.148615
0.150401 0.196380 0.142681 0.160941 0.226803 0.122794
0.165892 0.185070 0.137713 0.150987 0.219656 0.140682
0.226929 0.161546 0.157491 0.168075 0.135359 0.150600
0.137023 0.130725 0.123795 0.142705 0.288384 0.177367
0.155505 0.163248 0.167013 0.151111 0.196696 0.166427
0.154094 0.156980 0.146176 0.193432 0.195191 0.154127
0.150369 0.167665 0.173557 0.157745 0.181120 0.169544
0.153765 0.158528 0.161314 0.169189 0.205346 0.151857
0.174358 0.174770 0.156168 0.161259 0.173950 0.159495
0.155814 0.171581 0.169864 0.177151 0.167771 0.157819
0.144344 0.158374 0.105384 0.166793 0.236129 0.188976
0.184136 0.157658 0.139847 0.174883 0.197091 0.146386
0.150092 0.141026 0.164827 0.173444 0.202663 0.167948
0.150772 0.166080 0.140740 0.130801 0.236873 0.174733
0.192301 0.168435 0.171905 0.151894 0.163434 0.152031
0.170203 0.150128 0.181840 0.150868 0.196749 0.150212
0.160646 0.164645 0.144950 0.147450 0.221207 0.161102
0.157750 0.152893 0.147895 0.174260 0.242431 0.124770
0.165681 0.142814 0.164761 0.151207 0.185874 0.189663
0.154458 0.178517 0.159914 0.140275 0.171329 0.195508
0.183689 0.156346 0.163345 0.143053 0.222190 0.131377
0.150738 0.156838 0.185701 0.143507 0.199589 0.163628
0.172692 0.177549 0.180960 0.185270 0.118479 0.165049
0.145817 0.160854 0.154262 0.153763 0.214061 0.171244
0.148691 0.186457 0.167799 0.165818 0.170520 0.160715
0.150165 0.175110 0.142882 0.142582 0.147154 0.242107
0.179762 0.163922 0.150533 0.130994 0.213253 0.161536
0.143816 0.199203 0.140486 0.160023 0.159432 0.197040
0.144015 0.153307 0.144595 0.134508 0.189962 0.233613
0.158542 0.176608 0.182314 0.181354 0.161308 0.139873
0.155823 0.157718 0.152554 0.151844 0.193910 0.188151
0.182143 0.154290 0.166785 0.157484 0.163631 0.175667
0.151891 0.154799 0.153463 0.209002 0.184279 0.146566
0.176020 0.158370 0.199918 0.176369 0.155943 0.133379
0.149778 0.147972 0.147513 0.183709 0.153304 0.217724
0.190862 0.149874 0.148866 0.172222 0.178566 0.159611
0.158453 0.170136 0.173997 0.178970 0.134021 0.184423
0.219537 0.168610 0.151972 0.115070 0.141803 0.203007
0.176175 0.183566 0.164293 0.157916 0.150463 0.167586
0.128876 0.169077 0.137627 0.147210 0.232035 0.185175
0.175757 0.159885 0.157211 0.152855 0.194242 0.160051
0.177075 0.173497 0.172893 0.169642 0.144930 0.161964
0.166424 0.174324 0.162429 0.200377 0.159507 0.136939
0.140740 0.175916 0.130437 0.127949 0.258486 0.166473
0.167932 0.167509 0.182679 0.157173 0.162168 0.162539
0.167196 0.176920 0.162398 0.172314 0.174559 0.146614
0.167284 0.169095 0.178230 0.153135 0.184691 0.147566
0.127448 0.134995 0.181716 0.146018 0.252960 0.156864
0.120985 0.141280 0.144294 0.199879 0.251459 0.142103
0.164485 0.163678 0.203274 0.160109 0.151483 0.156970
0.218526 0.165636 0.146820 0.154683 0.165433 0.148902
0.157144 0.152908 0.165316 0.133311 0.225407 0.165914
0.142909 0.149057 0.148783 0.134186 0.257334 0.167732
0.186274 0.166566 0.155569 0.199403 0.135797 0.156392
0.163876 0.167306 0.158029 0.162662 0.191378 0.156748
0.145845 0.125845 0.154090 0.169013 0.234025 0.171181
0.144918 0.154017 0.161564 0.135146 0.258590 0.145765
0.147471 0.169886 0.169509 0.142206 0.201607 0.169321
0.157538 0.142548 0.169854 0.153739 0.203908 0.172412
0.162130 0.174954 0.161662 0.159241 0.169834 0.172178
0.154426 0.150633 0.182317 0.142736 0.201830 0.168057
0.156885 0.155167 0.149337 0.142211 0.257660 0.138741
0.164863 0.175149 0.163489 0.177363 0.158321 0.160815
0.173418 0.148638 0.159327 0.170792 0.182811 0.165014
0.153985 0.145408 0.150629 0.153985 0.236187 0.159806
0.142163 0.169427 0.166370 0.171876 0.183705 0.166459
0.154414 0.205109 0.164146 0.158588 0.147332 0.170413
0.158792 0.167661 0.166985 0.161465 0.171025 0.174072
0.152448 0.166359 0.133581 0.160075 0.212683 0.174855
0.159074 0.186956 0.120871 0.146524 0.226149 0.160427
0.156380 0.168573 0.173967 0.166051 0.160649 0.174380
0.181487 0.149067 0.138876 0.163114 0.191970 0.175486
0.156600 0.144864 0.152674 0.160739 0.215138 0.169986
0.171777 0.147387 0.174137 0.153053 0.209065 0.144580
0.149867 0.166562 0.134017 0.126668 0.200508 0.222378
0.156771 0.155744 0.151038 0.159276 0.218499 0.158671
0.159138 0.162681 0.154312 0.168797 0.193999 0.161073
0.138089 0.210564 0.142474 0.158185 0.160693 0.189996
0.170366 0.168632 0.154143 0.154733 0.187980 0.164146
0.156216 0.176532 0.158472 0.127254 0.247136 0.134390
0.163942 0.174523 0.192356 0.159473 0.143769 0.165936
0.147718 0.146524 0.212914 0.159170 0.165553 0.168121
0.179343 0.165956 0.184531 0.170328 0.155391 0.144451
0.157715 0.179095 0.165959 0.157828 0.147002 0.192400
0.220702 0.174100 0.145790 0.171817 0.127577 0.160014
0.172527 0.171018 0.163126 0.149147 0.164986 0.179197
0.175446 0.166699 0.162555 0.169147 0.154996 0.171156
0.173030 0.157400 0.125886 0.174498 0.187257 0.181929
0.162277 0.172640 0.137705 0.147325 0.221565 0.158489
0.163129 0.167698 0.149420 0.156540 0.194970 0.168243
0.143522 0.160189 0.152928 0.150485 0.173095 0.219781
0.180452 0.156171 0.141092 0.153291 0.225921 0.143072
0.140590 0.162988 0.190315 0.132475 0.223432 0.150200
0.168007 0.179198 0.175963 0.159390 0.149663 0.167778
0.161201 0.167075 0.142334 0.131723 0.220917 0.176751
0.130030 0.169426 0.188486 0.167671 0.153438 0.190949
0.155248 0.154984 0.153012 0.172200 0.190341 0.174214
0.190603 0.188963 0.161198 0.160879 0.139629 0.158728
0.172125 0.175138 0.165814 0.157022 0.167071 0.162830
0.141304 0.151058 0.162609 0.176576 0.172119 0.196335
0.188774 0.167587 0.157197 0.159746 0.139327 0.187368
0.156020 0.173919 0.172536 0.173398 0.161810 0.162317
0.162182 0.178404 0.192016 0.180077 0.140514 0.146807
0.155507 0.165844 0.173471 0.144207 0.172852 0.188120
0.177971 0.169133 0.168443 0.148669 0.170500 0.165284
0.169163 0.171807 0.150966 0.147958 0.209885 0.150221
0.155311 0.153462 0.136430 0.179748 0.205129 0.169920
0.176463 0.136084 0.143125 0.126117 0.285184 0.133027
0.179173 0.176188 0.169506 0.160340 0.162810 0.151984
0.176664 0.161420 0.143935 0.144699 0.198351 0.174930
0.145519 0.225041 0.141212 0.160044 0.131045 0.197140
0.147862 0.167211 0.199593 0.142011 0.209080 0.134243
0.142530 0.180030 0.156851 0.157848 0.235642 0.127100
0.187504 0.186057 0.182133 0.141646 0.127109 0.175551
0.173263 0.162191 0.145659 0.147899 0.168427 0.202562
0.170170 0.149295 0.139635 0.155698 0.219207 0.165994
0.183247 0.176288 0.156936 0.142626 0.189054 0.151849
0.171935 0.156552 0.166695 0.142895 0.208823 0.153100
0.167310 0.146653 0.157436 0.184179 0.186995 0.157426
0.162686 0.155190 0.150346 0.173181 0.188026 0.170572
0.172789 0.177707 0.205904 0.147579 0.139913 0.156108
0.143947 0.136158 0.197624 0.140660 0.238393 0.143217
0.157553 0.148619 0.170390 0.137025 0.236168 0.150245
0.145763 0.142996 0.138064 0.121038 0.249725 0.202415
0.153670 0.123674 0.135584 0.191138 0.235631 0.160303
0.171129 0.159384 0.163402 0.205328 0.151207 0.149550
0.169354 0.171446 0.181860 0.153578 0.156881 0.166882
0.145642 0.152275 0.140929 0.166787 0.219559 0.174809
0.166867 0.146049 0.166560 0.149001 0.213261 0.158262
0.169077 0.189494 0.161530 0.173650 0.144668 0.161582
0.163496 0.158260 0.137924 0.185075 0.205827 0.149418
0.162698 0.143248 0.157605 0.179794 0.224725 0.131930
0.158699 0.178818 0.140998 0.184453 0.126299 0.210732
0.145382 0.195141 0.157018 0.149226 0.210916 0.142317
0.174231 0.184825 0.165208 0.159128 0.175397 0.141211
0.165463 0.179310 0.164626 0.135509 0.184418 0.170674
0.127013 0.155543 0.144998 0.162727 0.239512 0.170207
0.149082 0.128121 0.150923 0.153204 0.276300 0.142369
0.171070 0.169333 0.158159 0.172361 0.165727 0.163350
0.141427 0.207606 0.140869 0.175574 0.200495 0.134029
0.157095 0.179091 0.146568 0.184068 0.151816 0.181364
0.171440 0.171032 0.155160 0.141971 0.195708 0.164689
0.152114 0.155923 0.185089 0.149286 0.183024 0.174563
0.147873 0.169195 0.172076 0.168637 0.187530 0.154688
0.174312 0.174908 0.156639 0.160722 0.171704 0.161716
0.169568 0.165698 0.152930 0.156545 0.164579 0.190680
0.144569 0.161059 0.147219 0.156259 0.247144 0.143750
0.156923 0.160110 0.155257 0.162444 0.228609 0.136657
0.164567 0.161549 0.147004 0.160981 0.156059 0.209840
0.138661 0.130884 0.178893 0.138361 0.237796 0.175406
0.211624 0.154704 0.159960 0.151658 0.164652 0.157402
0.146406 0.249978 0.153899 0.142836 0.135103 0.171778
0.134464 0.220696 0.158709 0.154316 0.184851 0.146964
0.169107 0.163241 0.137849 0.173548 0.197769 0.158484
0.172083 0.165116 0.153920 0.167152 0.168936 0.172794
0.164829 0.162560 0.148491 0.177926 0.137678 0.208516
0.164802 0.163372 0.130884 0.213156 0.184179 0.143608
0.172688 0.153588 0.161165 0.184873 0.142248 0.185439
0.151808 0.197825 0.150033 0.188021 0.152895 0.159418
0.183968 0.183627 0.146193 0.176492 0.157528 0.152192
0.133908 0.161102 0.154917 0.122856 0.221801 0.205416
0.142084 0.172569 0.164971 0.142224 0.208501 0.169651
0.161172 0.164267 0.155126 0.175967 0.210979 0.132489
0.159411 0.176078 0.145279 0.159715 0.195843 0.163674
0.137755 0.141838 0.178855 0.133372 0.202089 0.206090
0.148637 0.165607 0.186185 0.167097 0.185179 0.147296
0.159971 0.166897 0.161089 0.148627 0.186981 0.176435
0.154384 0.163025 0.164513 0.154371 0.201914 0.161794
0.158600 0.177792 0.146365 0.155703 0.200410 0.161131
0.176728 0.197207 0.136920 0.123588 0.193410 0.172147
0.151493 0.217844 0.152326 0.165416 0.124463 0.188458
0.174314 0.178174 0.147332 0.176867 0.154789 0.168524
0.178715 0.165236 0.183278 0.174608 0.143043 0.155120
0.154148 0.170056 0.172112 0.171551 0.135404 0.196728
0.167083 0.164578 0.143520 0.181212 0.192101 0.151506
0.165920 0.167210 0.163845 0.200349 0.140016 0.162660
0.159305 0.165543 0.186110 0.162648 0.149126 0.177268
0.172567 0.177967 0.170994 0.169666 0.144607 0.164199
0.134962 0.141880 0.163376 0.131792 0.272848 0.155142
0.156047 0.150247 0.160713 0.155529 0.195268 0.182195
0.171396 0.155046 0.152129 0.216020 0.143416 0.161993
0.176386 0.154459 0.138017 0.165464 0.202665 0.163009
0.146612 0.170501 0.145977 0.174451 0.188778 0.173681
0.161534 0.161414 0.144209 0.155810 0.202998 0.174036
0.194665 0.161912 0.163753 0.164252 0.147194 0.168224
0.165536 0.165141 0.165451 0.184105 0.163399 0.156367
0.174884 0.165369 0.172877 0.139066 0.159285 0.188520
0.162997 0.159461 0.214230 0.123982 0.176749 0.162581
0.133535 0.137195 0.193806 0.167843 0.218301 0.149319
0.178798 0.146268 0.154272 0.168090 0.217733 0.134840
0.143215 0.169925 0.165172 0.129260 0.251104 0.141323
0.147936 0.160760 0.146525 0.159201 0.216469 0.169110
0.161494 0.204221 0.144211 0.153986 0.199811 0.136277
0.203737 0.154126 0.150633 0.144377 0.155835 0.191293
0.165343 0.183486 0.145130 0.160716 0.187757 0.157569
0.161870 0.160792 0.172029 0.162624 0.170514 0.172170
0.180800 0.153209 0.150222 0.164014 0.170722 0.181033
0.144950 0.128947 0.150880 0.205690 0.203882 0.165650
0.181643 0.132450 0.186615 0.209005 0.127519 0.162768
0.182825 0.171505 0.168510 0.154963 0.141742 0.180455
0.128629 0.163867 0.157105 0.156705 0.200096 0.193597
0.172930 0.159288 0.182455 0.151776 0.154242 0.179309
0.153858 0.172978 0.173905 0.139105 0.166512 0.193642
0.153866 0.174916 0.187711 0.154212 0.179087 0.150208
0.174513 0.154182 0.161374 0.157600 0.205356 0.146974
0.184066 0.181849 0.174927 0.162614 0.147228 0.149315
0.126306 0.183199 0.136889 0.129675 0.269829 0.154101
0.178721 0.142842 0.167463 0.186410 0.182292 0.142273
0.161739 0.196384 0.162761 0.162450 0.188537 0.128129
0.116223 0.199040 0.129086 0.145214 0.273102 0.137335
0.150506 0.166375 0.185725 0.159194 0.201270 0.136931
0.136804 0.152028 0.165316 0.184330 0.188330 0.173192
0.181055 0.189460 0.181045 0.155068 0.139133 0.154239
0.171391 0.137626 0.142643 0.158776 0.224935 0.164629
0.226038 0.174205 0.150243 0.171909 0.121253 0.156352
0.143718 0.148516 0.140818 0.186584 0.222041 0.158323
0.140617 0.140927 0.187224 0.162472 0.193057 0.175702
0.170276 0.156708 0.171448 0.156708 0.204102 0.140759
0.159896 0.193564 0.171908 0.166648 0.140449 0.167535
0.129997 0.165896 0.142702 0.155001 0.239234 0.167170
0.141159 0.172506 0.130833 0.164463 0.247110 0.143929
0.221218 0.186513 0.168149 0.161513 0.124912 0.137695
0.157092 0.153277 0.162217 0.165777 0.202055 0.159583
0.163281 0.167025 0.179200 0.167025 0.169269 0.154200
0.142619 0.145018 0.138070 0.144326 0.270905 0.159062
0.153375 0.163559 0.167310 0.155640 0.187305 0.172812
0.160189 0.148931 0.153048 0.167678 0.232903 0.137251
0.174368 0.165821 0.171498 0.175595 0.143074 0.169645
0.150747 0.169591 0.144707 0.154880 0.205436 0.174639
0.149459 0.175053 0.167845 0.139993 0.228037 0.139612
0.157524 0.168442 0.210667 0.149304 0.173809 0.140255
0.150952 0.137980 0.159876 0.153433 0.236441 0.161318
0.158269 0.166872 0.173594 0.146005 0.171315 0.183945
0.211321 0.147525 0.152257 0.161879 0.169821 0.157196
0.162128 0.180484 0.133063 0.149753 0.204802 0.169771
0.166337 0.212821 0.149987 0.162192 0.159858 0.148805
0.138072 0.183370 0.176162 0.143922 0.205913 0.152562
0.160117 0.172902 0.178298 0.171595 0.142794 0.174294
0.145000 0.175443 0.136668 0.156538 0.252488 0.133863
0.166299 0.165433 0.163087 0.190502 0.172247 0.142432
0.162775 0.137960 0.192446 0.153421 0.207830 0.145567
0.164450 0.204404 0.161193 0.148532 0.160926 0.160495
0.199350 0.156421 0.131436 0.149806 0.214158 0.148829
0.148773 0.152771 0.118261 0.175390 0.246085 0.158719
0.174655 0.177583 0.165713 0.164482 0.142204 0.175364
0.134956 0.143000 0.156529 0.154547 0.230466 0.180500
0.165642 0.159533 0.152828 0.150156 0.210044 0.161797
0.155367 0.179660 0.164694 0.157462 0.197061 0.145757
0.125877 0.176598 0.179345 0.156474 0.199037 0.162670
0.197244 0.160531 0.144684 0.163046 0.172220 0.162274
0.177369 0.176370 0.159890 0.173588 0.161721 0.151064
0.142741 0.150994 0.171835 0.213686 0.157648 0.163096
0.162469 0.172365 0.142459 0.211824 0.156598 0.154285
0.163843 0.187361 0.183538 0.170387 0.165620 0.129251
0.158591 0.266305 0.153085 0.139939 0.111656 0.170423
0.158511 0.175956 0.151605 0.201136 0.140278 0.172514
0.182357 0.188996 0.180921 0.165707 0.136054 0.145964
0.147746 0.149702 0.210495 0.131355 0.153317 0.207385
0.155901 0.152896 0.139567 0.173269 0.185674 0.192693
0.186320 0.172488 0.182504 0.142626 0.172748 0.143314
0.134912 0.145754 0.163067 0.143094 0.274082 0.139091
0.154763 0.187394 0.144555 0.169178 0.158407 0.185704
0.172554 0.190084 0.157462 0.168243 0.166071 0.145586
0.151516 0.161884 0.186778 0.161435 0.158643 0.179744
0.164407 0.162357 0.153408 0.152168 0.172237 0.195423
0.199481 0.164770 0.142722 0.159041 0.196743 0.137243
0.139079 0.159007 0.156242 0.205491 0.128834 0.211347
0.135457 0.164028 0.144420 0.179016 0.201198 0.175881
0.163420 0.174762 0.142210 0.165673 0.201250 0.152685
0.158696 0.150356 0.175159 0.144156 0.205864 0.165769
0.143657 0.153044 0.153836 0.156723 0.220920 0.171820
0.161552 0.179808 0.154820 0.148894 0.221728 0.133198
0.173122 0.150336 0.133511 0.124684 0.286991 0.131356
0.135054 0.124947 0.187473 0.161771 0.216415 0.174341
0.163768 0.171572 0.170413 0.159263 0.182453 0.152530
0.173585 0.155204 0.151188 0.159522 0.219867 0.140634
0.144866 0.153268 0.162076 0.174515 0.194358 0.170916
0.173883 0.173958 0.160923 0.166351 0.158533 0.166351
0.174562 0.185868 0.155060 0.140680 0.198963 0.144867
0.208666 0.164828 0.139161 0.131569 0.211706 0.144069
0.180450 0.184027 0.176135 0.176553 0.123654 0.159180
0.180647 0.154549 0.154379 0.179379 0.168084 0.162963
0.138571 0.146436 0.156159 0.154840 0.248446 0.155548
0.153722 0.187390 0.146888 0.149948 0.189384 0.172668
0.115557 0.176411 0.153452 0.153452 0.221619 0.179508
0.153526 0.154720 0.168519 0.161445 0.196633 0.165157
0.183561 0.187348 0.164825 0.154446 0.127485 0.182335
0.180194 0.189711 0.146733 0.159111 0.168743 0.155509
0.172663 0.153289 0.161826 0.173131 0.177306 0.161786
0.145683 0.165433 0.145276 0.155088 0.190419 0.198101
0.175869 0.183053 0.146933 0.163820 0.150934 0.179392
0.136265 0.139842 0.153326 0.157327 0.262301 0.150940
0.203555 0.172601 0.124086 0.133404 0.194877 0.171477
0.175370 0.166793 0.168256 0.155440 0.164823 0.169319
0.166138 0.144471 0.163100 0.163996 0.200036 0.162258
0.150331 0.185313 0.151325 0.152658 0.200889 0.159483
0.189105 0.160274 0.153462 0.146047 0.213963 0.137149
0.189965 0.167408 0.143200 0.159051 0.172980 0.167396
0.126333 0.167318 0.140375 0.168217 0.202266 0.195492
0.150183 0.205042 0.173030 0.169738 0.122172 0.179835
0.152957 0.151426 0.146557 0.207613 0.203958 0.137489
0.160369 0.162329 0.171739 0.174798 0.119504 0.211262
0.140467 0.169667 0.160570 0.146428 0.217004 0.165864
0.178409 0.153965 0.171305 0.159883 0.182088 0.154351
0.153991 0.153624 0.156266 0.187635 0.192167 0.156317
0.171656 0.152205 0.162038 0.164512 0.174036 0.175554
0.168459 0.151217 0.167025 0.185476 0.173179 0.154644
0.141376 0.136524 0.151817 0.151391 0.277071 0.141821
0.148200 0.149493 0.140833 0.143848 0.247422 0.170204
0.141941 0.126071 0.138139 0.125245 0.295169 0.173435
0.169253 0.155509 0.143133 0.147099 0.204190 0.180816
0.142184 0.161557 0.190735 0.152263 0.179273 0.173988
0.193299 0.165994 0.148011 0.163274 0.130077 0.199345
0.164622 0.191780 0.158478 0.195181 0.147792 0.142147
0.167853 0.163211 0.160019 0.176530 0.166481 0.165906
0.154223 0.181203 0.131376 0.183720 0.127392 0.222085
0.143385 0.208218 0.160520 0.158229 0.185006 0.144643
0.134113 0.180656 0.161799 0.159795 0.140424 0.223213
0.142291 0.171623 0.152469 0.226204 0.113742 0.193672
0.170857 0.165366 0.151157 0.165649 0.195539 0.151432
0.181032 0.156849 0.185713 0.163068 0.155728 0.157610
0.165573 0.176518 0.149017 0.158270 0.183557 0.167065
0.191697 0.152974 0.183114 0.131780 0.189250 0.151184
0.170538 0.147027 0.140347 0.145411 0.243480 0.153198
0.140236 0.172909 0.164212 0.151602 0.196764 0.174278
0.177044 0.143925 0.176977 0.188627 0.145022 0.168405
0.143910 0.148170 0.146825 0.146604 0.256848 0.157642
0.179557 0.154545 0.153916 0.145879 0.139127 0.226975
0.163691 0.162526 0.165682 0.164156 0.149482 0.194462
0.195118 0.194120 0.154816 0.148439 0.145881 0.161626
0.181081 0.183576 0.152549 0.151934 0.172513 0.158348
0.131122 0.163746 0.180361 0.157396 0.202678 0.164697
0.183605 0.175791 0.139902 0.174512 0.154177 0.172014
0.146895 0.155406 0.148134 0.163149 0.230014 0.156403
0.154506 0.155921 0.156243 0.179374 0.166417 0.187540
0.137734 0.123063 0.146496 0.162851 0.292427 0.137429
0.186498 0.162855 0.167629 0.179067 0.152497 0.151453
0.171832 0.171518 0.173727 0.147355 0.179851 0.155718
0.175187 0.169977 0.151176 0.153381 0.153157 0.197121
0.170648 0.170605 0.145478 0.141214 0.216218 0.155836
0.145055 0.158586 0.158607 0.148971 0.223405 0.165377
0.179398 0.160194 0.149927 0.174898 0.158824 0.176759
0.158885 0.150033 0.161795 0.198147 0.179325 0.151815
0.144209 0.161790 0.178847 0.169932 0.175961 0.169260
0.147143 0.145399 0.161990 0.163618 0.236868 0.144982
0.166260 0.160614 0.169220 0.161819 0.175540 0.166547
0.158421 0.172496 0.181733 0.143489 0.186726 0.157135
0.178016 0.199649 0.156011 0.155106 0.129136 0.182081
0.153144 0.161906 0.152799 0.139701 0.231317 0.161133
0.153253 0.165636 0.167035 0.167990 0.180286 0.165800
0.182924 0.148139 0.165138 0.177713 0.149736 0.176350
0.168837 0.150034 0.169731 0.145249 0.190281 0.175869
0.155016 0.169974 0.153257 0.152391 0.199440 0.169924
0.156266 0.133431 0.153182 0.140688 0.267964 0.148469
0.172138 0.156658 0.172138 0.159991 0.170796 0.168279
0.147978 0.149609 0.151586 0.170377 0.225602 0.154849
0.149464 0.146899 0.139776 0.134600 0.281071 0.148189
0.174575 0.172906 0.154222 0.161559 0.155790 0.180948
0.131169 0.172610 0.144016 0.166298 0.224142 0.161765
0.179347 0.230082 0.150951 0.147481 0.117376 0.174763
0.155500 0.154095 0.167776 0.129750 0.229231 0.163648
0.146678 0.177182 0.176012 0.170866 0.143638 0.185624
0.187148 0.188612 0.148872 0.165523 0.139098 0.170747
0.219421 0.154652 0.175009 0.167468 0.120877 0.162573
0.145998 0.155610 0.140894 0.161974 0.212509 0.183016
0.164104 0.144259 0.136081 0.187381 0.222066 0.146108
0.177807 0.165877 0.173240 0.160279 0.144034 0.178762
0.121666 0.146381 0.125307 0.193853 0.264563 0.148230
0.162555 0.177025 0.143459 0.154187 0.182859 0.179915
0.149057 0.155343 0.149644 0.128328 0.278757 0.138871
0.150956 0.162707 0.195941 0.152363 0.179731 0.158302
0.139618 0.159404 0.143465 0.169508 0.231274 0.156731
0.184721 0.156023 0.138225 0.165025 0.194593 0.161413
0.137530 0.142060 0.146264 0.176427 0.212958 0.184761
0.163400 0.195183 0.139208 0.194094 0.137932 0.170183
0.176891 0.153883 0.122675 0.141383 0.255136 0.150031
0.141309 0.172875 0.188044 0.193295 0.131601 0.172875
0.175346 0.168992 0.146276 0.172851 0.162670 0.173865
0.149699 0.145086 0.208942 0.158184 0.192429 0.145659
0.136732 0.189767 0.166568 0.159894 0.167651 0.179388
0.151728 0.160546 0.191999 0.150433 0.138944 0.206349
0.146106 0.160089 0.191503 0.165078 0.192431 0.144794
0.160677 0.164573 0.162208 0.162767 0.189737 0.160037
0.194818 0.163848 0.145927 0.163019 0.166666 0.165721
0.157342 0.157766 0.124746 0.151964 0.250416 0.157766
0.157260 0.173378 0.152279 0.165574 0.182895 0.168614
0.152485 0.159591 0.173609 0.161107 0.206611 0.146596
0.166878 0.150800 0.149406 0.139056 0.256170 0.137690
0.134664 0.151231 0.154775 0.128314 0.229784 0.201231
0.113460 0.142499 0.175225 0.145283 0.259978 0.163555
0.164448 0.160259 0.144651 0.155488 0.219432 0.155722
0.159545 0.173706 0.157085 0.168400 0.165678 0.175586
0.151624 0.174114 0.145551 0.158570 0.196028 0.174114
0.164178 0.165419 0.158065 0.159794 0.191890 0.160655
0.198404 0.160904 0.160087 0.148481 0.171715 0.160409
0.197232 0.167878 0.181970 0.160560 0.127214 0.165146
0.160435 0.143816 0.202839 0.160245 0.192581 0.140084
0.191420 0.148534 0.164688 0.165213 0.151456 0.178688
0.146717 0.170920 0.139614 0.214018 0.159155 0.169575
0.161918 0.174684 0.141064 0.218338 0.138921 0.165074
0.154500 0.158371 0.168762 0.177539 0.178291 0.162538
0.166774 0.176762 0.153356 0.154356 0.149496 0.199257
0.177118 0.177118 0.151970 0.151268 0.168135 0.174392
0.192114 0.167114 0.179338 0.148687 0.158383 0.154364
0.165413 0.162941 0.145811 0.164613 0.213349 0.147873
0.157362 0.167741 0.144526 0.162416 0.182753 0.185202
0.153538 0.156738 0.144254 0.181436 0.198070 0.165965
0.149722 0.177517 0.148819 0.180128 0.172577 0.171237
0.146884 0.154662 0.143732 0.149754 0.251421 0.153546
0.174523 0.157351 0.204232 0.164906 0.141649 0.157339
0.154524 0.150357 0.196584 0.154208 0.173683 0.170644
0.156560 0.175354 0.135685 0.139207 0.235028 0.158167
0.184706 0.182123 0.156346 0.165242 0.135223 0.176360
0.154697 0.156020 0.168211 0.187447 0.190106 0.143520
0.149776 0.156069 0.149966 0.162999 0.205919 0.175271
0.139504 0.142719 0.176411 0.159397 0.172583 0.209385
0.129702 0.150096 0.178432 0.149727 0.244734 0.147308
0.172096 0.169613 0.179215 0.161234 0.156961 0.160881
0.172383 0.172519 0.171294 0.178992 0.142919 0.161893
0.192110 0.152603 0.125738 0.139497 0.236741 0.153311
0.179996 0.172779 0.211233 0.140727 0.123083 0.172181
0.193945 0.170289 0.181461 0.152635 0.149916 0.151754
0.161021 0.164550 0.165461 0.145004 0.199262 0.164702
0.162423 0.155722 0.168346 0.156635 0.196891 0.159983
0.146019 0.143798 0.136345 0.153189 0.198460 0.222190
0.128601 0.157390 0.138601 0.139412 0.281226 0.154771
0.175811 0.166159 0.174390 0.159317 0.154765 0.169559
0.170154 0.155342 0.172040 0.169998 0.167147 0.165318
0.141321 0.134456 0.138821 0.139253 0.312026 0.134123
0.174863 0.155413 0.173461 0.155427 0.176194 0.164642
0.186611 0.157202 0.183885 0.159184 0.152004 0.161115
0.146865 0.146999 0.138672 0.167854 0.234470 0.165140
0.162638 0.160289 0.164758 0.166566 0.193161 0.152587
0.148072 0.142984 0.140231 0.205484 0.183888 0.179342
0.150287 0.190333 0.157269 0.190023 0.138727 0.173360
0.165415 0.155703 0.161998 0.155703 0.208568 0.152613
0.163851 0.151363 0.152019 0.209411 0.172005 0.151351
0.178123 0.198530 0.143842 0.142349 0.159046 0.178111
0.181054 0.186661 0.155671 0.139387 0.188095 0.149132
0.198639 0.171486 0.171375 0.156698 0.158616 0.143185
0.164510 0.187533 0.184049 0.146854 0.162021 0.155032
0.176693 0.159997 0.151901 0.157218 0.194836 0.159355
0.137717 0.128134 0.157344 0.145135 0.292631 0.139040
0.164506 0.168461 0.175369 0.184280 0.145900 0.161485
0.191807 0.161286 0.158151 0.172117 0.159697 0.156943
0.151963 0.166500 0.158163 0.156793 0.199924 0.166657
0.171840 0.177089 0.146283 0.181346 0.145156 0.178287
0.174130 0.141471 0.187512 0.166780 0.190590 0.139518
0.145388 0.160599 0.169859 0.158404 0.193060 0.172691
0.166631 0.151997 0.178972 0.179050 0.161354 0.161997
