0.121889 0.109097 0.108394 0.100973 0.098787 0.137439 0.192954 0.130467
0.118663 0.123372 0.112113 0.173804 0.127448 0.121515 0.102437 0.120647
0.103396 0.111581 0.095611 0.119879 0.116255 0.123656 0.226370 0.103253
0.108431 0.113399 0.129776 0.165389 0.136449 0.142906 0.093648 0.110002
0.125863 0.125635 0.121632 0.114250 0.111623 0.108662 0.116472 0.175863
0.120713 0.118551 0.139729 0.126767 0.114841 0.159185 0.104968 0.115244
0.133872 0.129294 0.128230 0.099416 0.111460 0.099057 0.180690 0.117981
0.173159 0.123386 0.107158 0.112446 0.124442 0.112739 0.125366 0.121304
0.119304 0.116243 0.089080 0.137100 0.154127 0.123201 0.155065 0.105880
0.125948 0.125956 0.112581 0.103355 0.119985 0.168228 0.121402 0.122546
0.113198 0.116343 0.108095 0.127674 0.132051 0.146896 0.139775 0.115968
0.090795 0.127288 0.117677 0.114136 0.126072 0.132143 0.195752 0.096138
0.097108 0.108603 0.113001 0.125557 0.119107 0.165582 0.173934 0.097108
0.133135 0.100992 0.108143 0.116352 0.105826 0.099153 0.196079 0.140319
0.127789 0.127515 0.147440 0.137683 0.105018 0.111413 0.141190 0.101952
0.102609 0.093757 0.123341 0.129644 0.111791 0.203660 0.116756 0.118443
0.125273 0.116212 0.174008 0.095754 0.100484 0.132199 0.108204 0.147866
0.110701 0.113424 0.108266 0.154924 0.167167 0.127979 0.112481 0.105058
0.138502 0.129975 0.122162 0.111431 0.132515 0.126887 0.113532 0.124995
0.123017 0.109842 0.112848 0.133691 0.144244 0.136831 0.124662 0.114866
0.095497 0.114123 0.088257 0.154168 0.142508 0.141150 0.159636 0.104660
0.125925 0.121840 0.118043 0.134959 0.135885 0.103009 0.148660 0.111679
0.110896 0.087904 0.144316 0.149421 0.155852 0.095180 0.152148 0.104281
0.121121 0.122982 0.126584 0.120036 0.124060 0.097537 0.167266 0.120414
0.091545 0.091540 0.076864 0.140921 0.143215 0.166082 0.188835 0.100998
0.125181 0.121252 0.116047 0.100778 0.105794 0.163888 0.143506 0.123554
0.124060 0.123680 0.115388 0.138941 0.145818 0.111048 0.124524 0.116541
0.098600 0.146445 0.078463 0.105885 0.114500 0.178111 0.131546 0.146449
0.129088 0.131666 0.122633 0.114025 0.112158 0.104025 0.159232 0.127174
0.103438 0.109041 0.095725 0.116399 0.122852 0.173259 0.167243 0.112044
0.125466 0.132634 0.109649 0.126416 0.136740 0.138653 0.113429 0.117013
0.139864 0.130520 0.105700 0.112457 0.114919 0.149829 0.136420 0.110291
0.125614 0.116455 0.158375 0.087627 0.099901 0.182485 0.104713 0.124831
0.107449 0.110173 0.129493 0.120710 0.124005 0.115827 0.178669 0.113674
0.118058 0.118058 0.108614 0.120689 0.110933 0.213165 0.119991 0.090491
0.128756 0.124939 0.117738 0.113039 0.115350 0.107109 0.123494 0.169575
0.081611 0.086380 0.127451 0.126406 0.130636 0.137265 0.123329 0.186923
0.120508 0.106797 0.113402 0.134683 0.145292 0.135907 0.144007 0.099405
0.100259 0.097793 0.118285 0.132164 0.114442 0.219487 0.121423 0.096148
0.120615 0.128583 0.125960 0.144753 0.136966 0.107885 0.106972 0.128267
0.113499 0.110617 0.100770 0.125755 0.131206 0.136976 0.176058 0.105119
0.095803 0.095810 0.133182 0.127303 0.110732 0.168396 0.161219 0.107556
0.116336 0.119987 0.173474 0.103295 0.109262 0.129350 0.121090 0.127207
0.105765 0.122659 0.125725 0.135859 0.123690 0.182730 0.102654 0.100918
0.104520 0.109312 0.105960 0.132402 0.133032 0.113147 0.152181 0.149447
0.105237 0.109431 0.097702 0.120659 0.131837 0.189969 0.124076 0.121089
0.130052 0.126227 0.118900 0.131061 0.135993 0.119767 0.108172 0.129830
0.112377 0.102014 0.101874 0.104275 0.114415 0.196343 0.156321 0.112381
0.133043 0.133035 0.120805 0.120987 0.120987 0.115447 0.126018 0.129679
0.139452 0.139452 0.127934 0.111931 0.111931 0.127452 0.115294 0.126552
0.143407 0.118407 0.107024 0.126147 0.125936 0.139414 0.130391 0.109274
0.125329 0.122445 0.115217 0.149341 0.141175 0.110775 0.116121 0.119596
0.124961 0.124961 0.128221 0.130146 0.126707 0.117553 0.133606 0.113845
0.113642 0.116998 0.116998 0.160069 0.156768 0.120936 0.105314 0.109275
0.111386 0.119802 0.115997 0.111926 0.116486 0.141112 0.163320 0.119970
0.116606 0.108857 0.116245 0.111516 0.121717 0.182340 0.126113 0.116606
0.116003 0.117698 0.106274 0.140443 0.140705 0.161122 0.101752 0.116003
0.113966 0.111669 0.112585 0.126061 0.131572 0.152954 0.137226 0.113966
0.116612 0.110643 0.114683 0.105742 0.104327 0.152115 0.179264 0.116612
0.118678 0.122734 0.112222 0.104977 0.107437 0.181823 0.133451 0.118678
0.124086 0.124086 0.118587 0.138817 0.138817 0.113080 0.118441 0.124086
0.115217 0.111207 0.109264 0.138723 0.129361 0.140605 0.140407 0.115217
0.130129 0.129774 0.150280 0.113594 0.113735 0.111204 0.121156 0.130129
0.139281 0.126261 0.122319 0.106170 0.121827 0.116293 0.128568 0.139281
0.120695 0.120020 0.116390 0.125531 0.124187 0.163739 0.108743 0.120695
0.123189 0.121055 0.109128 0.150265 0.155649 0.112192 0.105333 0.123189
0.108604 0.112655 0.101108 0.121990 0.152195 0.145085 0.149759 0.108604
0.101207 0.114653 0.109033 0.117637 0.123685 0.214384 0.118195 0.101207
0.124632 0.107965 0.097220 0.146159 0.131483 0.141262 0.126647 0.124632
0.112203 0.160092 0.107784 0.127334 0.142188 0.129223 0.108973 0.112203
0.107783 0.115666 0.149385 0.129469 0.130729 0.144062 0.115125 0.107783
0.134168 0.130246 0.123089 0.135904 0.133879 0.112865 0.095682 0.134168
0.110797 0.103751 0.106804 0.119083 0.127244 0.144207 0.177317 0.110797
0.146651 0.134755 0.134910 0.128758 0.126795 0.103808 0.090171 0.134151
0.124739 0.126170 0.128988 0.111756 0.129434 0.117081 0.145967 0.115866
0.112194 0.112486 0.163556 0.107042 0.130178 0.118407 0.118823 0.137314
0.107688 0.107949 0.117190 0.129965 0.117652 0.110824 0.194700 0.114032
0.126344 0.132194 0.119933 0.137067 0.113038 0.126671 0.123027 0.121726
0.115688 0.120897 0.100018 0.157198 0.155889 0.124589 0.106003 0.119718
0.112672 0.117032 0.130741 0.144985 0.139525 0.125267 0.109365 0.120413
0.121294 0.114093 0.112925 0.123133 0.111393 0.116769 0.185955 0.114439
0.105007 0.092406 0.091184 0.125057 0.135677 0.148065 0.197857 0.104747
0.116757 0.122074 0.127064 0.128271 0.124395 0.131740 0.121486 0.128214
0.121125 0.120695 0.101821 0.146701 0.149486 0.129791 0.109917 0.120464
0.099861 0.115133 0.137315 0.115713 0.125572 0.136254 0.146690 0.123461
0.086006 0.109152 0.134941 0.132234 0.113404 0.206094 0.119389 0.098780
0.129898 0.129368 0.123919 0.176306 0.123650 0.100150 0.087337 0.129372
0.119766 0.151081 0.125651 0.126580 0.123045 0.111972 0.124156 0.117748
0.146786 0.149303 0.135053 0.105236 0.108600 0.111277 0.105167 0.138578
0.121010 0.112075 0.140115 0.118262 0.130356 0.132201 0.109735 0.136246
0.160870 0.140082 0.137333 0.098017 0.130536 0.110225 0.091938 0.130998
0.116309 0.102384 0.133765 0.116193 0.119077 0.116353 0.154930 0.140990
0.113571 0.099041 0.085451 0.146007 0.146007 0.161160 0.142785 0.105979
0.106444 0.115345 0.104611 0.147443 0.144086 0.141693 0.131562 0.108816
0.101546 0.098380 0.100063 0.149564 0.140980 0.168699 0.132565 0.108203
0.118008 0.107925 0.107934 0.136799 0.136799 0.133803 0.153614 0.105119
0.134061 0.120113 0.116463 0.108483 0.108483 0.130874 0.180118 0.101406
0.116963 0.099659 0.107615 0.144666 0.144666 0.147619 0.124660 0.114150
0.156553 0.101098 0.092422 0.123983 0.123983 0.130522 0.153327 0.118111
0.113649 0.109061 0.133941 0.109855 0.109975 0.131282 0.157831 0.134406
0.124194 0.119582 0.121707 0.108106 0.125034 0.111602 0.148539 0.141235
0.110596 0.114253 0.103737 0.137363 0.144503 0.135952 0.151057 0.102538
0.114875 0.122758 0.114005 0.124250 0.101363 0.109228 0.167692 0.145830
0.115607 0.144501 0.138141 0.116031 0.125762 0.123161 0.116025 0.120773
0.140099 0.142317 0.138470 0.095399 0.096516 0.104923 0.153990 0.128286
0.120065 0.136714 0.120641 0.093810 0.100905 0.116034 0.191489 0.120342
0.124975 0.135030 0.140809 0.108727 0.111184 0.115781 0.130500 0.132995
0.117785 0.109701 0.112102 0.147403 0.153119 0.133988 0.109025 0.116876
0.105466 0.107490 0.094853 0.144271 0.154572 0.151885 0.129616 0.111847
0.123684 0.104361 0.112378 0.119953 0.130361 0.142456 0.150408 0.116399
0.100538 0.094880 0.096974 0.146026 0.144934 0.200807 0.113684 0.102157
0.090320 0.123735 0.113530 0.137199 0.123010 0.131296 0.110927 0.169983
0.119131 0.118019 0.121185 0.152942 0.158961 0.097659 0.125960 0.106144
0.120706 0.120127 0.122774 0.122766 0.124331 0.145990 0.132802 0.110505
0.117829 0.107679 0.139181 0.131650 0.102249 0.142254 0.095801 0.163356
0.120995 0.106675 0.113636 0.164494 0.159082 0.122568 0.095474 0.117075
0.122557 0.110277 0.135294 0.123290 0.121411 0.153683 0.135246 0.098242
0.168945 0.103478 0.122553 0.120698 0.122651 0.120368 0.128679 0.112629
0.120333 0.136131 0.105963 0.089541 0.111170 0.164287 0.144456 0.128119
0.106131 0.103925 0.120645 0.158778 0.144729 0.117937 0.155950 0.091905
0.113439 0.159369 0.114035 0.109612 0.109163 0.111796 0.154268 0.128317
0.133433 0.145172 0.116072 0.117017 0.115279 0.108569 0.148858 0.115601
0.154238 0.109506 0.100954 0.103741 0.107453 0.127231 0.189160 0.107716
0.126829 0.111212 0.113382 0.137281 0.097355 0.122735 0.157291 0.133915
0.100397 0.103723 0.113351 0.145677 0.145105 0.140589 0.136203 0.114955
0.110074 0.116820 0.124359 0.120811 0.111442 0.169572 0.120843 0.126078
0.103594 0.102841 0.110396 0.134929 0.139957 0.134703 0.171745 0.101834
0.104690 0.125860 0.112431 0.113689 0.119287 0.161946 0.159303 0.102793
0.115796 0.139290 0.116219 0.109675 0.138990 0.141272 0.114960 0.123797
0.120347 0.116759 0.096764 0.072603 0.090170 0.285748 0.099020 0.118588
0.129678 0.138202 0.177215 0.121244 0.124670 0.103377 0.088934 0.116679
0.112834 0.105826 0.143078 0.121595 0.121061 0.100642 0.163256 0.131707
0.138889 0.130436 0.131176 0.105102 0.099918 0.137937 0.125101 0.131442
0.122521 0.124192 0.123057 0.127618 0.131376 0.148633 0.127499 0.095104
0.120827 0.109042 0.115494 0.139739 0.129752 0.095487 0.158616 0.131043
0.108846 0.098670 0.105684 0.131838 0.128146 0.146390 0.161277 0.119148
0.154252 0.104473 0.099652 0.145688 0.142108 0.140735 0.121525 0.091567
0.129923 0.097854 0.124628 0.116191 0.117767 0.108067 0.180798 0.124771
0.141245 0.104808 0.096766 0.130474 0.099260 0.185026 0.130848 0.111573
0.103296 0.117992 0.083789 0.166216 0.152382 0.133237 0.146236 0.096853
0.097727 0.150505 0.121173 0.127328 0.148554 0.144485 0.096324 0.113902
0.102681 0.105860 0.120640 0.117306 0.124109 0.154777 0.159763 0.114863
0.129654 0.140371 0.121964 0.117016 0.121395 0.142362 0.105477 0.121761
0.102278 0.099139 0.140934 0.136488 0.152442 0.111000 0.151784 0.105934
0.125888 0.113787 0.155043 0.107721 0.116316 0.136755 0.111580 0.132908
0.118524 0.168166 0.102791 0.136318 0.110292 0.160747 0.095020 0.108141
0.147410 0.149142 0.126912 0.109795 0.112849 0.111441 0.093917 0.148535
0.137797 0.137797 0.142264 0.105674 0.107057 0.120107 0.116619 0.132685
0.117580 0.121558 0.104202 0.111992 0.110309 0.125885 0.180870 0.127603
0.126219 0.118327 0.125988 0.110397 0.127064 0.122694 0.134304 0.135007
0.114587 0.103361 0.122484 0.140128 0.143566 0.125365 0.141019 0.109489
0.136005 0.137452 0.133141 0.126753 0.118970 0.114252 0.122420 0.111007
0.101046 0.089523 0.078801 0.153441 0.152068 0.149887 0.139357 0.135879
0.123595 0.108541 0.136047 0.119133 0.115832 0.096510 0.169835 0.130507
0.104904 0.107338 0.096969 0.151145 0.139556 0.162273 0.122203 0.115612
0.119474 0.105269 0.109210 0.129903 0.140244 0.156700 0.112748 0.126451
0.117699 0.086480 0.116713 0.146285 0.153854 0.107717 0.151271 0.119981
0.114855 0.118866 0.093329 0.121351 0.110112 0.196755 0.137468 0.107264
0.124182 0.115402 0.095188 0.130830 0.143187 0.116664 0.160713 0.113834
0.117337 0.102820 0.098850 0.140310 0.147730 0.174608 0.103234 0.115110
0.130729 0.131590 0.124439 0.128011 0.127023 0.107787 0.123048 0.127373
0.114005 0.109017 0.080851 0.119295 0.132771 0.188825 0.141514 0.113722
0.135194 0.116535 0.115717 0.096328 0.129652 0.129531 0.166906 0.110137
0.121642 0.122813 0.138081 0.111732 0.119662 0.139447 0.144788 0.101835
0.108346 0.120690 0.103824 0.156327 0.139446 0.141980 0.109957 0.119430
0.126277 0.125489 0.125024 0.098307 0.112921 0.143264 0.147695 0.121022
0.113265 0.139517 0.133497 0.127812 0.130583 0.110377 0.136805 0.108144
0.129865 0.155739 0.105218 0.103207 0.116801 0.113638 0.141452 0.134079
0.092864 0.086612 0.123606 0.138701 0.141163 0.200918 0.121275 0.094860
0.149634 0.141572 0.133382 0.106593 0.118818 0.128821 0.097300 0.123881
0.107035 0.109340 0.099980 0.171328 0.155926 0.114315 0.144003 0.098074
0.105541 0.099485 0.123745 0.143077 0.139950 0.143182 0.112663 0.132358
0.111250 0.111690 0.122160 0.122144 0.110498 0.180741 0.132167 0.109351
0.097742 0.095889 0.119693 0.143089 0.131656 0.113761 0.189909 0.108261
0.126408 0.134348 0.135931 0.106641 0.119734 0.126121 0.120707 0.130110
0.113464 0.122413 0.143972 0.098961 0.109591 0.146154 0.152198 0.113247
0.141528 0.133195 0.117645 0.133488 0.121087 0.102336 0.122844 0.127878
0.116070 0.121197 0.108101 0.127655 0.127302 0.147291 0.145292 0.107091
0.129632 0.132988 0.126834 0.106952 0.112753 0.133236 0.104918 0.152686
0.155679 0.108448 0.099315 0.122042 0.125417 0.119497 0.157440 0.112162
0.108549 0.109477 0.125632 0.127097 0.143487 0.104892 0.168959 0.111907
0.116779 0.132421 0.132421 0.123935 0.122440 0.137268 0.123011 0.111725
0.108705 0.095775 0.145780 0.134423 0.129464 0.126284 0.151647 0.107924
0.115366 0.124950 0.128011 0.149825 0.135056 0.110705 0.127279 0.108808
0.100017 0.103253 0.103084 0.137817 0.139830 0.156977 0.109381 0.149640
0.125568 0.117537 0.105081 0.139779 0.145536 0.130314 0.111330 0.124856
0.099150 0.099378 0.084678 0.128384 0.122417 0.189088 0.180565 0.096339
0.127354 0.133774 0.120519 0.105517 0.111651 0.142691 0.113952 0.144543
0.108595 0.113144 0.096914 0.138774 0.134169 0.145932 0.174935 0.087538
0.138514 0.140623 0.134897 0.084640 0.089371 0.139234 0.146413 0.126308
0.108657 0.108657 0.104569 0.126808 0.135694 0.118467 0.138843 0.158304
0.127674 0.118213 0.109660 0.142044 0.142044 0.113673 0.123717 0.122974
0.111061 0.115377 0.105077 0.156957 0.156957 0.132306 0.114093 0.108172
0.136112 0.120242 0.100408 0.133959 0.133959 0.093864 0.168378 0.113077
0.115122 0.112238 0.088611 0.147782 0.157782 0.143452 0.146509 0.088503
0.116678 0.116678 0.124926 0.134037 0.142632 0.166753 0.086528 0.111768
0.105438 0.108674 0.106949 0.161263 0.136263 0.117610 0.132557 0.131245
0.094729 0.094718 0.087623 0.138972 0.141085 0.210683 0.137292 0.094897
0.121744 0.127254 0.108594 0.115183 0.118821 0.192062 0.113274 0.103068
0.097919 0.104940 0.116949 0.138055 0.136372 0.154732 0.152935 0.098098
0.101010 0.093149 0.129004 0.117429 0.117429 0.149424 0.182788 0.109766
0.125024 0.120571 0.149661 0.105737 0.109387 0.146252 0.132450 0.110918
0.124117 0.125340 0.109750 0.110420 0.110917 0.128749 0.172800 0.117908
0.124523 0.118846 0.111513 0.098780 0.108180 0.136208 0.177647 0.124304
0.110452 0.103690 0.107514 0.123121 0.121898 0.132285 0.178213 0.122827
0.124015 0.136342 0.152919 0.115394 0.101272 0.103190 0.119686 0.147182
0.101170 0.103722 0.161942 0.100024 0.106728 0.144545 0.178892 0.102977
0.124996 0.123300 0.116346 0.131863 0.128800 0.134774 0.123671 0.116249
0.101966 0.111571 0.097996 0.146116 0.146116 0.113529 0.170908 0.111798
0.122466 0.125333 0.127638 0.137814 0.141321 0.129209 0.079281 0.136938
0.122706 0.116255 0.102705 0.140078 0.148638 0.107242 0.142252 0.120124
0.116278 0.146281 0.131213 0.127508 0.128466 0.109198 0.123597 0.117459
0.107273 0.113749 0.104615 0.124166 0.133439 0.208542 0.111070 0.097146
0.128577 0.131390 0.123135 0.121672 0.138482 0.100311 0.133635 0.122798
0.097177 0.098349 0.088849 0.119556 0.137534 0.193697 0.163134 0.101705
0.123381 0.161744 0.124123 0.116581 0.125407 0.119519 0.108917 0.120328
0.103723 0.175425 0.145214 0.109011 0.098049 0.122416 0.127881 0.118280
0.095499 0.117062 0.085753 0.192061 0.153529 0.136476 0.127795 0.091825
0.136192 0.113608 0.135836 0.118173 0.118594 0.157977 0.090367 0.129253
0.128837 0.108965 0.115554 0.114485 0.121362 0.180913 0.116256 0.113627
0.136523 0.115594 0.101153 0.126197 0.133260 0.125775 0.149622 0.111877
0.099286 0.091183 0.119927 0.085790 0.102722 0.222976 0.184781 0.093334
0.120219 0.118372 0.116400 0.134441 0.127337 0.113139 0.143385 0.126706
0.092962 0.116033 0.099049 0.110368 0.120493 0.192970 0.158421 0.109704
0.098575 0.104912 0.103552 0.127817 0.112949 0.190538 0.154975 0.106682
0.114545 0.116581 0.152559 0.123882 0.099497 0.151670 0.110056 0.131211
0.116749 0.120584 0.119582 0.155366 0.156679 0.107259 0.107041 0.116741
0.132627 0.114927 0.120643 0.124470 0.143343 0.138617 0.102740 0.122632
0.140505 0.114429 0.124896 0.130604 0.124928 0.120199 0.145862 0.098577
0.131766 0.129948 0.149548 0.140219 0.138936 0.073904 0.090811 0.144869
0.111708 0.102014 0.101001 0.104332 0.111328 0.208544 0.126478 0.134595
0.138649 0.132822 0.136212 0.116384 0.119661 0.102814 0.117256 0.136201
0.133341 0.140499 0.116245 0.098479 0.111435 0.106241 0.171490 0.122270
0.131293 0.115451 0.164261 0.096044 0.113800 0.117343 0.147457 0.114351
0.107990 0.110185 0.126687 0.131781 0.141821 0.127482 0.124715 0.129340
0.127380 0.127430 0.113289 0.128661 0.126619 0.163344 0.105540 0.107737
0.142496 0.127923 0.092908 0.127356 0.151368 0.137545 0.118944 0.101460
0.109231 0.104962 0.101600 0.126643 0.130069 0.111010 0.214424 0.102060
0.101434 0.105517 0.132860 0.135925 0.147699 0.119553 0.135349 0.121664
0.099302 0.131503 0.084297 0.124419 0.105695 0.161237 0.178936 0.114611
0.122193 0.113124 0.116588 0.124343 0.129851 0.144048 0.132048 0.117805
0.112448 0.135658 0.112017 0.147018 0.124438 0.112909 0.147186 0.108326
0.108365 0.105164 0.102370 0.151412 0.154597 0.170826 0.101210 0.106056
0.121695 0.107690 0.121799 0.102489 0.123430 0.174320 0.122584 0.125993
0.117009 0.107097 0.139724 0.118352 0.121801 0.128976 0.156481 0.110559
0.124477 0.103063 0.121558 0.152995 0.101354 0.127273 0.150987 0.118294
0.109190 0.120149 0.112699 0.138474 0.140545 0.098012 0.174590 0.106341
0.122740 0.118238 0.116955 0.106363 0.124898 0.169053 0.130197 0.111556
0.127989 0.131365 0.145575 0.105287 0.109002 0.152712 0.097871 0.130199
0.107755 0.108009 0.108437 0.193659 0.148796 0.099850 0.109069 0.124425
0.137614 0.128459 0.124138 0.106027 0.125995 0.116389 0.142648 0.118730
0.133738 0.132842 0.111473 0.147270 0.154003 0.118721 0.102927 0.099026
0.123727 0.123491 0.104764 0.139146 0.116165 0.088732 0.164172 0.139804
0.106839 0.097271 0.115970 0.120637 0.137559 0.197738 0.106328 0.117658
0.141487 0.116172 0.123966 0.128456 0.107981 0.136355 0.128432 0.117150
0.119786 0.103089 0.102533 0.150507 0.156789 0.162640 0.102040 0.102616
0.115560 0.100618 0.112610 0.129206 0.134401 0.155331 0.147482 0.104793
0.114234 0.114469 0.104460 0.141147 0.143920 0.097544 0.183964 0.100261
0.120921 0.120921 0.106984 0.144859 0.138559 0.125510 0.118962 0.123284
0.112005 0.128679 0.128299 0.123200 0.137156 0.119191 0.135371 0.116099
0.118845 0.121281 0.114618 0.103364 0.105794 0.187859 0.141153 0.107087
0.109248 0.125914 0.121709 0.107287 0.086238 0.110354 0.172281 0.166968
0.114687 0.114199 0.131076 0.122677 0.117815 0.155180 0.118169 0.126196
0.132690 0.112690 0.132690 0.116121 0.108817 0.182416 0.095087 0.119489
0.142429 0.117736 0.135215 0.113174 0.117694 0.130682 0.123357 0.119712
0.133442 0.139206 0.112687 0.112879 0.136237 0.138699 0.090888 0.135962
0.111771 0.134658 0.099739 0.121780 0.141496 0.128221 0.153389 0.108946
0.137132 0.106244 0.153799 0.140958 0.113764 0.106022 0.119535 0.122547
0.105376 0.094146 0.119970 0.168999 0.170567 0.134130 0.103947 0.102864
0.103536 0.130453 0.083233 0.149918 0.152191 0.135366 0.144003 0.101300
0.108627 0.102389 0.089347 0.164431 0.161716 0.128140 0.146583 0.098768
0.107180 0.099763 0.123846 0.147231 0.143528 0.158085 0.103937 0.116430
0.116004 0.116231 0.110178 0.116134 0.131911 0.202721 0.096413 0.110409
0.109242 0.107050 0.104787 0.145276 0.144825 0.131781 0.154306 0.102734
0.125795 0.137220 0.117960 0.102314 0.099064 0.131699 0.149131 0.136817
0.089318 0.108041 0.094527 0.093262 0.100610 0.238572 0.170843 0.104826
0.118405 0.114943 0.109034 0.149504 0.123475 0.107045 0.159923 0.117672
0.100586 0.112504 0.097082 0.104538 0.103563 0.186219 0.186896 0.108613
0.124639 0.138583 0.123586 0.102648 0.108363 0.126998 0.146269 0.128914
0.115328 0.114678 0.098915 0.115066 0.112778 0.150633 0.177925 0.114678
0.113728 0.123732 0.124900 0.098782 0.097631 0.167544 0.137744 0.135938
0.127098 0.124448 0.110365 0.129485 0.141014 0.125299 0.117843 0.124448
0.127084 0.114958 0.118703 0.145788 0.144119 0.137774 0.096610 0.114963
0.116069 0.112718 0.105701 0.119189 0.114196 0.189632 0.132991 0.109504
0.118707 0.125980 0.092783 0.121826 0.146919 0.174516 0.103183 0.116085
0.107104 0.108035 0.114383 0.161762 0.190479 0.142703 0.071667 0.103868
0.092801 0.104915 0.092535 0.135600 0.144242 0.167378 0.169043 0.093486
0.141520 0.124671 0.101124 0.128505 0.130137 0.113783 0.120530 0.139730
0.110853 0.095226 0.152338 0.154960 0.144980 0.100348 0.150306 0.090990
0.166303 0.150005 0.096759 0.105063 0.120508 0.114616 0.115746 0.131000
0.123808 0.126650 0.125204 0.097469 0.125881 0.116997 0.168212 0.115778
0.141869 0.115223 0.137266 0.121246 0.108755 0.090733 0.166309 0.118599
0.121991 0.127607 0.146037 0.108397 0.129029 0.106173 0.161904 0.098862
0.113683 0.123191 0.176192 0.083831 0.111294 0.150909 0.116561 0.124339
0.128425 0.105647 0.108036 0.129117 0.133793 0.147395 0.124053 0.123535
0.114277 0.113175 0.094223 0.142172 0.140766 0.154379 0.146648 0.094359
0.133344 0.136264 0.110731 0.130838 0.111890 0.140500 0.123995 0.112437
0.107253 0.104728 0.157196 0.114911 0.116199 0.173366 0.117278 0.109069
0.101081 0.121819 0.102626 0.143519 0.146820 0.154828 0.100701 0.128605
0.129801 0.156370 0.118700 0.106688 0.125641 0.102098 0.149210 0.111493
0.101697 0.104263 0.110313 0.152701 0.122738 0.160277 0.113178 0.134833
0.136805 0.115864 0.121876 0.108253 0.119019 0.186066 0.098258 0.113861
0.116929 0.110799 0.106259 0.129834 0.154359 0.151860 0.118613 0.111347
0.128773 0.121786 0.155777 0.105200 0.102816 0.113450 0.143390 0.128808
0.102491 0.116347 0.103614 0.101408 0.111161 0.211456 0.099905 0.153619
0.120359 0.130370 0.123670 0.116292 0.117867 0.131389 0.130437 0.129618
0.129870 0.122610 0.129812 0.117744 0.118521 0.113587 0.137797 0.130060
0.116348 0.114543 0.098042 0.119646 0.132710 0.138353 0.158402 0.121956
0.123671 0.123671 0.115679 0.107686 0.124493 0.187882 0.106933 0.109986
0.119148 0.120798 0.098688 0.157035 0.150284 0.130038 0.112211 0.111799
0.130790 0.132704 0.111109 0.106570 0.118543 0.131956 0.108142 0.160186
0.105029 0.109009 0.125422 0.147846 0.161477 0.117584 0.112863 0.120770
0.131580 0.124747 0.118275 0.115022 0.118783 0.160966 0.111028 0.119599
0.131399 0.116447 0.105962 0.121036 0.144965 0.117405 0.100031 0.162754
0.114294 0.110314 0.097793 0.174969 0.131299 0.135464 0.133727 0.102140
0.119356 0.119822 0.119846 0.154197 0.154285 0.128608 0.096825 0.107060
0.107421 0.109301 0.131156 0.133892 0.125057 0.136416 0.154563 0.102194
0.115048 0.122200 0.111285 0.113447 0.140659 0.140683 0.155444 0.101235
0.101690 0.101458 0.114286 0.115502 0.128243 0.117964 0.231351 0.089506
0.104586 0.154481 0.119109 0.102665 0.095097 0.114893 0.164064 0.145104
0.103466 0.097822 0.130477 0.124903 0.139189 0.122522 0.158084 0.123536
0.124441 0.125492 0.113706 0.163681 0.113439 0.106610 0.149534 0.103098
0.177793 0.122954 0.119636 0.110093 0.111429 0.123498 0.122879 0.111718
0.137889 0.094714 0.121062 0.106796 0.114904 0.121399 0.150581 0.152654
0.132612 0.121439 0.115901 0.125024 0.131561 0.101922 0.108459 0.163083
0.111113 0.126461 0.158032 0.100908 0.111293 0.126991 0.144493 0.120710
0.123254 0.124548 0.129243 0.117530 0.120633 0.118459 0.144797 0.121536
0.121522 0.117459 0.112893 0.157937 0.107715 0.138553 0.134580 0.109341
0.120919 0.129726 0.125165 0.186309 0.116582 0.099530 0.085438 0.136331
0.120446 0.119065 0.112637 0.149731 0.146670 0.147853 0.080244 0.123354
0.124396 0.121103 0.109462 0.114716 0.117572 0.120255 0.186582 0.105914
0.123682 0.132649 0.120605 0.131884 0.131829 0.138286 0.099389 0.121675
0.082998 0.094151 0.112732 0.136570 0.139830 0.137799 0.160997 0.134923
0.103330 0.089175 0.086061 0.194968 0.190363 0.103017 0.120122 0.112964
0.098910 0.139236 0.121430 0.117978 0.122709 0.142764 0.147323 0.109649
0.097773 0.109466 0.150655 0.117835 0.129935 0.116983 0.169535 0.107818
0.118474 0.108864 0.104802 0.124404 0.134229 0.145249 0.155956 0.108023
0.106790 0.123749 0.119784 0.132754 0.127747 0.122278 0.159329 0.107571
0.101978 0.114278 0.107011 0.124010 0.125394 0.166066 0.147892 0.113372
0.126454 0.097514 0.104434 0.105201 0.111289 0.189913 0.144447 0.120748
0.113249 0.117329 0.119198 0.117012 0.115961 0.169430 0.153545 0.094277
0.109204 0.110212 0.120401 0.132819 0.139974 0.138256 0.145787 0.103348
0.145408 0.099984 0.102223 0.102584 0.110917 0.139633 0.176105 0.123147
0.145684 0.117609 0.099111 0.146461 0.139752 0.101490 0.147079 0.102814
0.115448 0.116853 0.104361 0.142216 0.142216 0.166447 0.116284 0.096175
0.119605 0.123755 0.132879 0.114293 0.115203 0.115902 0.141026 0.137337
0.143576 0.115972 0.155242 0.121466 0.120401 0.117579 0.114147 0.111617
0.112942 0.125747 0.131398 0.145917 0.148234 0.158769 0.075986 0.101009
0.136426 0.143523 0.116702 0.096114 0.113321 0.153043 0.082030 0.158842
0.112361 0.123862 0.112912 0.124553 0.123150 0.158023 0.133539 0.111598
0.109802 0.107659 0.100657 0.114015 0.121845 0.188091 0.148323 0.109608
0.120714 0.107759 0.112373 0.094386 0.117355 0.164371 0.141420 0.141622
0.109702 0.119740 0.114362 0.134479 0.136212 0.132165 0.138978 0.114362
0.114218 0.106107 0.135466 0.131953 0.117522 0.144574 0.144048 0.106113
0.128001 0.123672 0.126395 0.125207 0.121208 0.105385 0.146654 0.123479
0.129746 0.135324 0.128590 0.120252 0.111189 0.139778 0.112524 0.122598
0.099871 0.106744 0.123587 0.129082 0.151262 0.143274 0.133589 0.112592
0.107979 0.116966 0.100797 0.122652 0.142665 0.207886 0.094072 0.106982
0.106763 0.109091 0.103500 0.153944 0.145467 0.138537 0.123614 0.119083
0.110147 0.109930 0.098308 0.147134 0.154994 0.123177 0.156357 0.099953
0.114612 0.114619 0.118743 0.132728 0.134156 0.131307 0.143145 0.110689
0.112751 0.112745 0.103037 0.120721 0.122524 0.140696 0.180946 0.106579
0.116686 0.141686 0.093286 0.154691 0.119637 0.131036 0.139147 0.103831
0.138906 0.117207 0.114067 0.141149 0.140602 0.126577 0.113859 0.107633
0.141761 0.116919 0.135918 0.127974 0.118844 0.148456 0.093590 0.116539
0.117396 0.095316 0.119817 0.165817 0.121123 0.106519 0.167621 0.106391
0.090308 0.110668 0.094618 0.116666 0.121260 0.215656 0.131200 0.119624
0.115978 0.112704 0.123116 0.137185 0.127586 0.114183 0.134336 0.134913
0.108525 0.106319 0.094056 0.141099 0.155485 0.178741 0.110485 0.105290
0.131895 0.132051 0.133350 0.103556 0.108623 0.131346 0.133385 0.125795
0.122094 0.099594 0.170068 0.116375 0.138639 0.127018 0.123951 0.102260
0.123718 0.109315 0.120084 0.122738 0.142815 0.119407 0.105064 0.156859
0.121147 0.123291 0.119889 0.143218 0.120248 0.136503 0.118755 0.116949
0.111338 0.111291 0.149059 0.118272 0.135045 0.137485 0.151791 0.085720
0.105420 0.138691 0.097285 0.131545 0.171685 0.120180 0.111222 0.123973
0.130011 0.124235 0.104784 0.110692 0.117499 0.172151 0.128891 0.111737
0.131140 0.119810 0.118188 0.114312 0.135961 0.139406 0.126252 0.114930
0.102936 0.105207 0.115054 0.185487 0.140606 0.109859 0.115384 0.125466
0.121172 0.119200 0.111257 0.106137 0.130332 0.148600 0.146319 0.116983
0.116124 0.110469 0.104057 0.113992 0.129866 0.123917 0.205868 0.095707
0.098534 0.109574 0.126887 0.122804 0.122467 0.096881 0.172501 0.150352
0.103689 0.130100 0.108248 0.150980 0.137491 0.122152 0.133613 0.113725
0.114290 0.116575 0.155103 0.121642 0.113455 0.138967 0.146276 0.093693
0.095812 0.109975 0.105336 0.109281 0.107647 0.117722 0.200123 0.154105
0.128380 0.112632 0.119263 0.127885 0.125684 0.110341 0.157390 0.118426
0.123644 0.096982 0.100355 0.137059 0.159821 0.122141 0.110116 0.149883
0.118933 0.108993 0.112996 0.131393 0.132826 0.094500 0.180209 0.120150
0.100479 0.113212 0.116106 0.125392 0.134698 0.121153 0.179607 0.109353
0.132461 0.128597 0.131811 0.100256 0.121207 0.117648 0.158826 0.109194
0.120328 0.110609 0.160420 0.112082 0.119494 0.112359 0.152163 0.112545
0.110175 0.099830 0.114072 0.145351 0.118676 0.176675 0.125545 0.109676
0.118556 0.104899 0.118560 0.118413 0.118008 0.137526 0.196520 0.087518
0.115415 0.113619 0.095611 0.117367 0.139145 0.137370 0.157002 0.124470
0.135045 0.151329 0.119259 0.111320 0.115604 0.128529 0.086770 0.152144
0.169130 0.117243 0.098469 0.113131 0.112070 0.135622 0.102902 0.151433
0.126643 0.107806 0.116961 0.101657 0.112373 0.152821 0.159720 0.122019
0.111631 0.120863 0.129518 0.116479 0.141980 0.144883 0.102328 0.132319
0.118081 0.131032 0.101520 0.115845 0.134635 0.136124 0.145350 0.117413
0.131619 0.119536 0.120019 0.129115 0.137835 0.104019 0.124141 0.133717
0.112583 0.099781 0.115833 0.165547 0.134953 0.127242 0.118202 0.125858
0.126678 0.138678 0.112913 0.104908 0.115638 0.163932 0.107327 0.129927
0.113479 0.115771 0.100584 0.114118 0.142644 0.095475 0.182180 0.135750
0.131908 0.129868 0.129764 0.087427 0.113275 0.135336 0.142855 0.129568
0.124963 0.129491 0.110161 0.135495 0.143494 0.124756 0.111827 0.119815
0.105070 0.110937 0.079155 0.136224 0.142331 0.139969 0.135626 0.150688
0.122650 0.113619 0.122523 0.107307 0.120530 0.123615 0.170203 0.119554
0.117973 0.133505 0.105379 0.143457 0.158172 0.130259 0.087034 0.124221
0.116445 0.115455 0.116620 0.121408 0.118245 0.130362 0.159768 0.121697
0.123598 0.107179 0.143037 0.125516 0.127678 0.135458 0.118569 0.118966
0.116269 0.116915 0.113676 0.124751 0.114736 0.174902 0.134827 0.103924
0.123049 0.118908 0.136789 0.123738 0.128942 0.135303 0.109423 0.123848
0.134299 0.116426 0.123875 0.101732 0.100360 0.140518 0.167066 0.115724
0.112958 0.098855 0.105092 0.163793 0.144579 0.172872 0.091216 0.110636
0.122403 0.127577 0.109152 0.166846 0.139410 0.114277 0.086253 0.134082
0.112496 0.119988 0.161893 0.137336 0.137880 0.118566 0.104028 0.107813
0.129570 0.118882 0.121360 0.099961 0.115676 0.138986 0.131156 0.144410
0.124635 0.133801 0.107586 0.150754 0.139110 0.102021 0.136109 0.105985
0.130050 0.125199 0.127116 0.097088 0.114871 0.111317 0.138243 0.156116
0.105488 0.106604 0.095201 0.137808 0.146786 0.103867 0.154075 0.150172
0.114467 0.117730 0.110746 0.154197 0.141306 0.114183 0.102577 0.144796
0.116275 0.107196 0.166046 0.132642 0.142692 0.113401 0.116261 0.105489
0.125525 0.123377 0.101438 0.137988 0.143403 0.112013 0.165323 0.090934
0.124091 0.119513 0.115654 0.119306 0.125827 0.108031 0.170783 0.116795
0.119214 0.136107 0.120462 0.123424 0.118342 0.138118 0.141397 0.102938
0.107933 0.111029 0.097640 0.122538 0.115103 0.133601 0.191616 0.120539
0.105673 0.105560 0.131360 0.124935 0.147416 0.101063 0.154871 0.129123
0.126634 0.112170 0.109965 0.096442 0.106664 0.126933 0.175100 0.146092
0.118179 0.125258 0.121335 0.109441 0.105015 0.150781 0.131883 0.138107
0.123155 0.123677 0.125305 0.126784 0.124820 0.140424 0.099120 0.136714
0.120365 0.111086 0.111206 0.121125 0.124515 0.117455 0.173879 0.120370
0.129825 0.121618 0.125015 0.128250 0.124544 0.132699 0.112157 0.125892
0.137621 0.128481 0.126773 0.114789 0.116432 0.094239 0.147446 0.134221
0.135684 0.129720 0.121138 0.125991 0.133957 0.109657 0.118658 0.125196
0.112120 0.105308 0.104467 0.138039 0.121525 0.130098 0.179349 0.109095
0.137304 0.130136 0.138487 0.136936 0.153983 0.089854 0.082333 0.130967
0.113879 0.097319 0.086979 0.146442 0.151128 0.134217 0.179135 0.090901
0.117064 0.132668 0.130915 0.112956 0.134685 0.126050 0.118665 0.126998
0.107199 0.112358 0.155584 0.147677 0.144203 0.125249 0.105027 0.102703
0.098470 0.090144 0.130397 0.137839 0.132521 0.117839 0.173508 0.119282
0.104643 0.109657 0.107392 0.124529 0.128179 0.118743 0.182975 0.123882
0.121577 0.135678 0.130168 0.109198 0.116290 0.134802 0.135102 0.117185
0.128429 0.139595 0.131401 0.115870 0.124566 0.122393 0.111730 0.126015
0.138898 0.112834 0.108106 0.117007 0.112904 0.135238 0.150403 0.124611
0.133725 0.117007 0.111803 0.136945 0.140911 0.092411 0.152302 0.114895
0.109003 0.152335 0.095006 0.113116 0.112889 0.151100 0.156023 0.110528
0.103030 0.113236 0.116032 0.141983 0.141975 0.126979 0.141958 0.114807
0.104014 0.104621 0.144579 0.138437 0.138429 0.145194 0.107498 0.117228
0.091740 0.094993 0.135127 0.179558 0.154699 0.119159 0.118308 0.106416
0.117734 0.097600 0.090486 0.177921 0.160824 0.117336 0.131121 0.106979
0.142702 0.127243 0.127526 0.131728 0.127500 0.104869 0.102893 0.135539
0.169740 0.119973 0.083276 0.139987 0.145579 0.114151 0.118066 0.109228
0.144028 0.118417 0.098152 0.103055 0.113065 0.117620 0.168780 0.136884
0.132251 0.135086 0.124228 0.148419 0.155109 0.108989 0.089264 0.106654
0.164355 0.101391 0.108737 0.092833 0.090628 0.160787 0.158204 0.123064
0.109377 0.110894 0.116868 0.143696 0.138958 0.096230 0.119780 0.164198
0.146015 0.134617 0.125156 0.115368 0.128315 0.122106 0.104737 0.123687
0.114925 0.158738 0.117122 0.117145 0.118513 0.105693 0.160560 0.107305
0.110443 0.129863 0.118376 0.111647 0.119894 0.143767 0.130144 0.135866
0.137589 0.125350 0.114120 0.125751 0.134331 0.114773 0.116646 0.131438
0.115383 0.113331 0.109023 0.145487 0.149934 0.143582 0.116928 0.106332
0.116866 0.106135 0.112630 0.123428 0.125033 0.107865 0.196069 0.111976
0.119701 0.119927 0.115867 0.118631 0.130264 0.101721 0.187322 0.106567
0.109873 0.089037 0.115828 0.142021 0.131677 0.136677 0.173268 0.101619
0.114139 0.119001 0.107144 0.123137 0.133171 0.115313 0.170572 0.117523
0.119036 0.115734 0.109467 0.123680 0.149599 0.123259 0.143487 0.115739
0.111027 0.133768 0.106572 0.096580 0.130473 0.146584 0.157891 0.117105
0.092416 0.124041 0.109377 0.094057 0.124332 0.139093 0.195370 0.121314
0.141636 0.139054 0.119051 0.111396 0.123786 0.108837 0.117185 0.139054
0.133466 0.129873 0.166144 0.094917 0.112924 0.133309 0.095757 0.133611
0.124101 0.117009 0.145922 0.121404 0.095958 0.122346 0.138210 0.135050
0.137029 0.128930 0.118583 0.091467 0.107757 0.166445 0.128445 0.121344
0.121568 0.124572 0.118112 0.166300 0.129459 0.110575 0.111474 0.117940
0.105931 0.112274 0.100905 0.126344 0.137023 0.164137 0.130673 0.122713
0.116141 0.103701 0.093915 0.171382 0.144434 0.135398 0.126055 0.108974
0.117505 0.106805 0.099844 0.163434 0.168837 0.137184 0.101958 0.104432
0.117364 0.107355 0.103202 0.111852 0.128703 0.181211 0.141142 0.109171
0.115409 0.114219 0.097773 0.138745 0.153629 0.149345 0.125628 0.105252
0.135361 0.106486 0.118673 0.142067 0.118358 0.132891 0.116842 0.129321
0.111565 0.097051 0.132992 0.146104 0.143294 0.140526 0.118700 0.109767
0.129481 0.126666 0.143422 0.126103 0.123462 0.115777 0.109754 0.125335
0.114170 0.110087 0.113804 0.137598 0.138260 0.137327 0.129935 0.118819
0.108615 0.112541 0.166054 0.095879 0.123701 0.174702 0.101462 0.117046
0.118701 0.126218 0.105014 0.137469 0.124681 0.110614 0.160874 0.116430
0.140878 0.129771 0.126364 0.110124 0.122860 0.122769 0.132764 0.114469
0.139760 0.159891 0.124151 0.099654 0.100695 0.093976 0.120291 0.161582
0.113583 0.109942 0.105540 0.124182 0.125151 0.157584 0.159091 0.104926
0.124107 0.157462 0.129914 0.113088 0.112474 0.123717 0.115962 0.123276
0.107592 0.121029 0.086160 0.104513 0.146845 0.131816 0.178033 0.124012
0.123790 0.114737 0.116140 0.125466 0.148331 0.135253 0.121605 0.114679
0.089982 0.112301 0.106657 0.152799 0.128241 0.124263 0.185925 0.099832
0.127262 0.137125 0.121119 0.098685 0.115335 0.129313 0.142446 0.128716
0.103307 0.122478 0.124050 0.143507 0.146476 0.139881 0.103700 0.116602
0.123217 0.111805 0.117137 0.162493 0.118837 0.114945 0.132905 0.118660
0.122046 0.114085 0.107778 0.088606 0.117409 0.107990 0.204931 0.137154
0.111492 0.165968 0.093144 0.125942 0.151462 0.136186 0.122473 0.093334
0.125391 0.124699 0.106180 0.177311 0.147182 0.097554 0.075419 0.146264
0.113866 0.106828 0.107159 0.126528 0.149255 0.124333 0.169348 0.102683
0.113996 0.112773 0.116614 0.132628 0.130442 0.126344 0.155164 0.112040
0.114120 0.107013 0.132334 0.146954 0.125805 0.129452 0.116278 0.128045
0.121265 0.126815 0.114131 0.127396 0.116551 0.154241 0.112787 0.126815
0.128389 0.140493 0.109047 0.130234 0.144430 0.109521 0.120451 0.117435
0.122334 0.122113 0.088439 0.169010 0.133784 0.169968 0.091750 0.102603
0.135684 0.135789 0.131588 0.119347 0.118358 0.096295 0.112437 0.150503
0.109093 0.113335 0.118789 0.126473 0.137176 0.125609 0.158546 0.110979
0.118934 0.107130 0.111053 0.174932 0.148978 0.120485 0.098368 0.120120
0.142342 0.119332 0.138676 0.117192 0.126446 0.146979 0.099786 0.109248
0.108104 0.100078 0.128975 0.121113 0.127708 0.169580 0.129722 0.114720
0.127581 0.114620 0.164000 0.117107 0.125776 0.124350 0.118252 0.108314
0.114161 0.135144 0.114069 0.128270 0.142110 0.129012 0.116338 0.120896
0.124515 0.134819 0.122698 0.117538 0.118447 0.118065 0.138487 0.125431
0.111045 0.107357 0.075107 0.169009 0.112922 0.185731 0.123138 0.115690
0.127832 0.131413 0.120125 0.128230 0.119717 0.122169 0.131079 0.119435
0.103013 0.111346 0.159356 0.128500 0.142179 0.162520 0.089933 0.103153
0.136280 0.132111 0.179119 0.117346 0.111265 0.111985 0.090689 0.121205
0.112471 0.112091 0.112063 0.078944 0.102476 0.134966 0.214157 0.132833
0.130797 0.128634 0.109706 0.119760 0.131037 0.122753 0.107743 0.149570
0.119480 0.119480 0.099694 0.108613 0.107494 0.161153 0.168863 0.115224
0.146552 0.133758 0.109250 0.102120 0.118341 0.143448 0.117608 0.128923
0.124511 0.121950 0.102077 0.128302 0.137338 0.121758 0.146581 0.117483
0.125050 0.125055 0.099315 0.113207 0.116632 0.137300 0.158620 0.124822
0.117739 0.120759 0.115361 0.103566 0.119677 0.128512 0.174016 0.120370
0.109638 0.117971 0.104598 0.146298 0.152933 0.115365 0.137365 0.115834
0.130697 0.130697 0.125501 0.142502 0.122973 0.133475 0.095074 0.119081
0.109295 0.109295 0.089356 0.094834 0.140316 0.111571 0.202699 0.142633
0.123732 0.120134 0.135437 0.124970 0.154967 0.119321 0.111751 0.109688
0.120672 0.110449 0.122270 0.140138 0.129674 0.125611 0.119368 0.131817
0.114043 0.121439 0.123396 0.099925 0.116548 0.133270 0.173463 0.117916
0.129134 0.118840 0.125882 0.113769 0.114976 0.109445 0.172704 0.115250
0.123892 0.127427 0.094199 0.160560 0.103991 0.124448 0.155464 0.110019
0.131922 0.135846 0.151696 0.123363 0.124420 0.116259 0.100302 0.116192
0.123680 0.104092 0.154048 0.101269 0.124382 0.133710 0.122088 0.136731
0.113931 0.118572 0.107525 0.138686 0.126313 0.131872 0.160006 0.103096
0.108865 0.110295 0.095361 0.173915 0.152116 0.107159 0.139185 0.113103
0.123540 0.112559 0.104220 0.107737 0.115904 0.152924 0.174817 0.108300
0.111195 0.116334 0.167147 0.115806 0.097714 0.095875 0.160607 0.135323
0.106105 0.106566 0.130522 0.118769 0.123351 0.174533 0.099620 0.140535
0.116523 0.109522 0.112499 0.134824 0.145907 0.154273 0.104145 0.122307
0.118854 0.118857 0.137637 0.144438 0.118361 0.130938 0.118431 0.112483
0.124478 0.122279 0.104581 0.125754 0.138870 0.122389 0.140222 0.121426
0.109872 0.107077 0.114719 0.170810 0.119565 0.118507 0.138993 0.120458
0.176596 0.126820 0.112254 0.108582 0.112112 0.132420 0.116759 0.114458
0.122084 0.143549 0.086488 0.096838 0.135544 0.128455 0.177829 0.109212
0.127679 0.130882 0.178953 0.092337 0.102026 0.113595 0.137457 0.117071
0.122513 0.113524 0.123319 0.123946 0.124299 0.129619 0.122207 0.140572
0.111042 0.140794 0.108144 0.130752 0.123044 0.116578 0.101085 0.168561
0.107956 0.100244 0.096173 0.160749 0.138580 0.152683 0.123154 0.120461
0.172615 0.110115 0.094796 0.127152 0.122571 0.135677 0.117810 0.119264
0.143793 0.127734 0.104580 0.127342 0.144086 0.135928 0.095806 0.120731
0.122240 0.117017 0.115363 0.105369 0.116601 0.164640 0.124030 0.134740
0.135890 0.143205 0.114947 0.085461 0.113309 0.133044 0.140917 0.133226
0.114329 0.120625 0.097132 0.123345 0.143581 0.177726 0.115863 0.107398
0.160150 0.140350 0.116148 0.117379 0.119822 0.117614 0.091689 0.136848
0.135145 0.103067 0.121214 0.155260 0.142123 0.153692 0.102432 0.087067
0.133101 0.121412 0.143771 0.125006 0.134902 0.121606 0.103504 0.116698
0.113555 0.124473 0.125984 0.142010 0.130564 0.141482 0.094234 0.127698
0.132651 0.127333 0.138745 0.133512 0.113715 0.108056 0.132658 0.113331
0.110241 0.108492 0.101264 0.144000 0.132865 0.168855 0.099013 0.135270
0.109435 0.128521 0.126830 0.120470 0.149319 0.135923 0.103187 0.126316
0.119867 0.124637 0.092376 0.133504 0.152093 0.129594 0.137952 0.109976
0.112398 0.117627 0.126326 0.125469 0.152362 0.134210 0.122693 0.108915
0.115543 0.098228 0.098749 0.139096 0.130102 0.143019 0.169605 0.105658
0.112421 0.099544 0.109971 0.158818 0.141912 0.141898 0.110140 0.125296
0.084259 0.119253 0.131422 0.126599 0.140810 0.124026 0.167289 0.106341
0.098755 0.107551 0.147071 0.113279 0.131256 0.131197 0.162912 0.107979
0.130896 0.125799 0.128214 0.101862 0.117155 0.112091 0.156953 0.127031
0.097095 0.089886 0.114654 0.175626 0.141671 0.140258 0.130999 0.109810
0.134734 0.124897 0.117422 0.113445 0.129068 0.108708 0.141609 0.130118
0.114762 0.122256 0.105913 0.123338 0.135220 0.136164 0.143914 0.118433
0.112783 0.142091 0.107763 0.111141 0.139920 0.125317 0.150093 0.110893
0.131565 0.136491 0.122035 0.118239 0.132324 0.119414 0.109193 0.130740
0.116804 0.102435 0.111333 0.124098 0.117257 0.115698 0.197060 0.115317
0.129413 0.114815 0.139204 0.168654 0.118589 0.100747 0.101364 0.127215
0.110392 0.106840 0.143392 0.138771 0.125861 0.186483 0.073826 0.114435
0.166926 0.158587 0.135884 0.084593 0.087107 0.085992 0.120962 0.159949
0.121592 0.123715 0.119352 0.120631 0.127013 0.125895 0.131689 0.130113
0.140211 0.128774 0.139344 0.087702 0.104280 0.106799 0.156463 0.136428
0.118869 0.121290 0.098147 0.100415 0.136224 0.150034 0.151245 0.123775
0.106083 0.115595 0.104165 0.139280 0.140901 0.152364 0.122861 0.118751
0.113008 0.106496 0.114555 0.125177 0.129197 0.136343 0.167274 0.107950
0.149439 0.097347 0.089232 0.143430 0.151900 0.154933 0.112747 0.100971
0.113319 0.108454 0.091212 0.132996 0.126460 0.127106 0.187648 0.112805
0.119120 0.102674 0.120941 0.132078 0.143995 0.117046 0.157761 0.106385
0.104448 0.111539 0.099185 0.113478 0.130547 0.120786 0.218256 0.101760
0.130153 0.122930 0.099058 0.139292 0.134134 0.147762 0.111593 0.115077
0.111000 0.136825 0.146017 0.111074 0.113869 0.095200 0.152945 0.133070
0.152278 0.160147 0.127157 0.100480 0.121205 0.121910 0.103525 0.113297
0.120522 0.125865 0.108888 0.125904 0.138623 0.138350 0.132404 0.109444
0.107922 0.125112 0.172725 0.133619 0.102494 0.117188 0.086023 0.154917
0.127531 0.121747 0.157085 0.113835 0.119256 0.122357 0.116849 0.121341
0.134096 0.144428 0.128461 0.116982 0.134169 0.115118 0.103903 0.122843
0.135840 0.130069 0.126150 0.122086 0.093044 0.094958 0.143244 0.154609
0.109614 0.113682 0.134635 0.125969 0.130461 0.127109 0.148885 0.109643
0.136812 0.137806 0.122741 0.112953 0.105588 0.156951 0.084039 0.143108
0.114927 0.106517 0.102755 0.150033 0.118536 0.144921 0.117225 0.145085
0.110467 0.114336 0.114106 0.114057 0.110322 0.130028 0.194361 0.112322
0.109941 0.097080 0.098184 0.137162 0.126481 0.218471 0.106612 0.106070
0.130840 0.115445 0.124810 0.128375 0.153109 0.104201 0.114936 0.128284
0.122616 0.137127 0.120860 0.126287 0.138367 0.110744 0.132052 0.111947
0.124180 0.110415 0.105928 0.107610 0.135286 0.117006 0.167057 0.132517
0.160865 0.098316 0.112735 0.101311 0.139897 0.119398 0.115115 0.152362
0.119010 0.106103 0.114460 0.128277 0.149694 0.106693 0.178713 0.097051
0.121635 0.116037 0.113795 0.122637 0.132056 0.143982 0.131275 0.118583
0.106473 0.112800 0.153252 0.121020 0.111945 0.124944 0.158995 0.110571
0.101016 0.111363 0.094296 0.138106 0.149719 0.166783 0.108818 0.129899
0.100319 0.102115 0.112654 0.141320 0.119522 0.151421 0.174806 0.097844
0.128741 0.128190 0.171773 0.113281 0.120648 0.116925 0.091198 0.129243
0.115186 0.122508 0.113354 0.115723 0.107925 0.110046 0.203566 0.111690
0.117929 0.140468 0.125328 0.108842 0.098280 0.176591 0.113224 0.119338
0.119441 0.111591 0.138694 0.103808 0.106825 0.155392 0.151555 0.112693
0.145839 0.128872 0.123834 0.092943 0.120153 0.120746 0.107088 0.160524
0.130062 0.117789 0.107563 0.130923 0.132682 0.113996 0.153169 0.113816
0.148282 0.127129 0.133613 0.111410 0.125056 0.113805 0.108881 0.131824
0.126998 0.126450 0.111785 0.106524 0.132920 0.118999 0.124982 0.151341
0.115080 0.112778 0.136557 0.132572 0.113141 0.118310 0.165184 0.106379
0.116294 0.099397 0.129827 0.122639 0.129907 0.099767 0.171115 0.131054
0.141132 0.128641 0.131456 0.119657 0.114959 0.085111 0.173255 0.105789
0.113922 0.136246 0.111122 0.120450 0.125117 0.110302 0.114275 0.168566
0.108298 0.102714 0.162057 0.105745 0.136685 0.114169 0.155498 0.114834
0.111507 0.110192 0.104902 0.134955 0.162225 0.128967 0.123361 0.123890
0.136864 0.110533 0.137976 0.108999 0.120290 0.138096 0.123438 0.123803
0.119016 0.128107 0.127080 0.141725 0.134010 0.139276 0.110625 0.100162
0.113303 0.116569 0.119695 0.113437 0.120333 0.173450 0.133018 0.110195
0.104288 0.106343 0.100999 0.128325 0.137187 0.112623 0.145549 0.164685
0.100881 0.102943 0.104724 0.135378 0.123216 0.133367 0.168968 0.130522
0.118608 0.111863 0.092191 0.174394 0.130859 0.096982 0.158031 0.117072
0.119806 0.098864 0.103518 0.126849 0.130589 0.127921 0.170067 0.122385
0.134034 0.157635 0.129694 0.113106 0.116879 0.118609 0.126603 0.103439
0.117923 0.129163 0.104668 0.140472 0.147727 0.100180 0.137953 0.121915
0.123115 0.154741 0.107611 0.100549 0.106186 0.152456 0.125921 0.129421
0.126303 0.112680 0.119890 0.120895 0.136678 0.123392 0.169494 0.090668
0.142960 0.107345 0.137172 0.118566 0.104576 0.109961 0.167402 0.112018
0.108953 0.114491 0.119478 0.119122 0.133340 0.111316 0.106054 0.187246
0.104611 0.095254 0.174643 0.110396 0.128070 0.105501 0.164638 0.116887
0.113958 0.170566 0.121681 0.104308 0.126011 0.123481 0.128352 0.111643
0.097794 0.113079 0.159287 0.121254 0.152665 0.112819 0.124241 0.118860
0.131131 0.143560 0.124741 0.118570 0.126630 0.113976 0.118634 0.122760
0.109514 0.131121 0.122147 0.114922 0.108108 0.116414 0.180084 0.117692
0.098930 0.213274 0.118324 0.089125 0.092228 0.102371 0.151282 0.134467
0.105777 0.118726 0.127979 0.154493 0.143481 0.133764 0.111547 0.104233
0.127025 0.146909 0.115508 0.118025 0.101584 0.117205 0.128743 0.145002
0.113025 0.173296 0.113046 0.109656 0.120453 0.113260 0.106180 0.151083
0.115046 0.163074 0.122639 0.105251 0.116182 0.125667 0.131052 0.121089
0.124805 0.172269 0.097125 0.106564 0.152280 0.118915 0.110717 0.117326
0.136805 0.127166 0.126482 0.103199 0.126177 0.134446 0.121146 0.124578
0.126031 0.120378 0.149865 0.115103 0.123882 0.124877 0.106405 0.133459
0.132652 0.101194 0.097973 0.145123 0.142726 0.126618 0.149145 0.104569
0.133230 0.139299 0.116027 0.116403 0.124454 0.144190 0.110315 0.116082
0.131111 0.119802 0.101202 0.174652 0.150549 0.127104 0.103597 0.091983
0.104519 0.101164 0.099343 0.111491 0.132378 0.146619 0.190180 0.114307
0.112774 0.105893 0.120855 0.130620 0.134371 0.132667 0.107053 0.155767
0.112255 0.110608 0.101989 0.151640 0.144469 0.129163 0.129201 0.120675
0.113114 0.119428 0.131395 0.123272 0.143042 0.114367 0.151794 0.103587
0.117875 0.121312 0.117883 0.107669 0.134623 0.111535 0.174893 0.114211
0.111804 0.121804 0.167193 0.114219 0.097298 0.122531 0.123677 0.141474
0.136679 0.136805 0.116480 0.122285 0.129385 0.133853 0.113459 0.111054
0.113266 0.120390 0.112462 0.122336 0.127410 0.112118 0.161556 0.130462
0.149997 0.186153 0.144569 0.094625 0.113813 0.103493 0.069298 0.138053
0.117517 0.112876 0.100004 0.100266 0.122845 0.175789 0.154977 0.115725
0.120908 0.134948 0.122825 0.123604 0.118482 0.117315 0.110991 0.150927
0.123833 0.113466 0.113935 0.137367 0.127689 0.114421 0.149909 0.119380
0.106334 0.107467 0.091997 0.139902 0.136901 0.141068 0.177542 0.098789
0.109882 0.130034 0.092999 0.122233 0.147541 0.144496 0.136109 0.116707
0.121585 0.114448 0.120273 0.106133 0.119206 0.130855 0.169620 0.117880
0.093642 0.108115 0.108397 0.123471 0.154801 0.139316 0.147327 0.124932
0.107769 0.125593 0.133041 0.132079 0.133457 0.098215 0.145748 0.124097
0.159354 0.119580 0.132717 0.112014 0.149174 0.091689 0.121673 0.113799
0.108899 0.101670 0.100335 0.128681 0.163835 0.127353 0.160270 0.108957
0.081175 0.165796 0.110647 0.133438 0.140241 0.116956 0.151380 0.100368
0.129413 0.141639 0.102223 0.125469 0.136450 0.117882 0.153117 0.093808
0.183148 0.122152 0.104385 0.114148 0.124943 0.118712 0.111678 0.120834
0.109966 0.139599 0.107317 0.114669 0.121574 0.126305 0.149587 0.130983
0.118528 0.142890 0.124385 0.100436 0.100188 0.132401 0.183617 0.097554
0.129968 0.117516 0.127887 0.112214 0.131380 0.126726 0.152458 0.101851
0.122958 0.121618 0.129991 0.127402 0.118733 0.110850 0.128840 0.139609
0.126249 0.111417 0.126933 0.107720 0.136950 0.110743 0.158254 0.121733
0.114260 0.094789 0.090161 0.145609 0.152214 0.102314 0.192635 0.108017
0.121048 0.139149 0.134252 0.127137 0.127291 0.113084 0.097452 0.140587
0.134640 0.121409 0.117787 0.132343 0.134010 0.153902 0.101389 0.104519
0.113466 0.114433 0.094168 0.174353 0.159965 0.110278 0.113977 0.119359
0.110758 0.114925 0.121431 0.147291 0.166425 0.103916 0.114539 0.120715
0.128695 0.122014 0.117572 0.125254 0.138657 0.139615 0.100200 0.127993
0.099289 0.138714 0.120056 0.107986 0.129628 0.116084 0.150076 0.138167
0.124758 0.114401 0.137365 0.137039 0.125483 0.104382 0.126140 0.130432
0.158390 0.153500 0.131272 0.099340 0.117659 0.124422 0.094430 0.120987
0.130258 0.124772 0.142775 0.100457 0.130814 0.126633 0.143329 0.100963
0.115678 0.109630 0.147556 0.113718 0.113516 0.106663 0.169408 0.123830
0.114952 0.126237 0.112916 0.128052 0.153044 0.123017 0.100953 0.140829
0.115516 0.119039 0.153511 0.137545 0.123812 0.116644 0.118419 0.115512
0.114231 0.109151 0.110707 0.144051 0.121656 0.101675 0.193410 0.105119
0.092841 0.094725 0.087551 0.125594 0.153791 0.151712 0.166675 0.127111
0.120047 0.132874 0.099499 0.088199 0.116306 0.137132 0.152647 0.153297
0.135082 0.119115 0.122450 0.119292 0.120845 0.133226 0.132606 0.117383
0.104917 0.129985 0.099822 0.130551 0.154191 0.116388 0.135875 0.128271
0.139032 0.111074 0.142683 0.134554 0.133734 0.093660 0.122050 0.123213
0.101704 0.101427 0.136332 0.134919 0.148281 0.117171 0.151661 0.108506
0.118547 0.134489 0.118554 0.098799 0.142238 0.136678 0.104649 0.146045
0.121555 0.147599 0.106737 0.138628 0.135583 0.094831 0.142155 0.112912
0.139380 0.120402 0.149875 0.104242 0.129376 0.120901 0.134495 0.101330
0.130305 0.112771 0.124966 0.113275 0.144861 0.141396 0.124255 0.108171
0.115632 0.127444 0.136717 0.119264 0.133690 0.076351 0.104836 0.186066
0.151364 0.137430 0.120328 0.098058 0.097964 0.113463 0.169938 0.111455
0.130764 0.143055 0.105447 0.104843 0.126952 0.104657 0.170228 0.114053
0.124343 0.121717 0.131922 0.102002 0.114410 0.121255 0.168890 0.115462
0.106893 0.109237 0.099219 0.150820 0.143488 0.188725 0.089673 0.111945
0.116926 0.122321 0.099927 0.145653 0.158304 0.118988 0.104425 0.133456
0.133355 0.120464 0.121842 0.118251 0.119437 0.171366 0.091735 0.123551
0.107319 0.105112 0.083259 0.158356 0.143441 0.136704 0.124590 0.141220
0.133177 0.158171 0.111581 0.112150 0.115306 0.159686 0.109409 0.100520
0.125516 0.136020 0.154549 0.121914 0.120469 0.121558 0.096850 0.123124
0.128907 0.120323 0.104423 0.097054 0.111259 0.128875 0.192401 0.116756
0.125097 0.108286 0.106220 0.151144 0.119823 0.093454 0.177109 0.118869
0.113309 0.089606 0.137340 0.182278 0.130097 0.109287 0.122385 0.115697
0.116202 0.113050 0.095484 0.122857 0.108048 0.181152 0.137627 0.125580
0.115263 0.136566 0.126814 0.129138 0.142529 0.131313 0.121563 0.096813
0.102556 0.105065 0.110576 0.087828 0.101679 0.104225 0.266341 0.121729
0.139939 0.100379 0.078271 0.124611 0.151431 0.147362 0.112796 0.145212
0.134831 0.105951 0.094338 0.116847 0.132869 0.126269 0.206255 0.082640
0.106649 0.095561 0.184263 0.128189 0.119945 0.109246 0.127947 0.128200
0.118150 0.128850 0.129589 0.093100 0.123506 0.107152 0.159223 0.140430
0.113318 0.108570 0.100858 0.152338 0.150888 0.097471 0.183244 0.093315
0.109660 0.107515 0.115675 0.135085 0.126071 0.120631 0.161970 0.123395
0.136952 0.138776 0.101830 0.113554 0.126129 0.126438 0.109337 0.146984
0.123401 0.113195 0.100285 0.126463 0.136155 0.142980 0.144843 0.112679
0.131090 0.127787 0.114655 0.100687 0.102460 0.102013 0.175789 0.145520
0.146234 0.127564 0.096155 0.105852 0.125829 0.137851 0.132700 0.127815
0.159252 0.144459 0.124255 0.103183 0.126712 0.110383 0.114676 0.117081
0.103069 0.117905 0.123401 0.123132 0.121803 0.176498 0.120410 0.113781
0.129663 0.141509 0.155214 0.097995 0.111274 0.109424 0.117534 0.137386
0.129657 0.113823 0.116583 0.106703 0.119390 0.139003 0.149038 0.125804
0.121533 0.108552 0.125576 0.149095 0.117102 0.128914 0.125257 0.123971
0.135036 0.118322 0.115949 0.111292 0.117648 0.176205 0.095819 0.129728
0.139883 0.097406 0.128799 0.107448 0.140761 0.147505 0.121624 0.116574
0.130161 0.132080 0.121221 0.125966 0.132381 0.122749 0.120015 0.115428
0.117168 0.124529 0.085334 0.114605 0.146644 0.172619 0.131094 0.108007
0.134113 0.113029 0.103066 0.106117 0.151748 0.186577 0.115112 0.090238
0.103813 0.089328 0.119735 0.146403 0.122613 0.169177 0.149622 0.099310
0.110025 0.115057 0.134923 0.141930 0.117148 0.117912 0.140735 0.122270
0.120749 0.113558 0.143016 0.078175 0.126590 0.119199 0.199794 0.098918
0.121991 0.117942 0.172334 0.130385 0.124318 0.099412 0.105890 0.127728
0.133715 0.116286 0.124099 0.120341 0.124552 0.113599 0.122362 0.145047
0.133637 0.119809 0.113884 0.111326 0.146137 0.170310 0.083235 0.121662
0.129182 0.138041 0.116358 0.128639 0.135102 0.090399 0.139789 0.122490
0.111475 0.133204 0.105445 0.130335 0.106524 0.139298 0.154826 0.118894
0.130061 0.131319 0.137858 0.112137 0.115573 0.154530 0.125271 0.093250
0.143604 0.104079 0.125975 0.118623 0.129559 0.131113 0.137228 0.109820
0.114197 0.124564 0.108556 0.125449 0.114988 0.122869 0.167532 0.121845
0.103389 0.113711 0.112700 0.108270 0.116393 0.186289 0.147829 0.111420
0.106987 0.152354 0.106387 0.122025 0.124902 0.176546 0.110365 0.100433
0.134603 0.096444 0.103880 0.133097 0.115789 0.159927 0.131210 0.125050
0.114499 0.110928 0.122872 0.134532 0.147718 0.160856 0.090755 0.117840
0.111939 0.109675 0.125137 0.110377 0.122106 0.121391 0.154271 0.145102
0.126820 0.107287 0.123681 0.119653 0.125128 0.157033 0.128415 0.111983
0.146693 0.116812 0.102928 0.096306 0.118484 0.207899 0.088927 0.121951
0.121540 0.137857 0.107659 0.116926 0.140344 0.162087 0.102752 0.110835
0.108952 0.119239 0.099580 0.113498 0.123541 0.119765 0.204522 0.110902
0.131467 0.131193 0.112336 0.128498 0.131897 0.127174 0.112001 0.125435
0.125944 0.097039 0.124624 0.113483 0.131258 0.113788 0.199586 0.094278
0.150391 0.117769 0.121085 0.136071 0.141541 0.092935 0.118357 0.121850
0.113212 0.137507 0.130647 0.108027 0.117025 0.120246 0.155956 0.117379
0.115861 0.121457 0.094818 0.123283 0.130421 0.111594 0.147299 0.155267
0.126798 0.128404 0.118764 0.097450 0.130396 0.097713 0.183253 0.117221
0.143743 0.121019 0.152849 0.110093 0.114526 0.143552 0.096039 0.118178
0.132691 0.124659 0.124165 0.132299 0.129132 0.121785 0.129491 0.105778
0.128939 0.105927 0.111891 0.115518 0.138932 0.138501 0.136430 0.123862
0.133518 0.119516 0.107796 0.157741 0.136140 0.099760 0.109145 0.136384
0.112161 0.116521 0.106632 0.109750 0.129879 0.197284 0.141377 0.086396
0.137441 0.125169 0.112038 0.126828 0.131727 0.127284 0.125807 0.113705
0.114756 0.120523 0.162928 0.122883 0.131423 0.117147 0.130323 0.100017
0.104714 0.107680 0.133422 0.136489 0.115969 0.152661 0.122659 0.126406
0.105772 0.112149 0.134879 0.092955 0.105776 0.170735 0.153692 0.124043
0.117124 0.167244 0.123041 0.124961 0.118505 0.119179 0.109714 0.120230
0.109250 0.130905 0.095729 0.126103 0.134512 0.114769 0.165109 0.123623
0.118940 0.117626 0.104705 0.111404 0.132585 0.129206 0.158723 0.126809
0.130179 0.115912 0.104435 0.101228 0.115187 0.088732 0.193087 0.151240
0.118888 0.119664 0.103940 0.123858 0.145168 0.133080 0.132839 0.122564
0.135102 0.131222 0.120584 0.114045 0.131532 0.088039 0.156681 0.122795
0.128278 0.104733 0.125165 0.095528 0.108903 0.156534 0.152959 0.127899
0.105749 0.117832 0.104236 0.132915 0.143040 0.108199 0.166088 0.121940
0.121161 0.124330 0.107320 0.089782 0.117278 0.147399 0.184931 0.107799
0.131634 0.113856 0.133124 0.151868 0.166248 0.096717 0.088858 0.117695
0.118026 0.127434 0.115322 0.168592 0.141710 0.139019 0.094503 0.095393
0.131929 0.130577 0.119663 0.119455 0.136014 0.113048 0.133537 0.115778
0.108939 0.114394 0.134060 0.150213 0.150345 0.085812 0.134282 0.121954
0.089909 0.106406 0.084289 0.132888 0.123004 0.209043 0.161887 0.092573
0.136698 0.124644 0.119032 0.118932 0.128726 0.120012 0.120688 0.131268
0.150369 0.119943 0.121515 0.117853 0.119005 0.096409 0.147003 0.127904
0.117482 0.122352 0.090665 0.130216 0.144442 0.138018 0.141290 0.115534
0.121020 0.131878 0.119267 0.108704 0.110753 0.150324 0.149953 0.108100
0.112921 0.148029 0.124061 0.125551 0.129441 0.117476 0.140922 0.101599
0.107498 0.139561 0.107621 0.141631 0.138678 0.110805 0.115702 0.138503
0.130085 0.116603 0.125445 0.078327 0.090529 0.189282 0.139454 0.130275
0.122576 0.096933 0.126747 0.105147 0.120570 0.131847 0.171210 0.124970
0.118037 0.110165 0.127873 0.108554 0.089460 0.136401 0.182317 0.127192
0.131311 0.134102 0.127058 0.095364 0.127797 0.133332 0.122210 0.128825
0.113107 0.117555 0.129019 0.108796 0.118522 0.150203 0.137669 0.125129
0.113977 0.131905 0.093989 0.143677 0.130138 0.140388 0.097389 0.148536
0.126856 0.127134 0.101067 0.128596 0.141496 0.104292 0.147646 0.122913
0.119948 0.114826 0.115575 0.134413 0.140509 0.114835 0.152681 0.107214
0.123905 0.125128 0.095963 0.134073 0.142859 0.111879 0.137943 0.128249
0.130650 0.118623 0.133268 0.158989 0.114740 0.093966 0.114226 0.135538
0.119427 0.116159 0.134615 0.127989 0.128073 0.090181 0.196205 0.087351
0.104177 0.119730 0.149127 0.114184 0.117949 0.103238 0.182332 0.109263
0.118441 0.118441 0.109648 0.126408 0.140065 0.141198 0.088034 0.157765
0.121504 0.130602 0.130750 0.108202 0.125814 0.155388 0.120807 0.106933
0.096620 0.106772 0.087097 0.212335 0.145668 0.094734 0.115739 0.141035
0.156260 0.137609 0.095560 0.118578 0.117882 0.115503 0.130996 0.127614
0.120211 0.122116 0.169442 0.105436 0.117763 0.182760 0.083814 0.098459
0.111123 0.123346 0.135107 0.114112 0.123168 0.163802 0.120512 0.108829
0.115479 0.131711 0.126721 0.128363 0.137493 0.135888 0.090809 0.133536
0.100904 0.112003 0.107714 0.142072 0.130999 0.116147 0.185376 0.104784
0.114350 0.108046 0.127656 0.084597 0.097705 0.202133 0.124880 0.140633
0.118732 0.173378 0.097891 0.118287 0.128050 0.129252 0.097723 0.136687
0.115736 0.139641 0.134109 0.108612 0.136720 0.104821 0.138380 0.121981
0.096940 0.093169 0.092576 0.118452 0.116950 0.156922 0.194054 0.130937
0.135238 0.120787 0.112939 0.103777 0.119877 0.158745 0.113693 0.134945
0.118362 0.123591 0.127286 0.123322 0.147979 0.120860 0.111088 0.127511
0.126210 0.117359 0.146514 0.095670 0.118739 0.115720 0.177550 0.102239
0.141795 0.147997 0.116242 0.105789 0.137510 0.123327 0.114121 0.113219
0.096304 0.102239 0.100432 0.136553 0.138602 0.195199 0.141576 0.089094
0.117947 0.114594 0.125528 0.123198 0.125095 0.127702 0.134885 0.131050
0.120032 0.109201 0.108595 0.128384 0.135102 0.108782 0.185757 0.104147
0.120580 0.160582 0.133664 0.131297 0.133606 0.115789 0.102582 0.101899
0.095981 0.104294 0.157650 0.118874 0.119356 0.107870 0.157569 0.138405
0.123188 0.119508 0.130924 0.110173 0.138071 0.106082 0.121572 0.150482
0.153264 0.134259 0.140441 0.117788 0.114435 0.111984 0.102363 0.125467
0.134807 0.118573 0.131985 0.128234 0.118418 0.134895 0.102934 0.130154
0.138618 0.135056 0.105529 0.092800 0.091179 0.105439 0.214387 0.116992
0.119451 0.178271 0.108184 0.140322 0.131141 0.110159 0.114439 0.098034
0.123185 0.111232 0.163743 0.109219 0.122893 0.145913 0.084930 0.138883
0.127148 0.091458 0.115164 0.118785 0.151481 0.116687 0.166462 0.112814
0.100928 0.107155 0.093805 0.120304 0.115940 0.117948 0.241141 0.102779
0.111318 0.104107 0.119170 0.141272 0.146398 0.107312 0.124397 0.146025
0.104675 0.102483 0.098438 0.139662 0.166732 0.160612 0.120452 0.106946
0.122113 0.114908 0.108511 0.152849 0.143886 0.123829 0.136587 0.097316
0.122120 0.124586 0.109925 0.130225 0.108163 0.128732 0.133597 0.142652
0.121247 0.122439 0.098574 0.113768 0.145544 0.169412 0.131475 0.097541
0.118608 0.113936 0.104900 0.120978 0.136362 0.125862 0.151152 0.128203
0.132423 0.097750 0.112843 0.143074 0.129717 0.108137 0.124868 0.151188
0.112853 0.094989 0.154088 0.112205 0.123382 0.122628 0.144152 0.135704
0.111868 0.169802 0.112535 0.095280 0.093613 0.174681 0.138112 0.104110
0.123956 0.119323 0.123802 0.125774 0.124459 0.128635 0.148768 0.105283
0.116926 0.124955 0.129796 0.111082 0.131259 0.135511 0.140629 0.109843
0.107080 0.130486 0.107952 0.092613 0.108914 0.122904 0.211849 0.118204
0.126573 0.089853 0.092392 0.155887 0.136638 0.104425 0.152158 0.142074
0.121132 0.120694 0.122576 0.119503 0.138243 0.106362 0.143952 0.127538
0.121042 0.149889 0.130933 0.109440 0.117021 0.116269 0.136026 0.119381
0.125455 0.114034 0.166557 0.130307 0.132779 0.081519 0.088333 0.161017
0.139381 0.117247 0.128595 0.115905 0.142858 0.131829 0.092994 0.131192
0.123010 0.109833 0.103692 0.120275 0.140667 0.138215 0.163067 0.101241
0.137047 0.122624 0.117404 0.141710 0.125204 0.111863 0.084389 0.159759
0.114061 0.115969 0.098769 0.155066 0.158143 0.127420 0.121540 0.109031
0.118540 0.136014 0.114439 0.133426 0.146072 0.114030 0.126230 0.111249
0.147850 0.125745 0.126575 0.125749 0.104887 0.110085 0.133465 0.125643
0.110596 0.122070 0.113992 0.137643 0.112309 0.136437 0.130681 0.136272
0.118381 0.126736 0.164871 0.110238 0.139809 0.119683 0.121831 0.098452
0.136874 0.136834 0.140175 0.117437 0.127908 0.104506 0.121965 0.114300
0.123156 0.129934 0.119829 0.128320 0.119329 0.135432 0.097435 0.146566
0.114142 0.130677 0.116110 0.132229 0.148341 0.140800 0.105895 0.111805
0.110629 0.109402 0.107263 0.156279 0.139491 0.139415 0.113638 0.123884
0.147249 0.137767 0.177841 0.107353 0.110741 0.105324 0.094578 0.119148
0.100742 0.118410 0.090391 0.094186 0.119298 0.196902 0.185056 0.095014
0.116304 0.105936 0.139380 0.133431 0.144915 0.102903 0.130683 0.126447
0.125226 0.108738 0.112402 0.129167 0.140392 0.137632 0.109978 0.136466
0.122980 0.120210 0.102252 0.123530 0.128981 0.128984 0.162827 0.110236
0.126365 0.122994 0.104526 0.120241 0.155565 0.114482 0.145644 0.110185
0.125357 0.125021 0.099778 0.131372 0.118871 0.134032 0.152160 0.113409
0.147617 0.144570 0.133233 0.121538 0.127421 0.128773 0.077110 0.119739
0.133940 0.101468 0.117684 0.100929 0.117922 0.120214 0.210219 0.097624
0.123076 0.116760 0.112010 0.102719 0.105414 0.107000 0.171609 0.161413
0.092207 0.113941 0.101418 0.104980 0.117267 0.184995 0.129356 0.155835
0.130547 0.127064 0.136831 0.100883 0.113370 0.136554 0.130200 0.124553
0.097657 0.110619 0.121271 0.129738 0.194568 0.103849 0.132641 0.109658
0.120218 0.129776 0.118866 0.074877 0.090286 0.188613 0.153580 0.123785
0.136679 0.151937 0.131287 0.099992 0.120073 0.146306 0.107660 0.106066
0.115849 0.130518 0.108350 0.137126 0.171656 0.111088 0.113991 0.111423
0.109429 0.101199 0.089307 0.142869 0.156221 0.108216 0.131316 0.161443
0.103457 0.103070 0.133517 0.124077 0.169718 0.099889 0.157493 0.108778
0.135860 0.121959 0.101420 0.145174 0.130151 0.104875 0.129966 0.130595
0.114244 0.121509 0.099336 0.145952 0.139511 0.141485 0.131193 0.106772
0.109619 0.103657 0.114252 0.119280 0.149759 0.113326 0.130704 0.159403
0.138305 0.117546 0.090341 0.108731 0.135736 0.108809 0.164548 0.135983
0.117107 0.123468 0.114768 0.122058 0.123711 0.120588 0.158478 0.119822
0.128867 0.114695 0.116407 0.122882 0.148062 0.137665 0.119907 0.111515
0.158707 0.115313 0.122206 0.113652 0.134630 0.123862 0.127008 0.104622
0.138063 0.108211 0.119028 0.189023 0.127657 0.111873 0.102345 0.103800
0.123188 0.101795 0.141584 0.121065 0.109001 0.146086 0.154112 0.103169
0.138152 0.123476 0.149582 0.109799 0.144773 0.110215 0.104168 0.119834
0.102062 0.182280 0.123234 0.097605 0.117386 0.098019 0.162343 0.117072
0.122577 0.132973 0.134806 0.092060 0.103521 0.101986 0.152118 0.159958
0.121965 0.111999 0.128395 0.127895 0.139224 0.125923 0.107512 0.137087
0.138439 0.150062 0.125527 0.112303 0.095972 0.093298 0.131735 0.152665
0.125740 0.112512 0.136576 0.141144 0.124513 0.121571 0.124568 0.113376
0.139155 0.125167 0.143519 0.103134 0.097760 0.110666 0.168672 0.111926
0.122274 0.131346 0.127364 0.124509 0.129202 0.099850 0.136820 0.128636
0.101286 0.090061 0.095737 0.145609 0.143010 0.135350 0.162672 0.126275
0.119399 0.117642 0.113136 0.155256 0.154077 0.114330 0.110413 0.115747
0.092736 0.116295 0.095746 0.151954 0.147716 0.165824 0.132119 0.097610
0.095744 0.133096 0.109139 0.125926 0.128087 0.161888 0.148138 0.097981
0.104909 0.106540 0.105037 0.144710 0.148142 0.125876 0.145547 0.119238
0.113846 0.133316 0.108551 0.121742 0.159381 0.122003 0.119180 0.121979
0.133204 0.130394 0.135453 0.118458 0.121057 0.117674 0.111135 0.132625
0.174915 0.104011 0.114911 0.113254 0.123254 0.152748 0.106644 0.110263
0.139731 0.108295 0.134315 0.146387 0.141751 0.118781 0.106413 0.104327
0.121159 0.106711 0.118851 0.117317 0.109202 0.115901 0.134332 0.176528
0.135085 0.114986 0.113778 0.144141 0.147205 0.140109 0.091746 0.112950
0.120397 0.125401 0.109523 0.130731 0.128303 0.125821 0.151409 0.108416
0.129324 0.158520 0.123871 0.111603 0.124438 0.112432 0.129110 0.110703
0.123016 0.129551 0.148632 0.097024 0.100175 0.157441 0.113542 0.130619
0.100790 0.114484 0.110990 0.155939 0.154103 0.096173 0.168579 0.098942
0.130252 0.125119 0.124014 0.115873 0.151278 0.094145 0.108647 0.150672
0.127435 0.101360 0.143891 0.103617 0.122389 0.164962 0.126005 0.110341
0.109382 0.103789 0.112293 0.151881 0.147933 0.172902 0.113470 0.088349
0.087997 0.121592 0.092972 0.110074 0.123181 0.149349 0.171095 0.143740
0.110419 0.103462 0.105822 0.128114 0.127616 0.201375 0.116471 0.106721
0.116962 0.115209 0.108604 0.129684 0.127934 0.182689 0.109483 0.109436
0.118225 0.125583 0.132632 0.121330 0.129046 0.124039 0.121861 0.127283
0.120619 0.113543 0.137868 0.112858 0.108513 0.101089 0.181632 0.123878
0.102590 0.099167 0.100397 0.126428 0.130918 0.154096 0.194797 0.091606
0.115415 0.118688 0.097261 0.111560 0.141975 0.120551 0.113933 0.180619
0.126944 0.125114 0.120716 0.116334 0.113681 0.145704 0.131573 0.119934
0.111019 0.113085 0.103830 0.132928 0.135056 0.140817 0.168036 0.095229
0.122430 0.167772 0.116196 0.111756 0.104519 0.102300 0.137654 0.137372
0.117236 0.119892 0.110204 0.115107 0.119459 0.116544 0.134550 0.167008
0.113848 0.113853 0.102879 0.132119 0.139147 0.105335 0.187497 0.105322
0.147856 0.144492 0.112268 0.121824 0.134383 0.101079 0.116724 0.121374
0.140493 0.131909 0.121681 0.121467 0.120810 0.108544 0.131316 0.123780
0.129675 0.104675 0.115434 0.131666 0.119935 0.115736 0.174556 0.108324
0.113547 0.110663 0.094082 0.124604 0.132018 0.122712 0.183185 0.119189
0.132340 0.129088 0.113926 0.121886 0.122314 0.165612 0.099317 0.115516
0.091597 0.094702 0.139005 0.147260 0.146118 0.162702 0.099374 0.119242
0.122209 0.117242 0.128205 0.138287 0.147934 0.116231 0.114763 0.115130
0.125237 0.114727 0.116927 0.130863 0.131538 0.125135 0.098387 0.157186
0.093945 0.114778 0.105586 0.147866 0.136002 0.139745 0.156009 0.106067
0.125556 0.120811 0.106150 0.124936 0.140224 0.157399 0.123153 0.101770
0.110214 0.105622 0.179435 0.133124 0.132761 0.112496 0.110854 0.115494
0.116632 0.121423 0.119361 0.101841 0.124159 0.150836 0.116641 0.149107
0.128599 0.112167 0.166838 0.111031 0.135174 0.111188 0.130530 0.104474
0.125438 0.110390 0.129645 0.164948 0.119991 0.142747 0.098641 0.108200
0.111499 0.131937 0.116479 0.109251 0.124306 0.180924 0.091366 0.134237
0.143021 0.138365 0.136480 0.122455 0.134113 0.099596 0.110898 0.115072
0.116073 0.111815 0.095511 0.135479 0.107273 0.168291 0.144991 0.120567
0.127203 0.141271 0.099460 0.099080 0.115574 0.160759 0.119998 0.136655
0.125458 0.125564 0.116297 0.105755 0.107691 0.160496 0.143156 0.115584
0.126295 0.105359 0.103623 0.115140 0.122842 0.167509 0.148810 0.110422
0.121295 0.117301 0.097028 0.114455 0.132549 0.173002 0.102069 0.142301
0.129597 0.129230 0.124100 0.125665 0.132004 0.129146 0.108176 0.122081
0.093295 0.096316 0.101186 0.148314 0.155818 0.152231 0.157165 0.095676
0.111130 0.127743 0.101595 0.112025 0.124098 0.152374 0.146460 0.124574
0.130157 0.124731 0.127559 0.127323 0.128834 0.126574 0.116434 0.118388
0.110912 0.093459 0.100191 0.183930 0.116261 0.121944 0.167344 0.105959
0.117512 0.120329 0.095936 0.131884 0.155171 0.089337 0.150441 0.139390
0.122995 0.125088 0.108166 0.144345 0.146845 0.127465 0.113598 0.111499
0.108282 0.122113 0.148574 0.125279 0.114054 0.143530 0.124785 0.113382
0.136142 0.134295 0.107843 0.114465 0.138804 0.108993 0.135929 0.123530
0.138274 0.134695 0.142029 0.119095 0.127240 0.103107 0.123652 0.111909
0.116580 0.102393 0.152170 0.105786 0.136339 0.130482 0.150904 0.105346
0.135051 0.131901 0.161366 0.078936 0.099689 0.107299 0.143654 0.142104
0.153641 0.115543 0.109461 0.097228 0.118533 0.150576 0.123792 0.131226
0.127880 0.130441 0.132531 0.131792 0.117618 0.142819 0.092074 0.124844
0.109830 0.124411 0.100015 0.132874 0.144485 0.118042 0.133852 0.136491
0.119007 0.148794 0.099898 0.153781 0.139955 0.116962 0.107563 0.114039
0.106164 0.118277 0.112025 0.133012 0.130829 0.172128 0.119545 0.108019
0.109932 0.116231 0.096500 0.102254 0.122368 0.113774 0.181287 0.157654
0.124272 0.099821 0.117880 0.134139 0.152911 0.142671 0.117016 0.111289
0.095283 0.112133 0.103102 0.104560 0.118680 0.170238 0.173225 0.122779
0.106142 0.101134 0.123534 0.149330 0.134424 0.148355 0.124248 0.112832
0.142985 0.088015 0.111876 0.131478 0.100243 0.151095 0.162169 0.112137
0.133019 0.141519 0.119362 0.133729 0.136552 0.126649 0.104735 0.104435
0.111649 0.137782 0.106292 0.130488 0.129910 0.135418 0.132079 0.116383
0.128136 0.109922 0.141697 0.150352 0.137925 0.102923 0.108787 0.120260
0.116835 0.124061 0.123403 0.120300 0.140875 0.109002 0.124082 0.141440
0.109736 0.124485 0.100416 0.106018 0.110617 0.134369 0.158716 0.155643
0.130610 0.110670 0.112983 0.152067 0.146863 0.109834 0.135800 0.101172
0.116847 0.149755 0.136993 0.093597 0.170092 0.082011 0.100391 0.150314
0.123392 0.140112 0.128541 0.125393 0.145572 0.113029 0.110172 0.113788
0.145129 0.113517 0.115858 0.101111 0.104329 0.096416 0.188823 0.134816
0.121175 0.131646 0.115636 0.123073 0.143787 0.098159 0.144152 0.122371
0.123661 0.141660 0.127648 0.137292 0.130871 0.109140 0.106182 0.123546
0.104964 0.112080 0.103689 0.125548 0.111905 0.155865 0.158038 0.127911
0.158984 0.112397 0.103833 0.125012 0.124353 0.091242 0.180629 0.103551
0.125267 0.126170 0.118812 0.136206 0.139507 0.122838 0.128063 0.103136
0.111143 0.119864 0.110415 0.124114 0.138990 0.127247 0.147028 0.121199
0.119199 0.122206 0.148290 0.109136 0.121404 0.115520 0.127826 0.136419
0.099829 0.107785 0.117481 0.108937 0.096782 0.110348 0.202561 0.156277
0.124886 0.126619 0.108950 0.116923 0.101345 0.138273 0.166247 0.116758
0.112769 0.121293 0.151528 0.119170 0.108336 0.164872 0.123696 0.098335
0.128076 0.128244 0.114038 0.117933 0.125289 0.128897 0.148366 0.109157
0.109141 0.094985 0.138858 0.117575 0.107568 0.115794 0.172422 0.143658
0.129502 0.131263 0.132831 0.130007 0.112813 0.092473 0.136429 0.134683
0.111221 0.112362 0.092257 0.118994 0.120269 0.230007 0.107731 0.107159
0.117965 0.142905 0.100376 0.097772 0.123140 0.127038 0.152522 0.138282
0.166756 0.125480 0.113557 0.101456 0.109600 0.106285 0.155491 0.121376
0.122263 0.106061 0.117286 0.123783 0.104168 0.097570 0.215405 0.113463
0.112611 0.122692 0.109508 0.142452 0.156364 0.149196 0.084742 0.122435
0.115691 0.128273 0.123688 0.125286 0.110674 0.133565 0.132177 0.130646
0.150165 0.144055 0.107950 0.138371 0.138955 0.103921 0.108949 0.107634
0.130309 0.129057 0.135954 0.100639 0.117704 0.111043 0.121969 0.153326
0.136647 0.113377 0.098408 0.132873 0.149519 0.103618 0.158367 0.107192
0.129594 0.116091 0.136110 0.139422 0.131481 0.128167 0.115670 0.103465
0.111346 0.109127 0.132224 0.095267 0.127891 0.149302 0.147776 0.127066
0.119983 0.123902 0.117803 0.161962 0.161395 0.095549 0.101313 0.118094
0.119535 0.123075 0.125646 0.125428 0.093706 0.139258 0.154649 0.118703
0.133446 0.141818 0.128600 0.119836 0.116971 0.116509 0.105821 0.137000
0.113327 0.139398 0.171808 0.103758 0.093123 0.125706 0.121182 0.131697
0.112897 0.109196 0.102441 0.139127 0.128326 0.101499 0.159779 0.146735
0.127594 0.126258 0.112106 0.105295 0.116063 0.120348 0.168499 0.123837
0.112598 0.124595 0.110776 0.141491 0.136768 0.133897 0.120797 0.119079
0.115493 0.127033 0.111880 0.131749 0.130313 0.108878 0.155880 0.118774
0.107594 0.167512 0.113648 0.079346 0.118987 0.120656 0.172246 0.120012
0.124179 0.123116 0.116921 0.123920 0.130266 0.113174 0.135577 0.132847
0.143796 0.116335 0.104281 0.138168 0.133462 0.120323 0.129740 0.113894
0.155781 0.123198 0.141645 0.113730 0.112713 0.104660 0.127614 0.120660
0.116131 0.100593 0.115851 0.133762 0.139535 0.108646 0.168377 0.117105
0.104236 0.122323 0.115250 0.116194 0.174367 0.105432 0.125778 0.136420
0.118698 0.127756 0.131551 0.141598 0.146973 0.117975 0.097388 0.118061
0.148950 0.110969 0.141348 0.102140 0.133591 0.093548 0.126827 0.142627
0.135885 0.142342 0.138530 0.130199 0.109177 0.144495 0.090529 0.108844
0.114448 0.116067 0.124100 0.132504 0.105812 0.151017 0.129103 0.126948
0.157699 0.110852 0.107090 0.109550 0.128152 0.133697 0.114091 0.138870
0.117343 0.116798 0.097804 0.159167 0.140905 0.141009 0.132450 0.094524
0.116280 0.117556 0.105563 0.132036 0.122264 0.149669 0.100410 0.156222
0.116951 0.113473 0.106349 0.118625 0.130971 0.137125 0.153389 0.123118
0.116855 0.127128 0.110506 0.153461 0.163322 0.132666 0.102657 0.093404
0.124404 0.122193 0.131135 0.111803 0.129323 0.134486 0.120878 0.125778
0.140727 0.099068 0.144546 0.078239 0.115910 0.120590 0.137974 0.162946
0.126871 0.127098 0.125749 0.120741 0.143049 0.102481 0.140460 0.113551
0.117411 0.167405 0.124057 0.130660 0.121044 0.110375 0.115111 0.113938
0.132416 0.135960 0.119381 0.136666 0.115277 0.105181 0.123391 0.131727
0.118058 0.118058 0.090750 0.121419 0.115733 0.102594 0.221180 0.112208
0.139297 0.145786 0.131120 0.111376 0.094824 0.096946 0.138216 0.142436
0.130045 0.124746 0.099357 0.111224 0.122025 0.105166 0.175675 0.131762
0.121286 0.124306 0.167068 0.118372 0.126475 0.135507 0.081093 0.125892
0.093968 0.098612 0.123023 0.106308 0.109997 0.169871 0.184581 0.113640
0.142656 0.125989 0.097710 0.115539 0.135632 0.120806 0.135859 0.125809
0.141080 0.140975 0.100225 0.104608 0.117213 0.114771 0.121566 0.159561
0.119281 0.110948 0.102087 0.159724 0.151391 0.127672 0.112570 0.116328
0.133283 0.134334 0.114485 0.125368 0.121882 0.148020 0.111540 0.111088
0.122564 0.120574 0.122080 0.118964 0.120955 0.119849 0.145294 0.129719
0.131241 0.122907 0.124507 0.122205 0.133753 0.128189 0.117848 0.119348
0.114720 0.117302 0.105503 0.140938 0.148355 0.118685 0.151832 0.102665
0.141797 0.141797 0.109635 0.132977 0.149644 0.100894 0.107054 0.116201
0.114051 0.110795 0.135954 0.100445 0.120488 0.121288 0.193669 0.103310
0.106986 0.114253 0.129430 0.129595 0.119830 0.121823 0.159776 0.118308
0.099764 0.104337 0.097435 0.121543 0.125756 0.110863 0.186633 0.153669
0.138895 0.120893 0.132618 0.118280 0.131669 0.118660 0.107005 0.131979
0.104045 0.115776 0.115842 0.126960 0.137853 0.136757 0.158342 0.104426
0.112616 0.144693 0.167697 0.097216 0.109611 0.117672 0.106371 0.144124
0.146039 0.114918 0.106249 0.116134 0.110358 0.130715 0.156496 0.119092
0.137966 0.128946 0.131006 0.122528 0.136616 0.101876 0.128639 0.112422
0.125256 0.177206 0.099725 0.142964 0.102123 0.142905 0.086919 0.122903
0.134713 0.135851 0.115838 0.139813 0.116470 0.112541 0.123296 0.121478
0.117856 0.116520 0.120384 0.112252 0.127516 0.128410 0.144708 0.132354
0.116232 0.136914 0.096596 0.121334 0.148831 0.113956 0.148977 0.117160
0.111509 0.110449 0.110906 0.131939 0.129248 0.133483 0.161773 0.110693
0.101284 0.119400 0.116840 0.125462 0.135170 0.135628 0.164490 0.101727
0.089593 0.131780 0.099326 0.123290 0.142164 0.131514 0.158885 0.123447
0.190971 0.111285 0.103145 0.128677 0.107738 0.113815 0.099520 0.144848
0.163556 0.119195 0.093115 0.114875 0.123885 0.108027 0.160523 0.116825
0.123288 0.136694 0.124244 0.107935 0.115437 0.101394 0.164032 0.126976
0.119756 0.125259 0.108503 0.111414 0.137635 0.094823 0.192518 0.110092
0.108849 0.126538 0.099940 0.131870 0.148876 0.115552 0.129630 0.138744
0.114331 0.144357 0.126664 0.102617 0.152401 0.123702 0.104946 0.130981
0.121564 0.130771 0.129686 0.132169 0.142814 0.114738 0.106466 0.121792
0.108718 0.116788 0.141730 0.133246 0.126788 0.115713 0.133119 0.123899
0.116653 0.127867 0.116420 0.114731 0.145530 0.149896 0.126027 0.102876
0.146894 0.120278 0.131096 0.114711 0.095677 0.131160 0.101877 0.158307
0.130246 0.118208 0.119837 0.097934 0.114150 0.140614 0.171324 0.107686
0.150570 0.129096 0.112399 0.090489 0.110997 0.129474 0.170074 0.106901
0.140906 0.121803 0.132985 0.116509 0.108709 0.139839 0.086974 0.152275
0.111599 0.115937 0.088008 0.118308 0.123543 0.114966 0.164232 0.163407
0.109795 0.129911 0.113636 0.149184 0.163447 0.092496 0.122743 0.118789
0.100598 0.116148 0.128523 0.132865 0.103943 0.132449 0.171310 0.114163
0.091602 0.113319 0.120168 0.178745 0.148734 0.118574 0.111354 0.117505
0.101282 0.109280 0.112701 0.156795 0.133957 0.105033 0.190916 0.090037
0.104761 0.085119 0.079998 0.131784 0.141101 0.168923 0.137368 0.150946
0.131037 0.119601 0.128489 0.123667 0.122521 0.130178 0.130491 0.114015
0.106763 0.117349 0.105477 0.172547 0.168847 0.115519 0.099500 0.113997
0.136873 0.102567 0.105364 0.122490 0.133236 0.109390 0.162967 0.127113
0.114934 0.110611 0.088950 0.111384 0.119226 0.139718 0.157289 0.157888
0.130795 0.142210 0.125281 0.108947 0.106116 0.121665 0.142030 0.122956
0.131638 0.130467 0.176661 0.120551 0.109080 0.110741 0.116436 0.104427
0.117114 0.123383 0.120613 0.123025 0.119684 0.111652 0.125368 0.159162
0.125203 0.142929 0.145185 0.084412 0.118504 0.103592 0.133026 0.147148
0.099258 0.096137 0.124437 0.138137 0.139515 0.114739 0.174531 0.113246
0.155952 0.131043 0.109865 0.103467 0.112032 0.117145 0.119148 0.151348
0.109985 0.119344 0.161825 0.135998 0.129100 0.111619 0.124470 0.107660
0.119488 0.133086 0.128242 0.116124 0.115378 0.142342 0.146768 0.098572
0.116948 0.123385 0.102592 0.151476 0.155571 0.117606 0.101097 0.131326
0.144030 0.161802 0.109139 0.100956 0.104011 0.101357 0.139345 0.139360
0.125474 0.126843 0.128010 0.139894 0.137157 0.118268 0.115506 0.108847
0.081124 0.102047 0.104604 0.121180 0.128915 0.157719 0.196653 0.107759
0.127299 0.118962 0.113707 0.116065 0.149069 0.133296 0.111665 0.129937
0.102672 0.087667 0.124324 0.120972 0.123869 0.167910 0.170793 0.101794
0.150457 0.107783 0.097045 0.103170 0.142341 0.159548 0.118462 0.121193
0.120446 0.115597 0.094996 0.132795 0.138895 0.147911 0.131175 0.118184
0.123034 0.121586 0.121847 0.132912 0.133149 0.131702 0.115530 0.120240
0.122896 0.125718 0.112650 0.154757 0.128652 0.091888 0.132112 0.131327
0.139681 0.122656 0.079446 0.086947 0.086887 0.166039 0.162168 0.156176
0.132432 0.115766 0.127678 0.138359 0.134355 0.128822 0.125242 0.097346
0.118346 0.143341 0.151842 0.093209 0.101610 0.109493 0.151312 0.130846
0.122735 0.139393 0.112668 0.113576 0.112075 0.105966 0.159448 0.134140
0.126300 0.132629 0.129148 0.110810 0.121849 0.123485 0.143081 0.112699
0.147185 0.138353 0.128715 0.116903 0.118211 0.112491 0.116570 0.121571
0.113319 0.105845 0.081737 0.145622 0.144275 0.143262 0.139846 0.126092
0.112917 0.115937 0.131203 0.121366 0.121486 0.127935 0.157757 0.111400
0.126402 0.130502 0.122510 0.131260 0.142842 0.115856 0.130989 0.099638
0.137090 0.145978 0.114427 0.104403 0.116108 0.170442 0.085008 0.126543
0.100227 0.096889 0.108339 0.173988 0.182810 0.141956 0.102380 0.093412
0.134207 0.109207 0.131680 0.125935 0.121176 0.145083 0.112938 0.119773
0.115902 0.128152 0.108712 0.130328 0.109661 0.163895 0.081893 0.161457
0.110078 0.113503 0.129892 0.111382 0.129383 0.117416 0.154125 0.134221
0.122554 0.108142 0.104453 0.179291 0.180508 0.122169 0.080265 0.102617
0.134745 0.122245 0.113262 0.136514 0.132818 0.128223 0.114269 0.117925
0.123520 0.129993 0.156176 0.104175 0.107869 0.115449 0.129430 0.133390
0.108917 0.098525 0.120944 0.115939 0.119921 0.103918 0.205122 0.126714
0.124517 0.147118 0.107352 0.141642 0.129521 0.104399 0.117891 0.127558
0.112529 0.108143 0.101025 0.110223 0.115341 0.181142 0.128360 0.143236
0.138928 0.106698 0.084844 0.124138 0.133997 0.170999 0.149108 0.091288
0.096013 0.118794 0.072761 0.104728 0.136636 0.176963 0.174033 0.120071
0.100346 0.117694 0.126754 0.116291 0.131445 0.115185 0.181484 0.110801
0.119799 0.104030 0.107916 0.160180 0.140848 0.169221 0.110989 0.087017
0.121409 0.123450 0.107964 0.117538 0.125209 0.156556 0.119095 0.128780
0.106164 0.121358 0.120511 0.102053 0.113186 0.137187 0.183487 0.116053
0.108989 0.119960 0.108857 0.130919 0.140462 0.108687 0.158228 0.123898
0.124139 0.143060 0.104731 0.112905 0.124453 0.117203 0.157988 0.115521
0.097347 0.113033 0.122210 0.130907 0.128796 0.108497 0.165641 0.133568
0.117114 0.129794 0.128524 0.098383 0.102763 0.102450 0.191748 0.129225
0.126027 0.118210 0.106504 0.125030 0.127472 0.131929 0.137661 0.127167
0.120385 0.129903 0.133249 0.118307 0.117398 0.091369 0.158110 0.131280
0.115096 0.096145 0.103111 0.124325 0.118515 0.153071 0.181276 0.108460
0.127198 0.112653 0.100383 0.150128 0.139973 0.128615 0.130964 0.110087
0.129502 0.137395 0.121491 0.127291 0.123219 0.097766 0.100276 0.163060
0.111840 0.105565 0.114102 0.133534 0.135619 0.162596 0.112959 0.123785
0.127037 0.125585 0.121048 0.135985 0.143638 0.115616 0.119142 0.111949
0.107210 0.121182 0.105322 0.120308 0.141780 0.185166 0.103375 0.115657
0.126944 0.130587 0.130921 0.108629 0.121150 0.130055 0.122218 0.129496
0.121298 0.126785 0.103689 0.114288 0.138112 0.138466 0.169719 0.087643
0.101918 0.119371 0.119511 0.134186 0.152620 0.152263 0.118082 0.102049
0.111131 0.111043 0.139104 0.135160 0.112375 0.147356 0.125194 0.118636
0.112766 0.110275 0.117029 0.134549 0.141911 0.128335 0.153377 0.101758
0.096755 0.103745 0.105019 0.122926 0.123452 0.111999 0.194278 0.141826
0.125521 0.155123 0.094555 0.118598 0.121474 0.118367 0.130341 0.136022
0.158899 0.125287 0.086978 0.130835 0.133448 0.094207 0.158034 0.112312
0.105871 0.171423 0.131086 0.087283 0.111332 0.123581 0.143409 0.126016
0.134472 0.130490 0.132178 0.106691 0.135930 0.105450 0.125748 0.129041
0.108934 0.112702 0.119166 0.112730 0.115478 0.107152 0.205370 0.118468
0.089351 0.104392 0.146670 0.109929 0.103747 0.145526 0.182373 0.118012
0.117526 0.113041 0.116080 0.115708 0.119986 0.136502 0.162277 0.118880
0.143063 0.124618 0.131933 0.155259 0.132565 0.116765 0.090129 0.105666
0.127507 0.108798 0.112186 0.116297 0.095683 0.172619 0.156457 0.110452
0.129795 0.111562 0.106335 0.111852 0.123535 0.174959 0.111146 0.130816
0.099403 0.123621 0.097533 0.130202 0.132681 0.089164 0.209598 0.117798
0.089140 0.159631 0.118857 0.105687 0.115108 0.116637 0.165714 0.129225
0.108464 0.153258 0.110715 0.110931 0.131893 0.139248 0.134772 0.110720
0.121431 0.121346 0.101471 0.140197 0.145567 0.185623 0.086371 0.097994
0.118223 0.122654 0.112323 0.109796 0.123797 0.121737 0.182176 0.109294
0.124082 0.125970 0.114400 0.105224 0.119100 0.122427 0.175501 0.113297
0.145428 0.111603 0.125389 0.143968 0.127336 0.112538 0.101083 0.132655
0.102262 0.103087 0.114376 0.133515 0.104874 0.168699 0.165099 0.108087
0.149202 0.115541 0.118107 0.123477 0.131354 0.128363 0.135129 0.098828
0.122989 0.123834 0.105138 0.098397 0.158213 0.110372 0.176511 0.104546
0.122532 0.118390 0.114953 0.144979 0.143502 0.110379 0.104791 0.140473
0.127695 0.127006 0.120564 0.091201 0.103954 0.137609 0.173170 0.118800
0.123219 0.118051 0.127873 0.120588 0.120583 0.120969 0.139089 0.129628
0.102196 0.167055 0.125829 0.107553 0.113932 0.115513 0.136375 0.131547
0.109406 0.129439 0.097762 0.130675 0.155343 0.112339 0.152340 0.112697
0.132364 0.123997 0.112804 0.147327 0.150617 0.107673 0.112733 0.112483
0.101444 0.107486 0.117799 0.119780 0.127433 0.129327 0.177249 0.119482
0.118747 0.122870 0.100158 0.132496 0.152279 0.122621 0.141411 0.109418
0.129467 0.124942 0.167745 0.115701 0.114910 0.126948 0.117632 0.102654
0.102392 0.117053 0.141728 0.096342 0.106342 0.100603 0.179482 0.156058
0.127478 0.148202 0.114091 0.119550 0.098585 0.118043 0.123150 0.150901
0.127058 0.124486 0.097323 0.149685 0.147151 0.109279 0.150916 0.094102
0.126330 0.128917 0.127090 0.118194 0.104031 0.129840 0.129696 0.135903
0.116437 0.131856 0.091422 0.136961 0.141603 0.113040 0.149838 0.118843
0.141337 0.123286 0.111246 0.142975 0.136779 0.135256 0.102503 0.106618
0.121036 0.120806 0.120026 0.119703 0.140529 0.115076 0.151937 0.110888
0.117651 0.151662 0.099134 0.119274 0.137358 0.099652 0.116675 0.158593
0.120836 0.115753 0.123278 0.123816 0.123404 0.126997 0.157732 0.108182
0.117418 0.116419 0.123903 0.128683 0.130614 0.096304 0.176427 0.110233
0.115325 0.119246 0.130572 0.129664 0.134148 0.111863 0.102506 0.156677
0.112403 0.095360 0.103723 0.149113 0.156991 0.106968 0.164576 0.110866
0.117983 0.119386 0.113229 0.138900 0.143711 0.106016 0.143852 0.116924
0.105570 0.120962 0.087748 0.124597 0.141345 0.135803 0.177560 0.106415
0.129351 0.139042 0.124899 0.142319 0.146793 0.101472 0.096318 0.119807
0.091964 0.099670 0.146979 0.096241 0.108572 0.155405 0.181771 0.119397
0.124788 0.121004 0.118384 0.113681 0.114949 0.125380 0.141462 0.140352
0.117161 0.118115 0.118727 0.128406 0.102924 0.177565 0.122623 0.114479
0.133908 0.121198 0.140163 0.114944 0.120763 0.138156 0.116112 0.114756
0.121694 0.108647 0.126704 0.104366 0.103925 0.144906 0.160447 0.129310
0.135401 0.147289 0.112975 0.096656 0.129648 0.127880 0.117445 0.132706
0.126468 0.130672 0.128292 0.127644 0.144886 0.107834 0.113519 0.120685
0.108448 0.137998 0.108684 0.157011 0.114416 0.122961 0.112171 0.138313
0.117470 0.128470 0.136178 0.138341 0.163567 0.102168 0.074727 0.139078
0.137458 0.124799 0.143917 0.092329 0.119437 0.124486 0.135504 0.122070
0.129533 0.119272 0.133475 0.130430 0.121793 0.093748 0.140590 0.131158
0.105460 0.092318 0.106051 0.113300 0.139750 0.133230 0.193243 0.116650
0.135235 0.136392 0.124902 0.135070 0.139858 0.110215 0.100123 0.118205
0.125298 0.131764 0.113944 0.124827 0.132487 0.118932 0.117787 0.134961
0.143389 0.139222 0.120971 0.104686 0.119040 0.112698 0.122770 0.137223
0.126357 0.120936 0.120707 0.120491 0.131921 0.123304 0.156934 0.099350
0.112421 0.102427 0.099046 0.149210 0.112241 0.103970 0.174406 0.146279
0.118872 0.122095 0.121684 0.117057 0.111988 0.166150 0.101606 0.140548
0.113830 0.123951 0.114249 0.115732 0.106269 0.133996 0.156581 0.135393
0.122348 0.145227 0.125969 0.115127 0.081656 0.108101 0.155213 0.146358
0.121725 0.112882 0.109899 0.125582 0.141650 0.129198 0.150754 0.108311
0.130474 0.121064 0.127763 0.131806 0.120412 0.093785 0.156401 0.118296
0.118756 0.141147 0.120995 0.088476 0.097770 0.125437 0.176830 0.130588
0.134969 0.117631 0.125884 0.121968 0.143581 0.109580 0.128527 0.117861
0.112302 0.125331 0.133924 0.105241 0.147470 0.162453 0.115644 0.097635
0.086578 0.103108 0.085755 0.135240 0.126709 0.189833 0.169638 0.103138
0.106594 0.103254 0.117299 0.129745 0.110431 0.103173 0.187125 0.142378
0.104305 0.104027 0.100159 0.150403 0.118127 0.174497 0.151640 0.096842
0.082985 0.093170 0.085615 0.174029 0.125663 0.187815 0.101224 0.149498
0.132001 0.139076 0.116710 0.117269 0.130540 0.135035 0.103885 0.125484
0.125761 0.123178 0.111842 0.117348 0.123918 0.124958 0.176344 0.096651
0.104022 0.124478 0.121722 0.087120 0.113650 0.187787 0.134219 0.127002
0.118459 0.123103 0.159895 0.112408 0.125388 0.116280 0.114260 0.130207
0.134551 0.120412 0.112954 0.114641 0.132082 0.114871 0.148668 0.121821
0.115946 0.115471 0.146631 0.106409 0.125036 0.134555 0.153428 0.102524
0.134891 0.130302 0.123675 0.095629 0.119604 0.140704 0.129233 0.125963
0.117052 0.120425 0.129922 0.162328 0.134968 0.106962 0.108290 0.120054
0.101299 0.111658 0.120245 0.105097 0.105458 0.177027 0.111922 0.167294
0.130020 0.126656 0.100747 0.106414 0.124518 0.140818 0.158595 0.112233
0.140903 0.132319 0.136306 0.120912 0.122002 0.130612 0.095537 0.121410
0.113099 0.100599 0.095785 0.129992 0.138833 0.149423 0.136027 0.136242
0.122209 0.119624 0.124959 0.131958 0.135569 0.106800 0.119321 0.139559
0.121681 0.125766 0.090456 0.145274 0.128843 0.108828 0.154040 0.125112
0.135670 0.125300 0.146936 0.136817 0.111414 0.088352 0.139824 0.115688
0.128638 0.123964 0.145877 0.114435 0.121874 0.116254 0.117837 0.131121
0.135009 0.145009 0.114812 0.114661 0.130146 0.120166 0.117448 0.122750
0.132355 0.129831 0.120199 0.115992 0.139391 0.107040 0.126024 0.129168
0.104785 0.091798 0.157326 0.125086 0.116864 0.113932 0.175179 0.115030
0.130289 0.132869 0.114576 0.129222 0.138761 0.136668 0.104043 0.113572
0.108965 0.107095 0.109934 0.134794 0.120707 0.176003 0.122179 0.120323
0.108427 0.105799 0.119284 0.139487 0.127191 0.172173 0.110213 0.117427
0.107378 0.120909 0.099321 0.098833 0.127797 0.169655 0.170503 0.105602
0.117192 0.139539 0.127842 0.117777 0.130972 0.173118 0.080459 0.113102
0.107366 0.109125 0.096974 0.129286 0.120119 0.160643 0.160349 0.116137
0.144716 0.119617 0.133862 0.085213 0.103398 0.139641 0.125515 0.148038
0.121665 0.116408 0.103970 0.118305 0.120416 0.119137 0.195100 0.104998
0.110659 0.108157 0.169949 0.114063 0.104052 0.115736 0.155927 0.121456
0.115439 0.112230 0.140324 0.117647 0.123691 0.155778 0.120308 0.114582
0.119753 0.128287 0.109948 0.115095 0.131690 0.119596 0.155745 0.119887
0.106366 0.119352 0.111641 0.103444 0.113827 0.114236 0.221826 0.109308
0.103272 0.111272 0.112528 0.142377 0.131726 0.097000 0.177145 0.124679
0.133599 0.157071 0.142899 0.107323 0.109258 0.116188 0.100816 0.132845
0.122849 0.090419 0.106563 0.174011 0.120607 0.128750 0.158835 0.097967
0.129834 0.110529 0.110233 0.129873 0.128987 0.123237 0.136493 0.130814
0.135416 0.104865 0.085940 0.136720 0.166339 0.156089 0.115134 0.099496
0.126107 0.106997 0.130677 0.153555 0.139664 0.139172 0.100948 0.102879
0.107483 0.135095 0.134813 0.119747 0.124361 0.170985 0.092254 0.115262
0.114830 0.123267 0.118791 0.129994 0.128515 0.116341 0.128436 0.139826
0.119829 0.174655 0.122347 0.102814 0.105807 0.108317 0.102283 0.163948
0.121630 0.149736 0.145083 0.119333 0.128761 0.129900 0.085824 0.119732
0.100426 0.132356 0.113644 0.117235 0.127781 0.142339 0.151026 0.115193
0.157961 0.120415 0.126396 0.127272 0.137115 0.124235 0.103023 0.103585
0.158270 0.105422 0.110620 0.115762 0.097776 0.105532 0.184008 0.122609
0.134472 0.119702 0.100763 0.119743 0.135361 0.114387 0.148191 0.127380
0.120578 0.128017 0.131946 0.092074 0.102029 0.131648 0.172608 0.121099
0.110339 0.131529 0.144954 0.089241 0.083705 0.180076 0.133161 0.126995
0.111662 0.161662 0.108115 0.100351 0.110998 0.119755 0.146288 0.141168
0.112851 0.117817 0.104840 0.091029 0.122193 0.126718 0.214878 0.109674
0.115862 0.114267 0.103854 0.141099 0.150378 0.161470 0.107581 0.105489
0.127728 0.146512 0.090878 0.145651 0.093786 0.135016 0.124364 0.136066
0.121917 0.149379 0.096921 0.170109 0.145023 0.116788 0.105150 0.094712
0.125329 0.162567 0.114791 0.113059 0.108616 0.111595 0.134299 0.129744
0.120708 0.111059 0.103127 0.164169 0.160498 0.116129 0.108038 0.116271
0.141868 0.123528 0.116623 0.116833 0.119536 0.174990 0.092095 0.114527
0.118566 0.110211 0.123305 0.141510 0.129078 0.104420 0.176755 0.096155
0.142326 0.136875 0.150953 0.118709 0.118353 0.101740 0.071423 0.159620
0.126223 0.121828 0.115439 0.102274 0.136472 0.123567 0.159959 0.114238
0.116761 0.112709 0.116707 0.100238 0.122331 0.220871 0.107903 0.102480
0.123175 0.124078 0.092938 0.126387 0.124471 0.138659 0.148226 0.122067
0.119142 0.129576 0.142702 0.107878 0.122390 0.148643 0.119401 0.110268
0.107867 0.137006 0.123601 0.111583 0.110709 0.109437 0.161969 0.137829
0.125321 0.128109 0.103249 0.142626 0.142891 0.125996 0.109126 0.122682
0.139926 0.139931 0.115938 0.109184 0.115411 0.164672 0.090385 0.124553
0.122802 0.119789 0.103027 0.133905 0.129703 0.154534 0.119056 0.117183
0.116170 0.107836 0.126494 0.139909 0.151613 0.114126 0.062682 0.181170
0.122515 0.147515 0.088403 0.124700 0.129161 0.140826 0.152424 0.094457
0.114292 0.117176 0.142082 0.098785 0.111804 0.182552 0.124611 0.108696
0.112301 0.108319 0.124085 0.157032 0.135335 0.093955 0.137925 0.131048
0.131868 0.103512 0.096658 0.177318 0.144811 0.134235 0.110927 0.100672
0.111307 0.102723 0.127882 0.126788 0.114253 0.115219 0.193031 0.108796
0.119966 0.119966 0.158189 0.114234 0.112903 0.152798 0.109174 0.112770
0.125765 0.125645 0.144403 0.131302 0.147126 0.104899 0.078832 0.142028
0.118093 0.107714 0.105030 0.102841 0.109346 0.163086 0.189887 0.104002
0.127808 0.128974 0.106237 0.119471 0.120534 0.136759 0.123050 0.137168
0.130731 0.128526 0.133279 0.105122 0.144220 0.094312 0.133532 0.130278
0.123608 0.114449 0.123477 0.091257 0.119540 0.116405 0.170986 0.140279
0.106671 0.109396 0.149157 0.116509 0.109340 0.135836 0.148571 0.124519
0.127456 0.127456 0.108607 0.120946 0.129711 0.105931 0.161671 0.118222
0.127879 0.123942 0.113401 0.125572 0.102293 0.182874 0.098108 0.125932
0.121906 0.121678 0.121512 0.148071 0.146485 0.111734 0.106707 0.121906
0.133215 0.131060 0.110788 0.102352 0.143793 0.142319 0.081768 0.154704
0.110866 0.106288 0.165808 0.093402 0.102319 0.110001 0.207970 0.103346
0.116878 0.116984 0.124565 0.130614 0.139206 0.157753 0.100331 0.113669
0.142223 0.131844 0.084983 0.140770 0.146078 0.118646 0.106252 0.129203
0.122207 0.123261 0.095912 0.122136 0.126940 0.172730 0.122940 0.113874
0.113987 0.104447 0.112098 0.171783 0.123436 0.137570 0.135191 0.101487
0.120434 0.129164 0.103704 0.134488 0.122386 0.123153 0.153987 0.112685
0.115279 0.118824 0.097197 0.137091 0.139820 0.108130 0.121279 0.162379
0.105254 0.108929 0.136086 0.108110 0.111635 0.141213 0.183770 0.105003
0.127018 0.121375 0.129239 0.138863 0.128311 0.123335 0.109046 0.122813
0.123385 0.114998 0.112974 0.103040 0.121870 0.098101 0.197710 0.127922
0.109530 0.113133 0.099140 0.192557 0.146483 0.123102 0.097366 0.118690
0.125677 0.118147 0.098301 0.120543 0.118717 0.115333 0.192672 0.110610
0.135150 0.133392 0.094344 0.106040 0.124734 0.137699 0.157845 0.110796
0.114851 0.114919 0.114025 0.108700 0.115819 0.129142 0.146773 0.155770
0.114162 0.114522 0.159265 0.107282 0.120660 0.149581 0.105497 0.129031
0.127234 0.121055 0.106909 0.103087 0.116718 0.131355 0.175010 0.118632
0.108278 0.130581 0.104091 0.139424 0.142120 0.156996 0.118377 0.100133
0.120987 0.121665 0.153812 0.090155 0.098918 0.106365 0.168653 0.139446
0.108400 0.174483 0.109878 0.121491 0.144124 0.121916 0.109317 0.110391
0.127261 0.140822 0.120860 0.111942 0.122571 0.132182 0.127051 0.117312
0.135205 0.125018 0.150825 0.137049 0.113304 0.111509 0.088049 0.139042
0.119922 0.103845 0.118009 0.158620 0.144034 0.127648 0.129491 0.098431
0.114527 0.106645 0.098626 0.117906 0.131995 0.113173 0.148760 0.168368
0.114226 0.119856 0.121551 0.124733 0.161896 0.125358 0.129127 0.103253
0.100834 0.097383 0.158480 0.082801 0.130708 0.111156 0.178980 0.139658
0.083743 0.098825 0.097233 0.158361 0.168208 0.129793 0.153019 0.110819
0.119057 0.125609 0.116868 0.119300 0.105616 0.121820 0.162681 0.129049
0.124002 0.128511 0.126557 0.146133 0.154788 0.103552 0.112652 0.103804
0.114489 0.116422 0.106167 0.135996 0.116752 0.108265 0.192203 0.109706
0.108971 0.128618 0.101060 0.126254 0.097092 0.092758 0.189990 0.155258
0.120633 0.115522 0.117929 0.131122 0.130994 0.123600 0.157995 0.102205
0.105853 0.100069 0.096820 0.132051 0.141927 0.149780 0.159556 0.113943
0.175909 0.132715 0.133639 0.107268 0.121166 0.093695 0.098266 0.137342
0.106598 0.084120 0.098873 0.118475 0.123855 0.149906 0.171181 0.146991
0.141435 0.123040 0.122611 0.154560 0.125687 0.118100 0.090392 0.124175
0.104973 0.117391 0.105792 0.132284 0.123684 0.190655 0.110889 0.114330
0.117616 0.122859 0.170619 0.107800 0.111778 0.121870 0.127448 0.120009
0.096550 0.119831 0.101745 0.140103 0.169234 0.146105 0.116284 0.110147
0.114124 0.125557 0.119880 0.101345 0.111979 0.145449 0.147754 0.133913
0.125539 0.122226 0.115728 0.123195 0.125044 0.146835 0.120784 0.120649
0.103839 0.120005 0.156325 0.121392 0.131392 0.141322 0.101651 0.124075
0.140465 0.139865 0.133832 0.132171 0.133314 0.104153 0.087307 0.128893
0.110137 0.112278 0.104819 0.127346 0.141185 0.146760 0.155567 0.101907
0.114534 0.126612 0.113080 0.146478 0.157006 0.125442 0.090244 0.126603
0.119107 0.156276 0.105058 0.116931 0.113474 0.126513 0.156365 0.106276
0.118450 0.164947 0.117057 0.139286 0.137783 0.108805 0.106360 0.107312
0.129135 0.154483 0.103801 0.097210 0.121389 0.132900 0.127236 0.133847
0.155462 0.147100 0.139754 0.090625 0.108728 0.112211 0.105876 0.140245
0.105417 0.093897 0.142655 0.159921 0.135929 0.096266 0.145176 0.120739
0.126278 0.127863 0.124800 0.129062 0.148409 0.122029 0.098627 0.122933
0.124809 0.135339 0.122682 0.122738 0.133362 0.113349 0.126587 0.121134
0.116653 0.096336 0.087605 0.155691 0.108456 0.123451 0.197348 0.114459
0.118619 0.115939 0.098466 0.167906 0.172224 0.118143 0.094837 0.113867
0.103012 0.108482 0.131623 0.127593 0.127431 0.161479 0.139722 0.100657
0.128794 0.113921 0.115708 0.124534 0.115262 0.114117 0.172678 0.114985
0.103825 0.128909 0.136969 0.105950 0.125549 0.120320 0.151481 0.126998
0.117090 0.114810 0.116044 0.115072 0.116592 0.122801 0.177807 0.119784
0.103101 0.129897 0.140203 0.136333 0.116581 0.134122 0.119783 0.119978
0.107434 0.125443 0.113707 0.103218 0.106471 0.153772 0.173799 0.116155
0.138480 0.099040 0.098811 0.116333 0.124420 0.103870 0.176880 0.142166
0.126710 0.133566 0.118489 0.120389 0.098370 0.125912 0.132967 0.143597
0.117845 0.120806 0.110240 0.132197 0.134630 0.130199 0.144136 0.109946
0.132522 0.116352 0.126937 0.107786 0.166658 0.109187 0.117327 0.123230
0.106365 0.100053 0.094301 0.145764 0.137886 0.146378 0.146697 0.122556
0.123956 0.126717 0.125328 0.108737 0.108191 0.131881 0.156562 0.118629
0.107925 0.100132 0.109630 0.150340 0.181551 0.106943 0.159197 0.084281
0.136080 0.138683 0.186908 0.102246 0.103169 0.108017 0.094565 0.130333
0.151522 0.109368 0.117847 0.086485 0.112836 0.124425 0.139209 0.158308
0.124951 0.107986 0.151898 0.112210 0.127966 0.100181 0.170225 0.104583
0.134959 0.137259 0.118500 0.128239 0.120254 0.114231 0.113107 0.133450
0.112080 0.150708 0.144466 0.117140 0.129492 0.113323 0.107150 0.125640
0.105654 0.108444 0.097600 0.121813 0.119349 0.149197 0.192392 0.105552
0.127498 0.099230 0.083682 0.139666 0.151651 0.151083 0.135492 0.111697
0.126885 0.149411 0.135039 0.115666 0.115823 0.124380 0.097058 0.135738
0.099104 0.110480 0.090611 0.149654 0.149161 0.165494 0.121254 0.114242
0.120365 0.118004 0.115402 0.122855 0.126165 0.127782 0.156320 0.113108
0.105169 0.110842 0.119569 0.107648 0.130290 0.138306 0.159977 0.128200
0.113956 0.109763 0.147888 0.084136 0.112798 0.133957 0.178798 0.118705
0.118328 0.112464 0.120430 0.119570 0.121958 0.133253 0.159375 0.114622
0.124694 0.099033 0.170124 0.153725 0.142219 0.106332 0.101883 0.101992
0.141093 0.129140 0.129683 0.099317 0.096969 0.128720 0.157904 0.117174
0.116270 0.090457 0.075386 0.154879 0.164063 0.127477 0.164345 0.107123
0.099862 0.104575 0.105740 0.126708 0.105362 0.117736 0.232646 0.107372
0.127109 0.120938 0.163859 0.124564 0.123513 0.108276 0.103396 0.128346
0.139436 0.117981 0.129962 0.107030 0.127578 0.117064 0.124437 0.136512
0.161422 0.120069 0.113517 0.117243 0.131627 0.128571 0.106125 0.121426
0.132769 0.115377 0.116509 0.116310 0.135855 0.134067 0.123639 0.125475
0.147033 0.136651 0.133917 0.103685 0.108784 0.110449 0.112845 0.146635
0.115157 0.118442 0.127158 0.152959 0.136964 0.123434 0.122295 0.103590
0.129142 0.127282 0.130807 0.131859 0.130405 0.117114 0.108269 0.125121
