0.146254 0.208239 0.161377 0.161377 0.161377 0.161377
0.158928 0.171042 0.167507 0.167507 0.167507 0.167507
0.160563 0.201345 0.159523 0.159523 0.159523 0.159523
0.160108 0.159459 0.170108 0.170108 0.170108 0.170108
0.167940 0.156382 0.168920 0.168920 0.168920 0.168920
0.168719 0.165159 0.169031 0.169031 0.169031 0.159031
0.200078 0.134731 0.156923 0.156923 0.156923 0.194423
0.153116 0.174894 0.174894 0.174894 0.149894 0.172309
0.170589 0.170783 0.160318 0.160318 0.172818 0.165174
0.165588 0.154006 0.172519 0.172519 0.169460 0.165908
0.147094 0.210027 0.163749 0.163749 0.156774 0.158607
0.167796 0.168745 0.166088 0.166088 0.167796 0.163488
0.213221 0.148495 0.163888 0.163209 0.163209 0.147980
0.161699 0.157087 0.153972 0.163972 0.158164 0.205105
0.210908 0.148234 0.162861 0.161440 0.160908 0.155649
0.159589 0.154940 0.159655 0.162240 0.159247 0.204329
0.143634 0.187643 0.152955 0.162955 0.162955 0.189858
0.160327 0.170240 0.163593 0.160278 0.172778 0.172785
0.158079 0.169250 0.169243 0.169243 0.169243 0.164943
0.156821 0.169714 0.165091 0.169399 0.170085 0.168890
0.163238 0.169922 0.169610 0.169922 0.159922 0.167385
0.169614 0.166310 0.163761 0.166298 0.167719 0.166298
0.155820 0.160127 0.160127 0.160127 0.157542 0.206256
0.159164 0.209588 0.164092 0.163784 0.153784 0.149588
0.166201 0.159406 0.173414 0.173414 0.171687 0.155878
0.147770 0.160308 0.185999 0.185308 0.160308 0.160308
0.171025 0.165424 0.159974 0.169295 0.164988 0.169295
0.159585 0.151861 0.203282 0.161861 0.161549 0.161861
0.158258 0.168246 0.170616 0.168246 0.166387 0.168246
0.173849 0.170521 0.157936 0.170521 0.160521 0.166650
0.211471 0.161471 0.150915 0.161471 0.163200 0.151471
0.209234 0.160007 0.153323 0.160007 0.157422 0.160007
0.171622 0.169078 0.164092 0.168399 0.158411 0.168399
0.163210 0.159619 0.164999 0.169619 0.172935 0.169619
0.149245 0.163858 0.159587 0.162437 0.212437 0.152437
0.151686 0.168793 0.168170 0.170708 0.169935 0.170708
0.161576 0.150834 0.172964 0.172655 0.172343 0.169628
0.169396 0.164606 0.170217 0.169909 0.163500 0.162373
0.148933 0.170354 0.171671 0.171659 0.161659 0.175725
0.205043 0.143413 0.162818 0.162806 0.163114 0.162806
0.164351 0.153089 0.211685 0.160292 0.160292 0.150292
0.147525 0.162610 0.205367 0.161832 0.161844 0.160822
0.163380 0.164248 0.175487 0.168961 0.168961 0.158961
0.149637 0.158855 0.154043 0.162489 0.212489 0.162489
0.166403 0.160398 0.149512 0.173384 0.176918 0.173384
0.158956 0.157855 0.156309 0.158960 0.158960 0.208960
0.165830 0.165783 0.168061 0.168061 0.164190 0.168075
0.162578 0.203554 0.155691 0.162566 0.152566 0.163046
0.159226 0.155768 0.158289 0.158906 0.158906 0.208906
0.208801 0.160234 0.154560 0.158801 0.158801 0.158801
0.179749 0.165439 0.151203 0.151203 0.151203 0.201203
0.165482 0.195170 0.162806 0.162181 0.162181 0.152181
0.197722 0.155906 0.201593 0.151593 0.151593 0.141593
0.162644 0.156610 0.173329 0.173306 0.173306 0.160806
0.151312 0.168442 0.163812 0.163812 0.163812 0.188812
0.157735 0.148568 0.211606 0.161606 0.161606 0.158880
0.159260 0.161281 0.177132 0.169260 0.169260 0.163806
0.166056 0.167889 0.166056 0.166056 0.166056 0.167889
0.159228 0.209536 0.152874 0.159228 0.159907 0.159228
0.170869 0.170369 0.160869 0.170869 0.160869 0.166156
0.168268 0.157759 0.168268 0.168268 0.169689 0.167747
0.168397 0.163273 0.168397 0.168397 0.165812 0.165724
0.162098 0.199512 0.162098 0.162098 0.152098 0.162098
0.158858 0.177393 0.158858 0.158858 0.162174 0.183858
0.166001 0.169317 0.166680 0.166001 0.166001 0.166001
0.169581 0.166396 0.159581 0.169581 0.165274 0.169588
0.170533 0.146226 0.171954 0.170533 0.170221 0.170533
0.167112 0.168891 0.164527 0.167112 0.165245 0.167112
0.173354 0.155731 0.163354 0.173354 0.160854 0.173354
0.167156 0.158537 0.170471 0.167156 0.169525 0.167156
0.170037 0.166739 0.170037 0.170037 0.157311 0.165840
0.175479 0.150479 0.171172 0.175479 0.164412 0.162979
0.166716 0.166209 0.166404 0.166716 0.167240 0.166716
0.162028 0.152395 0.159491 0.162028 0.202028 0.162028
0.160616 0.194785 0.160616 0.160616 0.162752 0.160616
0.166325 0.168381 0.166633 0.166325 0.166011 0.166325
0.170854 0.156583 0.170854 0.170854 0.160002 0.170854
0.171696 0.151820 0.171708 0.171696 0.161384 0.171696
0.169529 0.154585 0.169529 0.169529 0.167298 0.169529
0.159132 0.153661 0.209811 0.159132 0.159132 0.159132
0.162223 0.195030 0.155758 0.162223 0.162543 0.162223
0.167317 0.161996 0.168737 0.167317 0.167317 0.167317
0.160831 0.177288 0.154375 0.160831 0.185843 0.160831
0.171641 0.158493 0.151641 0.171641 0.174942 0.171641
0.165092 0.148938 0.155229 0.164413 0.214413 0.151913
0.153380 0.143761 0.188380 0.163380 0.162719 0.188380
0.175179 0.152048 0.166725 0.173758 0.161258 0.171032
0.157977 0.214866 0.154796 0.160562 0.156691 0.155108
0.153223 0.202758 0.162518 0.163223 0.153223 0.165056
0.169372 0.166404 0.166056 0.166056 0.166056 0.166056
0.169735 0.160441 0.165331 0.169735 0.169735 0.165022
0.159206 0.187783 0.162992 0.163513 0.163513 0.162992
0.161103 0.198574 0.158753 0.161415 0.161415 0.158741
0.164241 0.171363 0.166099 0.166099 0.166099 0.166099
0.144024 0.142594 0.228345 0.153345 0.153345 0.178346
0.163214 0.147313 0.175019 0.171485 0.171485 0.171485
0.158898 0.200840 0.160069 0.160062 0.160062 0.160069
0.148478 0.213906 0.156501 0.160372 0.160372 0.160372
0.154507 0.170727 0.161191 0.171191 0.171191 0.171191
0.212978 0.154058 0.158241 0.158241 0.158241 0.158241
0.167048 0.153339 0.170406 0.169736 0.169736 0.169736
0.149103 0.166901 0.159526 0.176222 0.176222 0.172026
0.162086 0.204418 0.153670 0.164109 0.164109 0.151609
0.154903 0.175122 0.158101 0.170166 0.171542 0.170166
0.159926 0.173172 0.152166 0.175745 0.163245 0.175745
0.162325 0.155347 0.171760 0.169219 0.172130 0.169219
0.163138 0.207559 0.141408 0.164243 0.159409 0.164243
0.164168 0.174989 0.158978 0.171455 0.158955 0.171455
0.200131 0.155151 0.159415 0.159458 0.166387 0.159458
0.207008 0.158648 0.145851 0.162831 0.162831 0.162831
0.166148 0.165309 0.159226 0.177847 0.170290 0.161180
0.166814 0.160604 0.174724 0.160604 0.159984 0.177271
0.188612 0.165987 0.155723 0.165679 0.161203 0.162796
0.158875 0.170672 0.164559 0.170672 0.170672 0.164550
0.167817 0.166061 0.165585 0.166049 0.166670 0.167817
0.168440 0.151310 0.176322 0.151310 0.201310 0.151310
0.149281 0.211496 0.159914 0.161496 0.161520 0.156292
0.155263 0.162529 0.207789 0.158315 0.158315 0.157789
0.155086 0.152786 0.170831 0.162107 0.199908 0.159282
0.201044 0.150115 0.153747 0.162565 0.169963 0.162565
0.163785 0.144919 0.206379 0.156083 0.156083 0.172750
0.172659 0.158681 0.161775 0.171266 0.164353 0.171266
0.167354 0.167260 0.158056 0.173274 0.160774 0.173282
0.183313 0.159129 0.152620 0.168313 0.168313 0.168313
0.176657 0.165706 0.151741 0.168632 0.168632 0.168632
0.165382 0.160763 0.169529 0.168108 0.168108 0.168108
0.152758 0.159172 0.166544 0.173842 0.173842 0.173842
0.161440 0.164467 0.159000 0.173225 0.173225 0.168644
0.159764 0.168333 0.151259 0.179104 0.179104 0.162437
0.165110 0.164215 0.161205 0.169823 0.169823 0.169823
0.169716 0.156695 0.164418 0.169724 0.169724 0.169724
0.168979 0.159807 0.156256 0.171653 0.171653 0.171653
0.159725 0.212823 0.150297 0.159052 0.159052 0.159052
0.149781 0.199008 0.152790 0.166141 0.166141 0.166141
0.184875 0.158384 0.181149 0.158531 0.158531 0.158531
0.170991 0.160967 0.156358 0.170561 0.170561 0.170561
0.161236 0.145371 0.159684 0.177903 0.177903 0.177903
0.186135 0.170640 0.156013 0.162404 0.162404 0.162404
0.154094 0.167643 0.190421 0.162614 0.162614 0.162614
0.154854 0.162960 0.172013 0.170058 0.170058 0.170058
0.168225 0.146816 0.171012 0.171316 0.171316 0.171316
0.146782 0.204774 0.154370 0.164691 0.164691 0.164691
0.155727 0.179177 0.167915 0.165727 0.165727 0.165727
0.162495 0.149555 0.211325 0.158875 0.158875 0.158875
0.167131 0.163537 0.167939 0.167131 0.167131 0.167131
0.170463 0.146207 0.158383 0.174759 0.175429 0.174759
0.174953 0.149747 0.162004 0.175265 0.162765 0.175265
0.175757 0.169672 0.168306 0.161628 0.163009 0.161628
0.170768 0.162891 0.166054 0.167671 0.164945 0.167671
0.164844 0.139827 0.214222 0.164536 0.152036 0.164536
0.166687 0.148853 0.167548 0.171268 0.174377 0.171268
0.149651 0.201791 0.149639 0.166306 0.166306 0.166306
0.170287 0.156842 0.166723 0.170287 0.165574 0.170287
0.211937 0.150631 0.151937 0.161937 0.161623 0.161937
0.163977 0.206914 0.160455 0.160443 0.157769 0.150443
0.160552 0.147241 0.160552 0.160552 0.160552 0.210552
0.156206 0.180764 0.185077 0.160077 0.160384 0.157492
0.159008 0.165897 0.172309 0.169687 0.169008 0.164091
0.169989 0.158142 0.169989 0.159989 0.170001 0.171891
0.169442 0.155566 0.165246 0.170863 0.169442 0.169442
0.163361 0.177590 0.150861 0.160775 0.188361 0.159053
0.159414 0.210142 0.159414 0.149414 0.162716 0.158899
0.167613 0.161159 0.167613 0.170928 0.167613 0.165075
0.159626 0.208076 0.159626 0.158956 0.154760 0.158956
0.146607 0.196271 0.146607 0.154800 0.146607 0.209107
0.169322 0.157847 0.169322 0.167628 0.167940 0.167940
0.167635 0.156178 0.167635 0.167823 0.170361 0.170368
0.160831 0.158343 0.160831 0.173331 0.173331 0.173331
0.170673 0.155657 0.170673 0.167872 0.167563 0.167563
0.169949 0.150257 0.169949 0.169949 0.169949 0.169949
0.162733 0.172183 0.162733 0.167458 0.167446 0.167446
0.167531 0.165272 0.167531 0.167845 0.167845 0.163974
0.161168 0.148855 0.160489 0.213162 0.163162 0.153162
0.149241 0.212245 0.159241 0.162114 0.158580 0.158580
0.159556 0.158825 0.158135 0.174495 0.174495 0.174495
0.167114 0.164712 0.169020 0.163804 0.167675 0.167675
0.150879 0.166992 0.170879 0.163750 0.173750 0.173750
0.164370 0.147096 0.159634 0.176300 0.176300 0.176300
0.183087 0.160684 0.185003 0.157075 0.157075 0.157075
0.148560 0.159875 0.175367 0.172066 0.172066 0.172066
0.159156 0.206152 0.154770 0.159974 0.159974 0.159974
0.159188 0.169468 0.164452 0.168964 0.168964 0.168964
0.144998 0.161806 0.161806 0.177130 0.177130 0.177130
0.160936 0.207068 0.158508 0.157829 0.157829 0.157829
0.167449 0.163521 0.159986 0.169681 0.169681 0.169681
0.163184 0.163172 0.169986 0.167886 0.167886 0.167886
0.169910 0.165730 0.156660 0.169233 0.169233 0.169233
0.201314 0.141314 0.157908 0.166488 0.166488 0.166488
0.178755 0.175208 0.174557 0.157160 0.157160 0.157160
0.168156 0.168156 0.160575 0.167478 0.168157 0.167478
0.198606 0.152477 0.163986 0.164977 0.154977 0.164977
0.161450 0.167237 0.163803 0.168696 0.170117 0.168696
0.151572 0.161572 0.154727 0.178238 0.175653 0.178238
0.179868 0.182318 0.161719 0.162032 0.152032 0.162032
0.157989 0.170575 0.165358 0.167587 0.170903 0.167587
0.156551 0.166551 0.169224 0.169224 0.169224 0.169224
0.167297 0.163981 0.168498 0.168177 0.163870 0.168177
0.158477 0.159156 0.170670 0.170670 0.170358 0.170670
0.156718 0.151705 0.211038 0.161026 0.158488 0.161026
0.167142 0.159554 0.170977 0.167442 0.167442 0.167442
0.158028 0.149401 0.210566 0.160566 0.160874 0.160566
0.185250 0.174086 0.159913 0.160250 0.160250 0.160250
0.172334 0.162756 0.158724 0.168724 0.168736 0.168724
0.168992 0.161629 0.164441 0.168313 0.168313 0.168313
0.149044 0.158041 0.153229 0.163229 0.213229 0.163229
0.159585 0.154224 0.170664 0.170664 0.174199 0.170664
0.208925 0.145033 0.161511 0.161511 0.161511 0.161511
0.163829 0.158865 0.170294 0.170294 0.166423 0.170294
0.171549 0.165519 0.168233 0.168233 0.158233 0.168233
0.167040 0.148635 0.171590 0.170911 0.170911 0.170911
0.157234 0.166599 0.161542 0.171542 0.171542 0.171542
0.166046 0.167101 0.167779 0.166358 0.166358 0.166358
0.159032 0.197274 0.158985 0.161570 0.161570 0.161570
0.160194 0.211746 0.149515 0.159515 0.159515 0.159515
0.149477 0.209854 0.163163 0.159169 0.159169 0.159169
0.170714 0.162112 0.159293 0.169293 0.169293 0.169293
0.167316 0.156014 0.167003 0.169889 0.169889 0.169889
0.161386 0.155286 0.169168 0.171386 0.171386 0.171386
0.216517 0.153214 0.140664 0.163202 0.163202 0.163202
0.168656 0.165442 0.169858 0.165122 0.165801 0.165122
0.156790 0.211097 0.158821 0.161097 0.151097 0.161097
0.156404 0.214134 0.146280 0.160587 0.162008 0.160587
0.157111 0.173862 0.172665 0.169649 0.167064 0.159649
0.154288 0.191096 0.151751 0.154288 0.144288 0.204288
0.162339 0.143115 0.207723 0.162031 0.165346 0.159446
0.168758 0.157594 0.172290 0.168758 0.168758 0.163841
0.170243 0.153775 0.167694 0.170231 0.165924 0.172134
0.170143 0.153458 0.166283 0.170143 0.169831 0.170143
0.210537 0.163853 0.150845 0.160537 0.157999 0.156229
0.161969 0.154807 0.208435 0.158435 0.158435 0.157919
0.168771 0.154151 0.172996 0.168771 0.169079 0.166233
0.165345 0.167788 0.159217 0.169217 0.169217 0.169217
0.142814 0.147691 0.201042 0.152814 0.152826 0.202814
0.171457 0.161766 0.152406 0.171457 0.171457 0.171457
0.159158 0.162782 0.150579 0.159158 0.209158 0.159165
0.166599 0.166611 0.163458 0.166599 0.170134 0.166599
0.170716 0.166420 0.150716 0.170716 0.170716 0.170716
0.159642 0.209330 0.157981 0.158973 0.155101 0.158973
0.151553 0.202550 0.163740 0.164053 0.154053 0.164053
0.170898 0.174433 0.162002 0.168846 0.168846 0.154975
0.150495 0.146932 0.165409 0.165721 0.165721 0.205721
0.162369 0.148497 0.171258 0.173487 0.173487 0.170902
0.169293 0.159984 0.168910 0.168910 0.168910 0.163992
0.159516 0.149516 0.172337 0.172695 0.172016 0.173919
0.158581 0.210681 0.160185 0.150185 0.160185 0.160185
0.159998 0.150948 0.211003 0.161733 0.160312 0.156005
0.164767 0.156187 0.165688 0.169568 0.172153 0.171637
0.160387 0.157925 0.212122 0.150701 0.160701 0.158164
0.170023 0.140023 0.169468 0.175706 0.172390 0.172390
0.161595 0.162024 0.141595 0.161595 0.161595 0.211595
0.168172 0.165275 0.167298 0.163546 0.167854 0.167854
0.171192 0.154347 0.161192 0.170880 0.171192 0.171199
0.183981 0.186985 0.154662 0.156432 0.158970 0.158970
0.173344 0.171116 0.157910 0.170043 0.170043 0.157543
0.177756 0.173449 0.165219 0.153065 0.152756 0.177756
0.166740 0.166749 0.166330 0.167635 0.167635 0.164909
0.161597 0.159059 0.166367 0.174109 0.174097 0.164772
0.158143 0.208155 0.154172 0.162339 0.163018 0.154172
0.150472 0.154315 0.166299 0.212972 0.152972 0.162972
0.158965 0.208965 0.154931 0.162500 0.160386 0.154252
0.161377 0.161052 0.196548 0.161377 0.158792 0.160856
0.170649 0.161328 0.172619 0.166778 0.160649 0.167976
0.162500 0.199308 0.157377 0.152500 0.165816 0.162500
0.163153 0.148108 0.174281 0.163153 0.163153 0.188153
0.168641 0.167477 0.162266 0.168641 0.164334 0.168641
0.170025 0.152890 0.169353 0.169346 0.169034 0.169353
0.162253 0.155569 0.167957 0.172253 0.169715 0.172253
0.167350 0.169245 0.165617 0.165929 0.165929 0.165929
0.157268 0.155546 0.207316 0.159854 0.160162 0.159854
0.158514 0.163895 0.172049 0.168514 0.168514 0.168514
0.171250 0.165085 0.164047 0.167934 0.167946 0.163738
0.171901 0.169364 0.155530 0.171901 0.171901 0.159402
0.156134 0.161420 0.151123 0.160441 0.210441 0.160441
0.169933 0.158053 0.157745 0.170245 0.173779 0.170245
0.155756 0.159687 0.209675 0.158294 0.158294 0.158294
0.169073 0.167029 0.170551 0.169073 0.165202 0.159073
0.160704 0.185395 0.134725 0.159725 0.149725 0.209725
0.148877 0.206903 0.162676 0.161377 0.161377 0.158792
0.171957 0.172754 0.148516 0.170563 0.170563 0.165646
0.172345 0.151260 0.149279 0.175071 0.175071 0.176974
0.201574 0.140498 0.165705 0.164074 0.164074 0.164074
0.177058 0.160851 0.155156 0.170414 0.170414 0.166107
0.169438 0.164724 0.158040 0.169438 0.169438 0.168922
0.159948 0.164482 0.171841 0.168532 0.169202 0.165995
0.163569 0.159057 0.167564 0.173883 0.162044 0.173883
0.165190 0.149917 0.146589 0.167863 0.152578 0.217863
0.167276 0.166201 0.166077 0.167276 0.165894 0.167276
0.164455 0.174071 0.184406 0.164148 0.148765 0.164155
0.174251 0.164677 0.151206 0.174251 0.161364 0.174251
0.168866 0.159963 0.174181 0.168854 0.159282 0.168854
0.165438 0.170410 0.171169 0.165438 0.162106 0.165438
0.191106 0.175724 0.143097 0.166106 0.157862 0.166106
0.168305 0.140768 0.215277 0.165003 0.149514 0.161132
0.166782 0.141792 0.200796 0.166782 0.167067 0.156782
0.167107 0.156859 0.161140 0.171982 0.171610 0.171303
0.164100 0.147786 0.172722 0.166600 0.172192 0.176600
0.173617 0.151917 0.152495 0.175038 0.173315 0.173617
0.168965 0.170726 0.158662 0.166379 0.166303 0.168965
0.161765 0.177199 0.160070 0.151765 0.187435 0.161765
0.163628 0.168613 0.167125 0.166274 0.171402 0.162958
0.156143 0.172512 0.173439 0.168643 0.160621 0.168643
0.171032 0.162929 0.166924 0.165343 0.164122 0.169650
0.167854 0.149513 0.203511 0.170268 0.138274 0.170580
0.158575 0.180074 0.161722 0.168537 0.170018 0.161075
0.155447 0.165613 0.165517 0.152338 0.158748 0.202338
0.169253 0.174627 0.155351 0.169562 0.164540 0.166668
0.161468 0.199568 0.154562 0.166181 0.156958 0.161264
0.171274 0.197347 0.141196 0.171600 0.156780 0.161803
0.171188 0.165432 0.154471 0.173861 0.161188 0.173861
0.161169 0.147297 0.163740 0.211169 0.162896 0.153729
0.165820 0.200245 0.145056 0.169048 0.163235 0.156596
0.169470 0.162690 0.168034 0.169470 0.159481 0.170855
0.168859 0.161867 0.163277 0.164976 0.172175 0.168847
0.158620 0.154437 0.158583 0.148620 0.183620 0.196120
0.184643 0.147412 0.166041 0.159643 0.183637 0.158623
0.171007 0.167706 0.165646 0.167706 0.170695 0.157239
0.169038 0.169358 0.161225 0.169038 0.162304 0.169038
0.169639 0.173836 0.151035 0.173836 0.157818 0.173836
0.143353 0.181544 0.179736 0.155853 0.133661 0.205853
0.159656 0.152278 0.209700 0.158977 0.160398 0.158991
0.151745 0.213165 0.155823 0.161745 0.159171 0.158351
0.163539 0.158871 0.161237 0.162118 0.152118 0.202118
0.161990 0.142075 0.148895 0.164575 0.217891 0.164575
0.153442 0.163565 0.158688 0.163442 0.166976 0.193888
0.167239 0.143923 0.211985 0.163923 0.159616 0.153314
0.172251 0.168685 0.160441 0.171572 0.167388 0.159663
0.158983 0.170393 0.163290 0.173290 0.160753 0.173290
0.169608 0.156641 0.168253 0.168499 0.168499 0.168499
0.165014 0.164131 0.160137 0.170137 0.170445 0.170137
0.160428 0.162157 0.166132 0.170428 0.170428 0.170428
0.170649 0.161553 0.166712 0.167025 0.167036 0.167025
0.160904 0.148019 0.208366 0.160904 0.160904 0.160904
0.155702 0.150775 0.163532 0.159997 0.209997 0.159997
0.156880 0.210508 0.157501 0.157192 0.160727 0.157192
0.206941 0.159015 0.155608 0.159479 0.159479 0.159479
0.173139 0.164985 0.158946 0.168934 0.165063 0.168934
0.161262 0.154245 0.174133 0.173454 0.163454 0.173454
0.159671 0.151005 0.202840 0.162161 0.162161 0.162161
0.149548 0.209165 0.156538 0.161583 0.161583 0.161583
0.149554 0.163397 0.170889 0.172054 0.172054 0.172054
0.214218 0.163488 0.143231 0.159688 0.159688 0.159688
0.172549 0.157740 0.154915 0.171599 0.171599 0.171599
0.147735 0.199156 0.165764 0.162448 0.162448 0.162448
0.158108 0.210292 0.154670 0.158977 0.158977 0.158977
0.159952 0.154166 0.168006 0.172625 0.172625 0.172625
0.165640 0.160134 0.166419 0.169269 0.169269 0.169269
0.161093 0.156370 0.168561 0.171099 0.171778 0.171099
0.171833 0.146058 0.173259 0.172950 0.162950 0.172950
0.165398 0.160987 0.168280 0.167971 0.169392 0.167971
0.158890 0.169359 0.168593 0.168581 0.165996 0.168581
0.188479 0.180856 0.160175 0.160163 0.150163 0.160163
0.160597 0.156953 0.207284 0.157284 0.160599 0.157284
0.156296 0.147754 0.214138 0.160604 0.160604 0.160604
0.197142 0.158850 0.168364 0.164151 0.159843 0.151651
0.179140 0.150188 0.151093 0.164964 0.164652 0.189964
0.152296 0.205331 0.152571 0.165022 0.162484 0.162296
0.162087 0.177223 0.157097 0.169682 0.169682 0.164228
0.160681 0.161445 0.161433 0.171433 0.171742 0.173266
0.150470 0.203701 0.164453 0.160459 0.160459 0.160459
0.161179 0.203214 0.152577 0.162577 0.162589 0.157864
0.211129 0.151253 0.157370 0.160256 0.160256 0.159735
0.148149 0.161040 0.158698 0.161595 0.211595 0.158922
0.172547 0.156305 0.158009 0.169868 0.173403 0.169868
0.177679 0.149355 0.156978 0.163662 0.163662 0.188662
0.150407 0.170107 0.172137 0.170407 0.166536 0.170407
0.176178 0.166655 0.161621 0.168513 0.158513 0.168520
0.161604 0.201604 0.151982 0.161604 0.161604 0.161604
0.161607 0.173734 0.159248 0.168470 0.168470 0.168470
0.158014 0.156045 0.210051 0.158630 0.158630 0.158630
0.207617 0.147999 0.158809 0.161858 0.161858 0.161858
0.169534 0.164191 0.159884 0.170196 0.170196 0.166000
0.152478 0.204353 0.161272 0.165023 0.165023 0.151853
0.210833 0.165352 0.154704 0.152204 0.152204 0.164704
0.150709 0.157788 0.206686 0.162066 0.162066 0.160685
0.169550 0.153811 0.172772 0.167494 0.166824 0.169550
0.218202 0.149017 0.165676 0.143202 0.155702 0.168202
0.172323 0.166142 0.160580 0.168943 0.167561 0.164451
0.161575 0.154542 0.201884 0.158849 0.161575 0.161575
0.166571 0.160124 0.176459 0.155711 0.168211 0.172924
0.157822 0.168394 0.167834 0.170618 0.167508 0.167822
0.161536 0.211536 0.157665 0.158863 0.158863 0.151536
0.152597 0.151727 0.192597 0.147884 0.152597 0.202597
0.166511 0.166197 0.170045 0.166504 0.166818 0.163926
0.169586 0.162375 0.168907 0.166234 0.168907 0.163990
0.160101 0.160771 0.166230 0.170783 0.170113 0.172004
0.165249 0.201634 0.153828 0.151634 0.163828 0.163828
0.155847 0.163349 0.158432 0.184814 0.183432 0.154125
0.158110 0.166075 0.168110 0.168698 0.171412 0.167595
0.176218 0.147210 0.172902 0.160402 0.172902 0.170365
0.161679 0.171888 0.161679 0.185592 0.157483 0.161679
0.160117 0.156562 0.163755 0.154556 0.151255 0.213755
0.161505 0.145940 0.174317 0.169604 0.174317 0.174317
0.168407 0.157844 0.169563 0.165053 0.169563 0.169570
0.172464 0.141277 0.175860 0.160017 0.175191 0.175191
0.162572 0.150872 0.162264 0.174764 0.174764 0.174764
0.171044 0.155528 0.169316 0.168242 0.167935 0.167935
0.170095 0.152300 0.167357 0.170083 0.170083 0.170083
0.170352 0.145745 0.162566 0.175077 0.175066 0.171194
0.212109 0.154410 0.166212 0.162423 0.162423 0.142423
0.153375 0.171572 0.142513 0.177513 0.152513 0.202513
0.168997 0.157593 0.165704 0.172298 0.168997 0.166412
0.157253 0.169793 0.170419 0.173318 0.173318 0.155900
0.170243 0.198073 0.143249 0.151047 0.155243 0.182146
0.162871 0.199416 0.158222 0.152406 0.164906 0.162180
0.146206 0.215189 0.163387 0.161660 0.161660 0.151899
0.187400 0.181592 0.152253 0.159146 0.159146 0.160463
0.171163 0.159888 0.160146 0.170447 0.170447 0.167909
0.148873 0.200036 0.165044 0.163587 0.163587 0.158873
0.152809 0.168549 0.168541 0.153541 0.153541 0.203020
0.139212 0.195198 0.167608 0.166885 0.166885 0.164212
0.172869 0.160173 0.172898 0.175795 0.159128 0.159136
0.169742 0.197525 0.131058 0.147780 0.164447 0.189447
0.161330 0.148148 0.167184 0.176368 0.173485 0.173485
0.165087 0.148958 0.212279 0.161971 0.155849 0.155856
0.170867 0.155956 0.169786 0.170559 0.173006 0.159827
0.159220 0.174220 0.163633 0.163933 0.153933 0.185062
0.172476 0.164534 0.166369 0.172778 0.168995 0.154848
0.160730 0.154749 0.203403 0.163403 0.160292 0.157423
0.207250 0.161134 0.165289 0.161446 0.148622 0.156259
0.162597 0.161563 0.171256 0.171256 0.174572 0.158756
0.160311 0.173685 0.156451 0.160311 0.176978 0.172264
0.166214 0.166979 0.160744 0.170074 0.166436 0.169553
0.157219 0.154553 0.204050 0.166550 0.153745 0.163883
0.173821 0.177136 0.166237 0.161321 0.160165 0.161321
0.162251 0.187930 0.154842 0.157568 0.154842 0.182568
0.171994 0.157687 0.158349 0.174720 0.162529 0.174720
0.155979 0.157095 0.165785 0.172675 0.175785 0.172682
0.163435 0.154411 0.172826 0.172826 0.168257 0.168245
0.179681 0.143684 0.174968 0.179681 0.158971 0.163015
0.158622 0.151167 0.163021 0.163335 0.200521 0.163335
0.166730 0.165526 0.164370 0.167044 0.169287 0.167044
0.169461 0.148244 0.172135 0.172135 0.170088 0.167938
0.176709 0.154713 0.177016 0.176709 0.150644 0.164209
0.159354 0.209926 0.159047 0.159047 0.153578 0.159047
0.167222 0.166450 0.167234 0.167222 0.164649 0.167222
0.170360 0.165643 0.169678 0.169678 0.154964 0.169678
0.150507 0.143784 0.188686 0.163007 0.191009 0.163007
0.187376 0.174715 0.154296 0.160995 0.161623 0.160995
0.167367 0.167675 0.168891 0.166791 0.162484 0.166791
0.153893 0.204199 0.148941 0.165723 0.161521 0.165723
0.162924 0.166471 0.155432 0.176511 0.162152 0.176511
0.160795 0.160807 0.172644 0.171914 0.161926 0.171914
0.155284 0.202092 0.152724 0.162724 0.164453 0.162724
0.153018 0.161552 0.164840 0.165832 0.188926 0.165832
0.168891 0.173613 0.168821 0.168454 0.151767 0.168454
0.170207 0.163081 0.153362 0.169537 0.174274 0.169537
0.151927 0.140910 0.157443 0.168834 0.212053 0.168834
0.175257 0.154691 0.170757 0.174189 0.150917 0.174189
0.164570 0.168038 0.156553 0.169279 0.172282 0.169279
0.151498 0.167784 0.165134 0.173998 0.167589 0.173998
0.192565 0.167722 0.165837 0.162728 0.148420 0.162728
0.158617 0.164080 0.203605 0.157901 0.157897 0.157901
0.157182 0.159311 0.170393 0.171884 0.169346 0.171884
0.160494 0.144914 0.209516 0.161688 0.161700 0.161688
0.174706 0.177798 0.151870 0.164880 0.165867 0.164880
0.162077 0.153859 0.154813 0.163084 0.203084 0.163084
0.167025 0.166038 0.160880 0.167030 0.171997 0.167030
0.159297 0.211161 0.146043 0.165361 0.162776 0.155361
0.135539 0.144717 0.152034 0.160527 0.196656 0.210527
0.162184 0.160194 0.201875 0.160494 0.157344 0.157909
0.183244 0.154870 0.183892 0.160970 0.160970 0.156053
0.155293 0.205159 0.152384 0.164480 0.156301 0.166383
0.174104 0.164850 0.157695 0.171674 0.160683 0.170995
0.209221 0.164838 0.152536 0.153417 0.160879 0.159109
0.150562 0.208475 0.147336 0.165662 0.164241 0.163725
0.172275 0.146803 0.167968 0.170004 0.172898 0.170052
0.155806 0.207087 0.160056 0.152350 0.162350 0.162350
0.151672 0.160850 0.149134 0.164988 0.161684 0.211672
0.164337 0.127137 0.216436 0.164030 0.164030 0.164030
0.161968 0.152522 0.153226 0.157661 0.212647 0.161975
0.171089 0.159949 0.162510 0.170765 0.164611 0.171077
0.171425 0.147118 0.168297 0.168888 0.172846 0.171425
0.187559 0.163663 0.167559 0.162559 0.156102 0.162559
0.166330 0.148264 0.216009 0.163338 0.143029 0.163029
0.172844 0.145611 0.163567 0.172844 0.176160 0.168973
0.168921 0.163832 0.162064 0.171735 0.171724 0.161724
0.145792 0.204758 0.148882 0.168292 0.163984 0.168292
0.167088 0.151566 0.139368 0.214097 0.163785 0.164097
0.163317 0.161010 0.171001 0.171426 0.165354 0.167892
0.151180 0.203780 0.161500 0.161180 0.161180 0.161180
0.167750 0.198922 0.155688 0.156530 0.160710 0.160401
0.160490 0.157853 0.210188 0.150490 0.160490 0.160490
0.155268 0.195287 0.163004 0.162143 0.162155 0.162143
0.163842 0.140825 0.214458 0.164458 0.164458 0.151958
0.148964 0.165257 0.152505 0.152535 0.203205 0.177535
0.154132 0.201034 0.156632 0.166632 0.157666 0.163906
0.172759 0.152161 0.166893 0.170753 0.172134 0.165299
0.199645 0.205637 0.142371 0.152371 0.145773 0.154204
0.152778 0.183704 0.190254 0.165254 0.142754 0.165254
0.165816 0.180982 0.166687 0.162706 0.165816 0.157993
0.209863 0.161205 0.149863 0.159863 0.159863 0.159342
0.174235 0.151622 0.168301 0.171076 0.166363 0.168403
0.176146 0.145421 0.160706 0.176460 0.175477 0.165791
0.137310 0.176840 0.149515 0.146336 0.156163 0.233836
0.161107 0.167879 0.163041 0.171107 0.169725 0.167140
0.167906 0.156025 0.171746 0.167599 0.171311 0.165415
0.152262 0.216179 0.157870 0.152262 0.154762 0.166665
0.170381 0.165671 0.156948 0.170369 0.169371 0.167260
0.171583 0.160916 0.171682 0.170904 0.158319 0.166597
0.173191 0.163328 0.163575 0.158191 0.179326 0.162389
0.169709 0.188604 0.148802 0.164986 0.169332 0.158567
0.168282 0.161661 0.174610 0.170867 0.163540 0.161040
0.148636 0.160473 0.157581 0.162832 0.157645 0.212832
0.159921 0.189890 0.156299 0.169105 0.155987 0.168799
0.159113 0.157857 0.212531 0.159113 0.152268 0.159120
0.165041 0.157060 0.172201 0.168678 0.168354 0.168666
0.162089 0.145237 0.170200 0.174901 0.172672 0.174901
0.192766 0.144065 0.164737 0.193922 0.152255 0.152255
0.156221 0.156913 0.192973 0.158947 0.172633 0.162313
0.143474 0.189290 0.159879 0.155665 0.152782 0.198911
0.163793 0.165396 0.155186 0.160683 0.208770 0.146173
0.159126 0.167216 0.169163 0.159114 0.176917 0.168465
0.159108 0.145606 0.151248 0.163822 0.214491 0.165724
0.218417 0.139905 0.158731 0.168731 0.150690 0.163527
0.161449 0.181184 0.188903 0.160588 0.152122 0.155754
0.171898 0.159970 0.175199 0.171898 0.152477 0.168558
0.170047 0.164734 0.169304 0.172959 0.152533 0.170422
0.134176 0.209768 0.139668 0.169176 0.161368 0.185843
0.165609 0.152337 0.149890 0.163618 0.154928 0.213618
0.150613 0.194916 0.162434 0.165494 0.161043 0.165501
0.168119 0.174931 0.152046 0.176737 0.151423 0.176744
0.172432 0.158338 0.170436 0.167670 0.163455 0.167670
0.156823 0.155845 0.171920 0.171908 0.171596 0.171908
0.157547 0.157854 0.169313 0.174442 0.166403 0.174442
0.156380 0.148495 0.205564 0.165882 0.162377 0.161302
0.172856 0.155523 0.181846 0.179884 0.150545 0.159346
0.147687 0.212673 0.159723 0.162308 0.165300 0.152308
0.161726 0.179152 0.149419 0.162988 0.183728 0.162988
0.163841 0.173686 0.162280 0.168964 0.162265 0.168964
0.150060 0.153603 0.159753 0.159741 0.217102 0.159741
0.174548 0.146727 0.166616 0.170923 0.170262 0.170923
0.175653 0.166469 0.175329 0.163141 0.156266 0.163141
0.165117 0.170091 0.166875 0.166496 0.164925 0.166496
0.187718 0.173723 0.163709 0.163030 0.148789 0.163030
0.208056 0.162381 0.147601 0.162335 0.157292 0.162335
0.163458 0.144801 0.161345 0.184924 0.160548 0.184924
0.157652 0.148764 0.158966 0.161539 0.211539 0.161539
0.156484 0.162073 0.162855 0.172855 0.172879 0.172855
0.152791 0.142779 0.216095 0.162779 0.162779 0.162779
0.158237 0.157999 0.161092 0.157558 0.207558 0.157558
0.199776 0.157557 0.155468 0.159776 0.167648 0.159776
0.167521 0.185721 0.159061 0.162566 0.162566 0.162566
0.167778 0.178992 0.148495 0.170363 0.164010 0.170363
0.161506 0.158063 0.164298 0.175377 0.165377 0.175377
0.163822 0.154379 0.170281 0.170506 0.170506 0.170506
0.174408 0.152506 0.149861 0.174408 0.174408 0.174408
0.168205 0.159536 0.154722 0.172513 0.172513 0.172513
0.159978 0.196378 0.162773 0.160290 0.160290 0.160290
0.162375 0.157365 0.185521 0.164913 0.164913 0.164913
0.161180 0.203775 0.153541 0.160501 0.160501 0.160501
0.160604 0.159656 0.168853 0.170295 0.170295 0.170295
0.175241 0.160737 0.142562 0.173820 0.173820 0.173820
0.160149 0.198537 0.153146 0.162722 0.162722 0.162722
0.161379 0.159673 0.166115 0.171379 0.170727 0.170727
0.206052 0.149839 0.135903 0.152736 0.177736 0.177736
0.163730 0.194784 0.163518 0.160196 0.158886 0.158886
0.156287 0.147445 0.208365 0.160594 0.163654 0.163654
0.146350 0.177275 0.174773 0.150534 0.175534 0.175534
0.157720 0.163474 0.173567 0.170257 0.167492 0.167492
0.164452 0.159151 0.183043 0.164452 0.164452 0.164452
0.159804 0.160800 0.199292 0.159496 0.165304 0.155304
0.155404 0.190998 0.136748 0.155404 0.155723 0.205723
0.162349 0.137677 0.209562 0.162337 0.165330 0.162745
0.171287 0.163212 0.156556 0.171287 0.171287 0.166370
0.214614 0.155632 0.134614 0.164614 0.164311 0.166214
0.165073 0.137910 0.212403 0.161538 0.161538 0.161538
0.161565 0.205556 0.152515 0.161565 0.161553 0.157246
0.166952 0.163241 0.157185 0.170823 0.171493 0.170307
0.167921 0.173131 0.165223 0.177921 0.152921 0.162883
0.176178 0.147218 0.152522 0.176178 0.174643 0.173262
0.154370 0.186529 0.148718 0.154370 0.151644 0.204370
0.169365 0.173501 0.153465 0.168695 0.161237 0.173737
0.154218 0.137720 0.154790 0.166718 0.194828 0.191725
0.159631 0.204250 0.161371 0.158249 0.158249 0.158249
0.169586 0.160283 0.167907 0.172312 0.167599 0.162312
0.143542 0.136961 0.201685 0.156042 0.155728 0.206042
0.166002 0.199626 0.150952 0.162893 0.160220 0.160308
0.169588 0.162140 0.168297 0.169588 0.169588 0.160799
0.159657 0.156943 0.208080 0.164370 0.164677 0.146273
0.163796 0.148422 0.145451 0.164110 0.164110 0.214110
0.159880 0.192989 0.165674 0.162553 0.163244 0.155660
0.160721 0.215688 0.156861 0.160721 0.150721 0.155288
0.163153 0.159389 0.173133 0.162846 0.189267 0.152212
0.143860 0.154675 0.196178 0.143190 0.168906 0.193190
0.158540 0.148612 0.159156 0.171028 0.148528 0.214136
0.169986 0.159986 0.167468 0.168605 0.170784 0.163171
0.185363 0.177845 0.153675 0.163089 0.157565 0.162462
0.167707 0.144895 0.162698 0.176905 0.170890 0.176905
0.161358 0.160254 0.158261 0.158249 0.157937 0.203942
0.162534 0.160609 0.172538 0.166730 0.171376 0.166214
0.152884 0.155693 0.195630 0.170097 0.158130 0.167567
0.164853 0.171415 0.170068 0.163774 0.169987 0.159903
0.151161 0.158338 0.163834 0.163834 0.159000 0.203834
0.179607 0.155613 0.159920 0.176616 0.151628 0.176616
0.157312 0.201931 0.149080 0.161580 0.168510 0.161587
0.150368 0.162044 0.160361 0.160368 0.210361 0.156497
0.177629 0.155321 0.170268 0.170268 0.166245 0.160268
0.167066 0.164609 0.167066 0.167745 0.166446 0.167066
0.183220 0.174746 0.165095 0.155095 0.156748 0.165095
0.171981 0.162609 0.169975 0.170716 0.159296 0.165424
0.164509 0.172371 0.163793 0.166165 0.174413 0.158750
0.140186 0.190186 0.171482 0.134382 0.219382 0.144382
0.160522 0.159136 0.159812 0.175713 0.172421 0.172397
0.209815 0.159503 0.151236 0.159815 0.159815 0.159815
0.160017 0.165783 0.160724 0.155686 0.197795 0.159994
0.168204 0.161216 0.158883 0.167892 0.175602 0.168204
0.210424 0.160732 0.149432 0.157886 0.161103 0.160424
0.176595 0.164317 0.169832 0.168723 0.151810 0.168723
0.172115 0.159627 0.162685 0.172423 0.161036 0.172115
0.163522 0.169875 0.159563 0.169875 0.167290 0.169875
0.151370 0.212049 0.162457 0.161382 0.151370 0.161370
0.167757 0.160613 0.167078 0.167078 0.170394 0.167078
0.150315 0.162414 0.156328 0.210315 0.160315 0.160315
0.170661 0.152784 0.169607 0.172775 0.164933 0.169240
0.161415 0.145421 0.201475 0.164000 0.163688 0.164000
0.158454 0.169184 0.173409 0.164583 0.165916 0.168454
0.164809 0.151493 0.209217 0.151493 0.161493 0.161493
0.168503 0.167512 0.158167 0.168503 0.168812 0.168503
0.164241 0.168237 0.161876 0.168549 0.168549 0.168549
0.168191 0.161658 0.164631 0.168503 0.168515 0.168503
0.158542 0.160768 0.197451 0.161080 0.161080 0.161080
0.159721 0.158171 0.152944 0.159721 0.209721 0.159721
0.168518 0.157548 0.167093 0.168209 0.171083 0.167548
0.159119 0.177527 0.152663 0.159119 0.175786 0.175786
0.171707 0.167765 0.152003 0.171695 0.166479 0.170350
0.159557 0.202452 0.163552 0.159557 0.152441 0.162441
0.200523 0.174040 0.140535 0.150523 0.167190 0.167190
0.163110 0.206648 0.157368 0.159576 0.156648 0.156648
0.161257 0.156613 0.198360 0.161257 0.161257 0.161257
0.172041 0.154817 0.168330 0.175912 0.164450 0.164450
0.152342 0.163595 0.163073 0.162342 0.179325 0.179325
0.172053 0.153415 0.158490 0.172053 0.171994 0.171994
0.171589 0.164612 0.161276 0.171589 0.165467 0.165467
0.169749 0.158627 0.159449 0.169749 0.171213 0.171213
0.173415 0.166064 0.154812 0.172736 0.172736 0.160236
0.144205 0.152305 0.226308 0.154205 0.148989 0.173989
0.163303 0.207048 0.149792 0.161212 0.160686 0.157960
0.167258 0.149946 0.180204 0.182343 0.162852 0.157398
0.163491 0.156866 0.169713 0.171430 0.168334 0.170167
0.154162 0.172525 0.149265 0.163572 0.180239 0.180239
0.152448 0.144010 0.208513 0.163527 0.168108 0.163394
0.157949 0.161823 0.162207 0.161731 0.178405 0.177884
0.149840 0.164900 0.207478 0.160152 0.160152 0.157478
0.164383 0.161702 0.168960 0.168318 0.168318 0.168318
0.157895 0.181767 0.160709 0.158209 0.158209 0.183209
0.154544 0.205784 0.158060 0.160537 0.160537 0.160537
0.162980 0.168403 0.159903 0.172622 0.168042 0.168049
0.163578 0.124752 0.214376 0.176876 0.160209 0.160209
0.167674 0.149494 0.175521 0.168877 0.169556 0.168877
0.201538 0.152008 0.164623 0.163944 0.153944 0.163944
0.167463 0.156581 0.155198 0.173113 0.174533 0.173113
0.193614 0.176789 0.139903 0.165492 0.162907 0.161296
0.160465 0.217040 0.148966 0.165343 0.155343 0.152843
0.198452 0.157047 0.150752 0.163478 0.166793 0.163478
0.168003 0.154812 0.162638 0.171516 0.171516 0.171516
0.148380 0.198606 0.166663 0.163553 0.159246 0.163553
0.167208 0.154317 0.166475 0.170771 0.170459 0.170771
0.160232 0.167630 0.164900 0.169925 0.167388 0.169925
0.161614 0.169831 0.183750 0.161602 0.161602 0.161602
0.160954 0.193672 0.162240 0.160942 0.161250 0.160942
0.211738 0.153503 0.149546 0.161738 0.161738 0.161738
0.192946 0.164404 0.161904 0.164412 0.164423 0.151912
0.166418 0.171329 0.147903 0.163117 0.163117 0.188117
0.161897 0.140242 0.153281 0.165769 0.215769 0.163043
0.148536 0.149346 0.215841 0.162732 0.166266 0.157278
0.148852 0.175373 0.189886 0.161352 0.161352 0.163185
0.168041 0.165079 0.166629 0.168041 0.164170 0.168041
0.172208 0.157859 0.168023 0.172208 0.162208 0.167495
0.172173 0.156524 0.155304 0.172173 0.172173 0.171652
0.171918 0.155581 0.159418 0.171918 0.171918 0.169245
0.160773 0.198507 0.160410 0.160103 0.160103 0.160103
0.150733 0.172584 0.163939 0.162582 0.162582 0.187582
0.150251 0.203579 0.149561 0.165536 0.165536 0.165536
0.167901 0.163264 0.162159 0.168672 0.169324 0.168679
0.142604 0.153663 0.179406 0.183109 0.158109 0.183109
0.162847 0.150106 0.160453 0.175095 0.176404 0.175095
0.171318 0.150872 0.165841 0.171676 0.168616 0.171676
0.160233 0.143360 0.151566 0.189947 0.164947 0.189947
0.173925 0.136334 0.160236 0.176978 0.179744 0.172782
0.171445 0.150968 0.166779 0.174436 0.174436 0.161936
0.168111 0.156353 0.152817 0.176176 0.170367 0.176176
0.151756 0.190559 0.165201 0.164268 0.163950 0.164268
0.159537 0.212447 0.148470 0.160846 0.157853 0.160846
0.159246 0.145897 0.208976 0.161960 0.161960 0.161960
0.162190 0.142580 0.171802 0.174375 0.174678 0.174375
0.190355 0.173322 0.149585 0.162246 0.162246 0.162246
0.175371 0.141226 0.196637 0.162251 0.162263 0.162251
0.160862 0.143417 0.207519 0.162734 0.162734 0.162734
0.167206 0.169639 0.172326 0.159896 0.171717 0.159217
0.152240 0.185218 0.161638 0.159329 0.172245 0.169329
0.154624 0.194367 0.135715 0.172712 0.171291 0.171291
0.157691 0.186485 0.176172 0.159841 0.157384 0.162427
0.153968 0.196553 0.147577 0.168968 0.153968 0.178968
0.168956 0.153903 0.166322 0.172260 0.169614 0.168944
0.174691 0.158630 0.155107 0.174691 0.162191 0.174691
0.192625 0.163592 0.143833 0.163318 0.169007 0.167625
0.166485 0.145727 0.213774 0.162872 0.160458 0.150684
0.154216 0.227617 0.145557 0.151678 0.141716 0.179216
0.158868 0.189689 0.161867 0.163064 0.166174 0.160338
0.159301 0.162810 0.167630 0.172110 0.171801 0.166348
0.164126 0.199502 0.146875 0.164126 0.159412 0.165959
0.162872 0.163970 0.186879 0.162205 0.161879 0.162193
0.161127 0.160134 0.172064 0.171127 0.169133 0.166414
0.164093 0.145742 0.162672 0.212672 0.152672 0.162151
0.167704 0.152428 0.166412 0.173824 0.172017 0.167616
0.162931 0.160428 0.160431 0.172931 0.170346 0.172931
0.156212 0.171051 0.202908 0.149025 0.142908 0.177896
0.167018 0.167388 0.171223 0.157018 0.170334 0.167018
0.159280 0.148865 0.176087 0.163587 0.188587 0.163594
0.157762 0.209456 0.159565 0.158074 0.157068 0.158074
0.168204 0.171870 0.148015 0.170741 0.170429 0.170741
0.172305 0.160484 0.157030 0.172305 0.165571 0.172305
0.165497 0.203724 0.151838 0.163814 0.151314 0.163814
0.162188 0.152947 0.164688 0.174688 0.174997 0.170492
0.166049 0.195345 0.161728 0.163126 0.163126 0.150626
0.166490 0.147838 0.171689 0.171324 0.171336 0.171324
0.204153 0.146216 0.149672 0.166653 0.166653 0.166653
0.167356 0.153970 0.158000 0.156891 0.206891 0.156891
0.172434 0.138433 0.168297 0.172434 0.175968 0.172434
0.160452 0.171347 0.152559 0.171881 0.171881 0.171881
0.160190 0.165383 0.165867 0.170810 0.166939 0.170810
0.159086 0.147160 0.179734 0.180229 0.170229 0.163562
0.172982 0.189473 0.151934 0.156315 0.156315 0.172982
0.167952 0.159102 0.167222 0.169536 0.169536 0.166652
0.181531 0.135930 0.195704 0.147652 0.197652 0.141531
0.179045 0.158327 0.158363 0.175832 0.163332 0.165100
0.153671 0.185007 0.142555 0.156256 0.183273 0.179239
0.188551 0.169131 0.158553 0.165274 0.161215 0.157275
0.172050 0.171365 0.154624 0.171863 0.164411 0.165686
0.160313 0.197815 0.161711 0.161717 0.167856 0.150588
0.144417 0.135056 0.205858 0.158223 0.148223 0.208223
0.161126 0.162216 0.170818 0.167272 0.162091 0.176477
0.161327 0.207726 0.160188 0.159870 0.156461 0.154428
0.155181 0.152811 0.211303 0.165174 0.151188 0.164344
0.159868 0.142816 0.206662 0.162446 0.165762 0.162446
0.160491 0.149228 0.154423 0.163388 0.188846 0.183624
0.142648 0.168970 0.177684 0.155174 0.200866 0.154658
0.166020 0.199281 0.149408 0.162705 0.162412 0.160174
0.215520 0.146750 0.147971 0.169792 0.167255 0.152712
0.135026 0.157865 0.141379 0.152465 0.202465 0.210799
0.166231 0.133126 0.155452 0.165870 0.216178 0.163144
0.141462 0.179800 0.140572 0.164538 0.214538 0.159091
0.206394 0.155619 0.154723 0.164344 0.157728 0.161191
0.165914 0.151510 0.179380 0.164954 0.169121 0.169121
0.155638 0.136561 0.152803 0.170773 0.219470 0.164756
0.156496 0.194360 0.161479 0.159547 0.166087 0.162031
0.153147 0.151122 0.179501 0.163147 0.179814 0.173269
0.216060 0.144006 0.156979 0.167410 0.160837 0.154708
0.157435 0.210336 0.154579 0.154217 0.144217 0.179217
0.156257 0.166201 0.179955 0.162645 0.167471 0.167471
0.165988 0.157668 0.175205 0.160165 0.170483 0.170490
0.157963 0.158907 0.169458 0.170220 0.171726 0.171726
0.164031 0.146626 0.162335 0.173946 0.176531 0.176531
0.165724 0.148291 0.204541 0.154017 0.163714 0.163714
0.198746 0.191231 0.154328 0.154109 0.150793 0.150793
0.160238 0.166715 0.178407 0.166060 0.166727 0.161852
0.170534 0.205065 0.161820 0.158599 0.153576 0.150406
0.192530 0.162684 0.152190 0.174221 0.153648 0.164727
0.152995 0.191239 0.160731 0.165615 0.164108 0.165312
0.164895 0.149949 0.162202 0.178560 0.165834 0.178560
0.157152 0.186928 0.167407 0.162883 0.158223 0.167407
0.149192 0.183687 0.170178 0.153500 0.173276 0.170166
0.160835 0.200098 0.160841 0.160853 0.156533 0.160841
0.159443 0.147661 0.211980 0.161980 0.156955 0.161980
0.162739 0.135668 0.166262 0.212728 0.159876 0.162728
0.161853 0.141111 0.178211 0.181745 0.175537 0.161544
0.196069 0.173219 0.150531 0.154402 0.154711 0.171069
0.170234 0.166999 0.159804 0.165932 0.170110 0.166921
0.165718 0.165714 0.171169 0.161169 0.171181 0.165048
0.199738 0.142535 0.163987 0.163987 0.163999 0.165755
0.145470 0.152314 0.163054 0.163054 0.213054 0.163054
0.156545 0.167907 0.163054 0.163054 0.191589 0.157850
0.143019 0.204198 0.162502 0.162502 0.165803 0.161976
0.142648 0.214597 0.162363 0.162363 0.158491 0.159538
0.175016 0.151039 0.172370 0.171700 0.158174 0.171700
0.172042 0.210419 0.147589 0.159428 0.134428 0.176094
0.156228 0.147613 0.162231 0.177516 0.178897 0.177516
0.170147 0.179485 0.153732 0.171781 0.169734 0.155121
0.160053 0.182603 0.166757 0.165474 0.142974 0.182140
0.162239 0.137488 0.162829 0.178599 0.183129 0.175716
0.177172 0.151484 0.158242 0.173936 0.171351 0.167814
0.170666 0.161227 0.169090 0.170654 0.155941 0.172422
0.164221 0.148946 0.166429 0.173994 0.176996 0.169414
0.183390 0.169684 0.145350 0.175373 0.172700 0.153503
0.212832 0.153224 0.151035 0.162355 0.158727 0.161828
0.164882 0.206277 0.157627 0.161348 0.151342 0.158524
0.169482 0.155277 0.156239 0.173373 0.172256 0.173373
0.151106 0.157713 0.174657 0.167477 0.164904 0.184144
0.160772 0.198764 0.154542 0.170760 0.161069 0.154093
0.154852 0.145369 0.192218 0.154191 0.182506 0.170864
0.167737 0.165184 0.163437 0.167737 0.171050 0.164854
0.174155 0.161274 0.165181 0.169713 0.166085 0.163592
0.163733 0.139193 0.159305 0.167277 0.202108 0.168384
0.159142 0.195479 0.130962 0.163722 0.170307 0.180389
0.157400 0.175942 0.164266 0.172483 0.168554 0.161354
0.180011 0.148928 0.164668 0.177127 0.166448 0.162817
0.175647 0.153714 0.153583 0.164184 0.174846 0.178027
0.164528 0.147458 0.202580 0.167092 0.154177 0.164165
0.145312 0.175170 0.191329 0.158136 0.155250 0.174803
0.162451 0.153431 0.159128 0.155826 0.208133 0.161030
0.160666 0.204363 0.154764 0.162630 0.154622 0.162954
0.164185 0.165239 0.156852 0.171360 0.168179 0.174185
0.178085 0.149372 0.160411 0.174758 0.162616 0.174758
0.164608 0.201820 0.154913 0.164913 0.149137 0.164608
0.173682 0.175518 0.179718 0.161322 0.148437 0.161322
0.174540 0.156285 0.167699 0.171768 0.162534 0.167175
0.175176 0.137310 0.134392 0.177713 0.231029 0.144380
0.149805 0.167715 0.186454 0.171052 0.153921 0.171052
0.153010 0.140377 0.202915 0.172465 0.164749 0.166485
0.170257 0.201093 0.164042 0.170257 0.146882 0.147469
0.162917 0.180603 0.149781 0.158325 0.167034 0.181340
0.169381 0.146205 0.148396 0.152714 0.216806 0.166498
0.220315 0.142318 0.140026 0.170315 0.168037 0.158989
0.163677 0.200898 0.151976 0.160142 0.161923 0.161384
0.164322 0.199807 0.149588 0.164322 0.160463 0.161498
0.162326 0.154397 0.155091 0.166198 0.200994 0.160994
0.144243 0.156895 0.166986 0.154243 0.207251 0.170383
0.165225 0.138132 0.203083 0.165225 0.165935 0.162401
0.174271 0.147590 0.161172 0.173610 0.169739 0.173618
0.145176 0.203589 0.146244 0.161843 0.164638 0.178510
0.173495 0.160233 0.159820 0.172151 0.162151 0.172151
0.170699 0.159983 0.148555 0.173583 0.173590 0.173590
0.164610 0.141410 0.152186 0.180598 0.180598 0.180598
0.165012 0.151501 0.171813 0.172085 0.172085 0.167504
0.170095 0.145664 0.194886 0.168674 0.168674 0.152007
0.166159 0.155251 0.158785 0.173269 0.173269 0.173269
0.144084 0.180953 0.189532 0.164400 0.161213 0.159819
0.178685 0.160950 0.173379 0.176773 0.150106 0.160106
0.160791 0.172122 0.173969 0.163376 0.166367 0.163376
0.157378 0.162577 0.170477 0.171381 0.166806 0.171381
0.169366 0.190345 0.151201 0.166362 0.156362 0.166362
0.166003 0.156715 0.164345 0.168529 0.175879 0.168529
0.160351 0.168208 0.177465 0.164659 0.164659 0.164659
0.176689 0.170117 0.179993 0.160026 0.153150 0.160026
0.161364 0.192922 0.163914 0.160805 0.160189 0.160805
0.168613 0.164741 0.165084 0.168601 0.164360 0.168601
0.164204 0.165983 0.165725 0.167806 0.168476 0.167806
0.193459 0.141869 0.160681 0.171956 0.160080 0.171956
0.155570 0.154898 0.148726 0.163141 0.214523 0.163141
0.172947 0.157904 0.148977 0.174291 0.171589 0.174291
0.200328 0.154999 0.158897 0.169425 0.156925 0.159425
0.140864 0.143694 0.141494 0.156720 0.210508 0.206720
0.166261 0.199546 0.149453 0.163151 0.161023 0.160566
0.151405 0.214049 0.162787 0.159990 0.156697 0.155072
0.150937 0.209807 0.158713 0.165964 0.156712 0.157867
0.160637 0.162569 0.158596 0.163624 0.140951 0.213624
0.169397 0.148576 0.169392 0.172071 0.175386 0.165178
0.173014 0.143277 0.170713 0.172708 0.173014 0.167274
0.162826 0.201722 0.152838 0.162519 0.158212 0.161884
0.169986 0.148692 0.171701 0.169974 0.169674 0.169974
0.152344 0.147068 0.200438 0.152332 0.149794 0.198024
0.186399 0.158579 0.144946 0.162793 0.186399 0.160884
0.190610 0.138671 0.192045 0.152308 0.166588 0.159778
0.165380 0.173966 0.183924 0.165070 0.149579 0.162079
0.160928 0.156958 0.144118 0.160550 0.162322 0.215124
0.150181 0.208727 0.165685 0.156877 0.151651 0.166877
0.154491 0.151920 0.147758 0.174341 0.204491 0.166999
0.174276 0.142656 0.157468 0.174276 0.180920 0.170404
0.169334 0.170211 0.169330 0.162458 0.169334 0.159334
0.173119 0.156141 0.170582 0.172503 0.164535 0.163119
0.154748 0.190805 0.154760 0.150506 0.144434 0.204748
0.160824 0.204701 0.161133 0.160824 0.158151 0.154368
0.160313 0.162730 0.210312 0.160937 0.160313 0.145395
0.151230 0.190773 0.154107 0.200560 0.150867 0.152463
0.161606 0.141266 0.174106 0.174130 0.174785 0.174106
0.163704 0.155173 0.208451 0.162322 0.152334 0.158015
0.159753 0.145893 0.156013 0.212479 0.163900 0.161963
0.151638 0.164060 0.164138 0.172010 0.186553 0.161601
0.162101 0.212505 0.155120 0.158991 0.152292 0.158991
0.162005 0.153014 0.152005 0.155652 0.165321 0.212005
0.165814 0.165603 0.170527 0.160527 0.167001 0.170527
0.167437 0.189536 0.168412 0.168412 0.138444 0.167758
0.174605 0.148547 0.160611 0.160611 0.178348 0.177278
0.167376 0.165694 0.168721 0.168721 0.162113 0.167376
0.173548 0.151755 0.170358 0.170358 0.160741 0.173241
0.167245 0.193688 0.150579 0.150579 0.170664 0.167245
0.165102 0.172552 0.168018 0.168018 0.165091 0.161219
0.171900 0.156525 0.171900 0.171900 0.166537 0.161239
0.178000 0.187389 0.147796 0.147796 0.169353 0.169667
0.166020 0.139101 0.162402 0.162402 0.208701 0.161374
0.159031 0.200511 0.156886 0.156207 0.165449 0.161915
0.156389 0.177628 0.150586 0.160586 0.177559 0.177252
0.161720 0.149097 0.175945 0.174525 0.167421 0.171292
0.169458 0.165286 0.166872 0.169458 0.159469 0.169458
0.169111 0.154015 0.159123 0.169123 0.174315 0.174315
0.158414 0.178985 0.161729 0.158414 0.183730 0.158730
0.157970 0.167865 0.174637 0.174637 0.164096 0.160795
0.167638 0.159926 0.166427 0.170734 0.167638 0.167638
0.168148 0.164378 0.167836 0.168148 0.163647 0.167843
0.175047 0.148966 0.167929 0.170466 0.162547 0.175047
0.176725 0.149734 0.160058 0.160058 0.176713 0.176713
0.159539 0.201329 0.160517 0.159539 0.159539 0.159539
0.179912 0.146271 0.167412 0.179912 0.163246 0.163246
0.162730 0.196724 0.162730 0.161336 0.158240 0.158240
0.160671 0.158695 0.168623 0.170671 0.170671 0.170671
0.165370 0.148454 0.189879 0.162379 0.166959 0.166959
0.155635 0.162128 0.168275 0.160210 0.176876 0.176876
0.160964 0.157765 0.168379 0.170964 0.170964 0.170964
0.169811 0.201646 0.143197 0.161782 0.161782 0.161782
0.161618 0.161622 0.163941 0.170939 0.170939 0.170939
0.145518 0.212594 0.158300 0.161643 0.160973 0.160973
0.170072 0.159325 0.167545 0.159353 0.171853 0.171853
0.156183 0.160402 0.173004 0.174391 0.173010 0.163010
0.154677 0.155143 0.158824 0.158635 0.161361 0.211361
0.169854 0.181567 0.165925 0.153413 0.165913 0.163328
0.196870 0.199921 0.151486 0.154287 0.151177 0.146260
0.155407 0.177681 0.185002 0.160002 0.160002 0.161905
0.167267 0.153669 0.173429 0.165403 0.170116 0.170116
0.210783 0.140557 0.163320 0.163006 0.163320 0.159013
0.171860 0.130805 0.209484 0.161007 0.163680 0.163164
0.164186 0.191807 0.154912 0.163878 0.163878 0.161340
0.161655 0.166054 0.167996 0.168303 0.167996 0.167996
0.153945 0.144192 0.160062 0.163934 0.163934 0.213934
0.203897 0.140504 0.160564 0.170575 0.170564 0.153897
0.220983 0.158536 0.151461 0.150782 0.150782 0.167456
0.162170 0.179637 0.151519 0.186519 0.161519 0.158636
0.159759 0.162633 0.171173 0.173053 0.169752 0.163630
0.156895 0.167929 0.166413 0.168998 0.168998 0.170766
0.153933 0.207211 0.153263 0.159067 0.163263 0.163263
0.150904 0.192247 0.171923 0.156108 0.169287 0.159532
0.161571 0.215414 0.160716 0.161395 0.150716 0.150189
0.165639 0.165314 0.166882 0.161189 0.172610 0.168365
0.160889 0.147030 0.173077 0.174810 0.170804 0.173389
0.165126 0.213754 0.155991 0.155264 0.147849 0.162016
0.179305 0.197839 0.143635 0.143635 0.156951 0.178635
0.152983 0.158529 0.173270 0.174856 0.171540 0.168821
0.157203 0.158786 0.171504 0.174089 0.169782 0.168635
0.171804 0.153848 0.161792 0.167473 0.171468 0.173614
0.147920 0.150598 0.178570 0.174942 0.172716 0.175254
0.152409 0.145701 0.214785 0.162248 0.164785 0.160072
0.166901 0.168033 0.166885 0.167658 0.167967 0.162556
0.147628 0.147716 0.180688 0.181308 0.181000 0.161660
0.158359 0.148393 0.168335 0.174744 0.175426 0.174744
0.191771 0.180306 0.146183 0.156195 0.144362 0.181183
0.155948 0.150585 0.163762 0.162774 0.204156 0.162774
0.149584 0.151624 0.154139 0.214139 0.166368 0.164146
0.147283 0.161692 0.176719 0.178820 0.160201 0.175286
0.206886 0.146931 0.162297 0.164883 0.154121 0.164883
0.157014 0.157060 0.204121 0.160249 0.157436 0.164121
0.174098 0.167262 0.173476 0.156626 0.161912 0.166626
0.197777 0.168094 0.160737 0.160737 0.156115 0.156540
0.155323 0.165946 0.154920 0.213099 0.160113 0.150599
0.209831 0.137246 0.158122 0.159094 0.167272 0.168434
0.152836 0.196250 0.166184 0.159481 0.156528 0.168722
0.153624 0.157890 0.169465 0.178231 0.172005 0.168786
0.160555 0.200107 0.154723 0.160607 0.159593 0.164415
0.181072 0.189432 0.167187 0.143266 0.153278 0.165766
0.185141 0.147292 0.154267 0.167689 0.188770 0.156840
0.164783 0.150095 0.151469 0.158752 0.214101 0.160800
0.150837 0.153333 0.209028 0.155759 0.163511 0.167533
0.174063 0.175328 0.159294 0.167377 0.159561 0.164377
0.164381 0.169619 0.170694 0.163541 0.155459 0.176306
0.161443 0.175684 0.154674 0.170314 0.163943 0.173943
0.163362 0.207667 0.145020 0.154434 0.165069 0.164448
0.142263 0.186488 0.158078 0.153646 0.204763 0.154763
0.164310 0.165873 0.164618 0.166450 0.169726 0.169023
0.162532 0.210396 0.158225 0.153155 0.152846 0.162846
0.158570 0.144693 0.158270 0.176758 0.200466 0.161243
0.169901 0.139589 0.167363 0.178533 0.174714 0.169901
0.152755 0.150776 0.203434 0.198141 0.142448 0.152448
0.162730 0.150145 0.157252 0.208011 0.159132 0.162730
0.174885 0.160204 0.166306 0.162700 0.161703 0.174203
0.159388 0.174892 0.154364 0.171888 0.167581 0.171888
0.181318 0.168398 0.158054 0.167361 0.170612 0.154257
0.163204 0.150976 0.215841 0.145283 0.152746 0.171950
0.140266 0.214225 0.155695 0.164240 0.164228 0.161345
0.162298 0.171668 0.159834 0.170671 0.170979 0.164549
0.143253 0.167252 0.138017 0.216570 0.166570 0.168338
0.163805 0.159810 0.147230 0.178737 0.175215 0.175203
0.164512 0.195596 0.144955 0.166714 0.166714 0.161510
0.154816 0.164525 0.148087 0.158452 0.212323 0.161797
0.167520 0.159058 0.159858 0.164284 0.177819 0.171460
0.151603 0.200884 0.155074 0.164146 0.164146 0.164146
0.175472 0.156566 0.175402 0.159922 0.156050 0.176588
0.160300 0.157172 0.206872 0.161885 0.151885 0.161885
0.144082 0.154868 0.209743 0.163767 0.163767 0.163774
0.189251 0.147194 0.185049 0.159502 0.159502 0.159502
0.169875 0.156473 0.166212 0.169147 0.169147 0.169147
0.198383 0.164418 0.149126 0.162691 0.162691 0.162691
0.213308 0.158688 0.147089 0.160305 0.160305 0.160305
0.150203 0.156299 0.149218 0.182954 0.182954 0.178373
0.143300 0.171473 0.201491 0.166801 0.166801 0.150134
0.144740 0.183615 0.187150 0.161498 0.161498 0.161498
0.140836 0.177368 0.181675 0.170040 0.170040 0.160040
0.163457 0.153935 0.163554 0.160518 0.160518 0.198018
0.164623 0.181911 0.140118 0.163644 0.163644 0.186059
0.204455 0.147533 0.139180 0.172159 0.172159 0.164515
0.176319 0.153746 0.158366 0.171707 0.171707 0.168156
0.166160 0.170719 0.146160 0.171710 0.171710 0.173543
0.197147 0.163530 0.155085 0.162848 0.162848 0.158541
0.157825 0.155788 0.173526 0.172697 0.172697 0.167468
0.153902 0.213381 0.148213 0.162521 0.162521 0.159462
0.160038 0.167384 0.167539 0.169237 0.169237 0.166564
0.131393 0.154292 0.163940 0.166792 0.166792 0.216792
0.161737 0.193439 0.162220 0.152534 0.152534 0.177534
0.162157 0.161426 0.171423 0.168329 0.168329 0.168336
0.157000 0.165280 0.167755 0.169986 0.169986 0.169993
0.152628 0.169374 0.169030 0.174269 0.173599 0.161099
0.168748 0.141548 0.157042 0.160888 0.173388 0.198388
0.153115 0.160751 0.209370 0.160751 0.159370 0.156644
0.181170 0.158531 0.189497 0.158225 0.160951 0.151626
0.163541 0.158247 0.178245 0.162443 0.174943 0.162580
0.163041 0.152541 0.208049 0.165030 0.161920 0.149420
0.158369 0.171401 0.160740 0.171401 0.171401 0.166688
0.159334 0.188311 0.154855 0.163311 0.167355 0.166834
0.217883 0.152685 0.158326 0.149384 0.162198 0.159524
0.169442 0.167880 0.158492 0.167201 0.168492 0.168492
0.212642 0.139881 0.156803 0.153407 0.156133 0.181133
0.168437 0.142498 0.166449 0.166077 0.178270 0.178270
0.198491 0.162927 0.152403 0.164131 0.161021 0.161028
0.165018 0.157627 0.168357 0.169674 0.169662 0.169662
0.165613 0.151719 0.160532 0.170903 0.175617 0.175617
0.153377 0.189682 0.152896 0.184472 0.159786 0.159786
0.160963 0.154007 0.173587 0.170900 0.170272 0.170272
0.158733 0.159695 0.167907 0.172620 0.172620 0.168424
0.205158 0.150227 0.161616 0.162347 0.166916 0.153737
0.176240 0.150847 0.171614 0.162100 0.164600 0.174600
0.150727 0.167471 0.168189 0.170739 0.172148 0.170727
0.211102 0.150231 0.160543 0.160236 0.157651 0.160236
0.152880 0.184092 0.162239 0.186930 0.151930 0.161930
0.154692 0.162680 0.169012 0.172301 0.172316 0.169000
0.160574 0.196326 0.160784 0.160772 0.160772 0.160772
0.141326 0.176725 0.191363 0.162167 0.162056 0.166363
0.161027 0.142003 0.217924 0.151453 0.163641 0.163953
0.171642 0.147215 0.164691 0.172996 0.170459 0.172996
0.142117 0.197297 0.153661 0.168975 0.168975 0.168975
0.168304 0.160061 0.154512 0.172271 0.172580 0.172271
0.164264 0.190930 0.142703 0.167368 0.167368 0.167368
0.197903 0.152502 0.146481 0.167701 0.167713 0.167701
0.164271 0.187554 0.155847 0.164109 0.164109 0.164109
0.164558 0.145836 0.157858 0.163916 0.213916 0.153916
0.198623 0.128136 0.139553 0.160051 0.163586 0.210051
0.162175 0.159066 0.161561 0.173261 0.173261 0.170676
0.167933 0.158950 0.163065 0.172721 0.169528 0.167803
0.158968 0.200658 0.162379 0.165364 0.145364 0.167267
0.155784 0.214449 0.157856 0.152663 0.166584 0.152663
0.220029 0.170958 0.131745 0.169720 0.142135 0.165413
0.174863 0.154296 0.172193 0.168812 0.161538 0.168297
0.161943 0.175154 0.187238 0.156477 0.165247 0.153940
0.196203 0.136899 0.174767 0.164431 0.163268 0.164431
0.203469 0.138174 0.148782 0.158571 0.142433 0.208571
0.168253 0.199073 0.159378 0.160005 0.153288 0.160005
0.159595 0.173924 0.171875 0.165987 0.162626 0.165994
0.151639 0.193284 0.171620 0.165337 0.152784 0.165337
0.162562 0.149180 0.178973 0.172562 0.164160 0.172562
0.154484 0.187974 0.150300 0.180163 0.147594 0.179484
0.174902 0.158843 0.154162 0.165571 0.171621 0.174902
0.171218 0.141775 0.195903 0.160146 0.163605 0.167353
0.162136 0.161267 0.164379 0.160933 0.199149 0.152136
0.170605 0.158252 0.167879 0.157879 0.174782 0.170605
0.171428 0.167800 0.155364 0.162244 0.171735 0.171428
0.161611 0.202278 0.155381 0.164720 0.154400 0.161611
0.178315 0.164745 0.161660 0.169812 0.151348 0.174119
0.165967 0.204739 0.162598 0.148442 0.164786 0.153467
0.162303 0.150133 0.183427 0.158772 0.183741 0.161624
0.160183 0.168568 0.153466 0.166831 0.181447 0.169504
0.159778 0.160047 0.170605 0.167986 0.173906 0.167678
0.160490 0.160662 0.167764 0.171961 0.167470 0.171654
0.148801 0.213432 0.154761 0.172477 0.150565 0.159965
0.173815 0.131958 0.157780 0.158096 0.195268 0.183084
0.151584 0.159279 0.158170 0.210994 0.161705 0.158268
0.154730 0.152490 0.186175 0.189710 0.161175 0.155721
0.166542 0.150303 0.173604 0.172629 0.165762 0.171161
0.166575 0.164868 0.161232 0.169861 0.163732 0.173732
0.163525 0.173152 0.168956 0.156892 0.171100 0.166375
0.166086 0.199315 0.141110 0.156336 0.168836 0.168315
0.160543 0.171000 0.167777 0.162229 0.178896 0.159556
0.150175 0.209404 0.161941 0.158461 0.161558 0.158461
0.181453 0.151468 0.151145 0.163645 0.163645 0.188645
0.205235 0.138941 0.160463 0.166647 0.162067 0.166647
0.201978 0.140586 0.156298 0.172599 0.155933 0.172607
0.208868 0.146641 0.148083 0.165469 0.165469 0.165469
0.162228 0.154901 0.171548 0.170441 0.170441 0.170441
0.141256 0.202995 0.160054 0.165005 0.165684 0.165005
0.153822 0.178415 0.162450 0.171771 0.161771 0.171771
0.148094 0.169041 0.166636 0.173001 0.174422 0.168805
0.154264 0.156760 0.177081 0.175660 0.173075 0.163160
0.151020 0.178855 0.183621 0.165501 0.155501 0.165501
0.167532 0.165533 0.161149 0.167490 0.170806 0.167490
0.191526 0.171283 0.169256 0.155978 0.155978 0.155978
0.201609 0.162624 0.160383 0.159897 0.155590 0.159897
0.214069 0.151646 0.144231 0.163455 0.163143 0.163455
0.207212 0.147674 0.149157 0.166165 0.163628 0.166165
0.205468 0.162479 0.149076 0.160992 0.160992 0.160992
0.187979 0.172654 0.159765 0.159765 0.160073 0.159765
0.143594 0.157940 0.208813 0.163218 0.163218 0.163218
0.143887 0.167747 0.175013 0.171114 0.171126 0.171114
0.158413 0.150036 0.163392 0.176053 0.176053 0.176053
0.149971 0.142255 0.162606 0.165056 0.215056 0.165056
0.152972 0.153763 0.200375 0.162654 0.167582 0.162654
0.165176 0.203851 0.155394 0.161860 0.151860 0.161860
0.209496 0.150121 0.162812 0.159484 0.158604 0.159484
0.170583 0.162442 0.167484 0.171355 0.156781 0.171355
0.187217 0.161974 0.173222 0.162529 0.152529 0.162529
0.164685 0.153806 0.170782 0.167793 0.175142 0.167793
0.159413 0.164794 0.167554 0.169413 0.169413 0.169413
0.158965 0.210015 0.149336 0.162853 0.155978 0.162853
0.159535 0.173032 0.151944 0.172035 0.171419 0.172035
0.160520 0.211477 0.150719 0.160508 0.156267 0.160508
0.172473 0.160615 0.148821 0.173143 0.172473 0.172473
0.214897 0.143747 0.158539 0.152397 0.165522 0.164897
0.159574 0.138226 0.194521 0.157421 0.206718 0.143539
0.157758 0.208201 0.148470 0.155032 0.147781 0.182758
0.162549 0.195764 0.156231 0.153920 0.167841 0.163694
0.153667 0.156239 0.154021 0.166777 0.211082 0.158213
0.171842 0.164219 0.148709 0.171842 0.169714 0.173675
0.176789 0.132803 0.161440 0.172075 0.180105 0.176789
0.172617 0.149355 0.171559 0.172303 0.166263 0.167903
0.169941 0.167477 0.170261 0.167268 0.155633 0.169420
0.170691 0.153609 0.166611 0.170691 0.170379 0.168018
0.154532 0.154203 0.242400 0.154839 0.151994 0.142032
0.145958 0.156155 0.210013 0.145958 0.145958 0.195958
0.163444 0.145493 0.203135 0.163456 0.163753 0.160718
0.160603 0.171459 0.191576 0.160603 0.160603 0.155156
0.164310 0.174188 0.143764 0.188631 0.163643 0.165464
0.162671 0.166594 0.149421 0.175972 0.172671 0.172671
0.163552 0.161154 0.143614 0.162131 0.212131 0.157418
0.163347 0.169522 0.172528 0.161066 0.168797 0.164741
0.148697 0.190286 0.166797 0.158697 0.171197 0.164327
0.175569 0.160301 0.167885 0.170872 0.167001 0.158372
0.152139 0.195270 0.172996 0.154865 0.144865 0.179865
0.158751 0.151208 0.163365 0.175559 0.175559 0.175559
0.171485 0.152774 0.169001 0.168688 0.169357 0.168695
0.169123 0.156722 0.171673 0.171661 0.159161 0.171661
0.164827 0.154296 0.170213 0.170201 0.170922 0.169540
0.169067 0.165035 0.178075 0.152405 0.166346 0.169072
0.162559 0.170521 0.182378 0.166577 0.152732 0.165232
0.166580 0.171477 0.164832 0.163685 0.171053 0.162372
0.186563 0.158667 0.137668 0.169590 0.173756 0.173756
0.222249 0.140276 0.134140 0.174498 0.169768 0.159070
0.157889 0.152113 0.177117 0.164343 0.159195 0.189343
0.176306 0.167687 0.154455 0.169681 0.159712 0.172159
0.181484 0.173220 0.155314 0.162625 0.169870 0.157487
0.152768 0.171357 0.168161 0.166642 0.169773 0.171299
0.172836 0.164273 0.161888 0.169520 0.161963 0.169520
0.167107 0.157423 0.166578 0.171608 0.170695 0.166589
0.147136 0.205066 0.160964 0.163944 0.159468 0.163422
0.158369 0.187228 0.156020 0.158693 0.183681 0.156008
0.163898 0.166120 0.166752 0.166436 0.170358 0.166436
0.144031 0.146514 0.185697 0.160697 0.194031 0.169031
0.160175 0.173329 0.187975 0.162963 0.155694 0.159866
0.171828 0.150044 0.175136 0.171828 0.159328 0.171835
0.162578 0.149036 0.169505 0.157306 0.199688 0.161887
0.166096 0.156642 0.158244 0.159429 0.183493 0.176096
0.216902 0.133672 0.152981 0.165481 0.165481 0.165481
0.170940 0.160419 0.165584 0.169990 0.163077 0.169990
0.155811 0.214335 0.149115 0.165811 0.153311 0.161615
0.173466 0.158126 0.160852 0.173352 0.173352 0.160852
0.150943 0.154616 0.174113 0.173443 0.173443 0.173443
0.168629 0.157652 0.159055 0.171555 0.171555 0.171555
0.166513 0.153900 0.170933 0.169551 0.169551 0.169551
0.158290 0.153133 0.170602 0.172658 0.172658 0.172658
0.165048 0.162198 0.149438 0.174438 0.174438 0.174438
0.158783 0.208356 0.161584 0.157093 0.157093 0.157093
0.162733 0.159302 0.167447 0.170173 0.170173 0.170173
0.150970 0.211153 0.146559 0.163772 0.163772 0.163772
0.169214 0.152880 0.171573 0.168778 0.168778 0.168778
0.212206 0.140965 0.159533 0.162206 0.162885 0.162206
0.160418 0.209135 0.156577 0.161290 0.151290 0.161290
0.162196 0.186351 0.162503 0.162510 0.163931 0.162510
0.169657 0.163498 0.174195 0.176189 0.156938 0.159523
0.154457 0.174368 0.154469 0.164457 0.171124 0.181124
0.189756 0.155850 0.165507 0.163779 0.164212 0.160896
0.156745 0.168627 0.189038 0.165944 0.159823 0.159823
0.170034 0.172862 0.151953 0.168640 0.166101 0.170409
0.162032 0.157725 0.173691 0.168955 0.168642 0.168955
0.179853 0.128795 0.181405 0.179853 0.172112 0.157982
0.169731 0.168212 0.156481 0.163321 0.162794 0.179461
0.162300 0.196604 0.162420 0.162300 0.159784 0.156592
0.163333 0.166672 0.159388 0.172243 0.172243 0.166121
0.142286 0.219957 0.139382 0.154421 0.171099 0.172856
0.158159 0.158514 0.170829 0.170833 0.170833 0.170833
0.165319 0.142018 0.156157 0.163899 0.213906 0.158702
0.156464 0.206072 0.158228 0.158743 0.162277 0.158216
0.161807 0.156304 0.169292 0.171807 0.171807 0.168983
0.165135 0.141507 0.211807 0.161807 0.157936 0.161807
0.159574 0.174569 0.180467 0.159574 0.149574 0.176241
0.185798 0.172940 0.155106 0.165106 0.160525 0.160525
0.171792 0.140776 0.215690 0.168133 0.152136 0.151473
0.157792 0.175155 0.163100 0.172151 0.159651 0.172151
0.158431 0.165203 0.161246 0.171246 0.172628 0.171246
0.160321 0.147689 0.173262 0.173818 0.171092 0.173818
0.151273 0.207115 0.156358 0.165697 0.153858 0.165697
0.155006 0.174482 0.152996 0.178551 0.164994 0.173970
0.182136 0.138915 0.161842 0.177476 0.178821 0.160810
0.207197 0.146646 0.159373 0.164794 0.157197 0.164794
0.152008 0.201913 0.153095 0.169762 0.153460 0.169762
0.170257 0.157710 0.172872 0.169636 0.159890 0.169636
0.154957 0.157478 0.171366 0.171366 0.173466 0.171366
0.153003 0.203753 0.161287 0.166479 0.148997 0.166479
0.169374 0.151972 0.171650 0.171966 0.163071 0.171966
0.148843 0.158765 0.209510 0.161655 0.159573 0.161655
0.174848 0.158216 0.164385 0.170850 0.160850 0.170850
0.178774 0.131310 0.167695 0.165969 0.190282 0.165969
0.210924 0.152359 0.153422 0.159879 0.163538 0.159879
0.155060 0.216055 0.147063 0.167052 0.147719 0.167052
0.145901 0.198216 0.167748 0.163754 0.160627 0.163754
0.166862 0.162527 0.172850 0.166183 0.165395 0.166183
0.144467 0.210480 0.163772 0.163561 0.154158 0.163561
0.159416 0.195970 0.158123 0.161020 0.164450 0.161020
0.159677 0.203782 0.147442 0.164560 0.159979 0.164560
0.144629 0.165360 0.155332 0.168682 0.197314 0.168682
0.210216 0.144133 0.160839 0.160530 0.163751 0.160530
0.162618 0.148564 0.157142 0.161450 0.208777 0.161450
0.161498 0.192477 0.161868 0.161498 0.161161 0.161498
0.169083 0.165103 0.157598 0.172636 0.162943 0.172636
0.150614 0.159422 0.211995 0.160614 0.156742 0.160614
0.187475 0.171545 0.163580 0.162463 0.152475 0.162463
0.167482 0.188297 0.151680 0.164180 0.164180 0.164180
0.182114 0.165179 0.156364 0.157114 0.182114 0.157114
0.168772 0.159258 0.159667 0.169667 0.172968 0.169667
0.155489 0.126592 0.213954 0.167989 0.167989 0.167989
0.166917 0.162320 0.163655 0.170435 0.166238 0.170435
0.150972 0.168214 0.172220 0.173472 0.161651 0.173472
0.172596 0.157837 0.164719 0.171836 0.161836 0.171175
0.175226 0.165134 0.158118 0.161145 0.162566 0.177811
0.159404 0.158892 0.172719 0.170748 0.168833 0.169404
0.177182 0.155608 0.173878 0.170983 0.148483 0.173866
0.167249 0.199376 0.162272 0.149913 0.154610 0.166580
0.147295 0.167801 0.188790 0.167030 0.164983 0.164102
0.172424 0.166864 0.172788 0.171354 0.145217 0.171354
0.168876 0.165756 0.161639 0.168935 0.160654 0.174139
0.154283 0.185464 0.164277 0.166467 0.162726 0.166783
0.178070 0.161637 0.159426 0.171828 0.154388 0.174652
0.172422 0.159570 0.159933 0.172422 0.163232 0.172422
0.159365 0.192034 0.167855 0.164371 0.164808 0.151567
0.153630 0.169888 0.193944 0.153944 0.149649 0.178944
0.210851 0.147069 0.163052 0.162161 0.157443 0.159424
0.155813 0.158780 0.149379 0.164778 0.211926 0.159324
0.168460 0.162239 0.150036 0.181909 0.182782 0.154575
0.145117 0.217612 0.144303 0.156919 0.157227 0.178822
0.143923 0.188627 0.154218 0.166412 0.187847 0.158972
0.180050 0.160743 0.171669 0.168540 0.161853 0.157145
0.185973 0.154595 0.160673 0.144307 0.144319 0.210133
0.158378 0.155363 0.155138 0.162634 0.208438 0.160049
0.155504 0.163911 0.180808 0.156124 0.172159 0.171493
0.159908 0.160246 0.169425 0.168580 0.171881 0.169961
0.161586 0.148608 0.174086 0.174086 0.170215 0.171420
0.162767 0.211030 0.158267 0.162146 0.147950 0.157839
0.204094 0.180044 0.141594 0.154094 0.141594 0.178579
0.160276 0.151240 0.210264 0.160252 0.160252 0.157715
0.167721 0.157173 0.171256 0.167721 0.168400 0.167728
0.192071 0.142176 0.167138 0.154270 0.144270 0.200074
0.181997 0.143376 0.161909 0.174599 0.176020 0.162099
0.165741 0.194990 0.144623 0.165741 0.163156 0.165748
0.164590 0.165150 0.165752 0.171503 0.161503 0.171503
0.165685 0.150183 0.150459 0.178185 0.181500 0.173988
0.175356 0.145110 0.165966 0.175356 0.175356 0.162856
0.171718 0.142609 0.174827 0.171718 0.167410 0.171718
0.171900 0.149397 0.167186 0.171900 0.171588 0.168029
0.169960 0.167763 0.164933 0.169960 0.167423 0.159960
0.163760 0.184189 0.160772 0.163760 0.163760 0.163760
0.168564 0.159543 0.165891 0.168564 0.168873 0.168564
0.166802 0.165681 0.167109 0.166802 0.166802 0.166802
0.172128 0.141719 0.171765 0.171459 0.171470 0.171459
0.151479 0.192595 0.163990 0.163979 0.163979 0.163979
0.161182 0.149603 0.159813 0.159801 0.209801 0.159801
0.158382 0.168649 0.186108 0.161108 0.164643 0.161108
0.151088 0.166257 0.191890 0.163588 0.163588 0.163588
0.154973 0.187466 0.172510 0.168530 0.164659 0.151863
0.171180 0.217624 0.140987 0.154514 0.144514 0.171180
0.172654 0.137001 0.152476 0.180251 0.180251 0.177368
0.160320 0.192481 0.153053 0.166756 0.166756 0.160634
0.163450 0.190087 0.151629 0.164355 0.164355 0.166123
0.172098 0.148696 0.162913 0.172098 0.172098 0.172098
0.157694 0.194035 0.165701 0.162591 0.162591 0.157387
0.170530 0.150076 0.166750 0.171057 0.171057 0.170530
0.170544 0.146561 0.167661 0.172686 0.172686 0.169862
0.152549 0.190105 0.162198 0.165049 0.165049 0.165049
0.197266 0.184550 0.150874 0.153548 0.153548 0.160214
0.143715 0.183415 0.155949 0.155640 0.155640 0.205640
0.160231 0.156672 0.171649 0.171342 0.171342 0.168764
0.162381 0.202748 0.153706 0.166194 0.166194 0.148777
0.143934 0.127073 0.193946 0.169604 0.169604 0.195837
0.163821 0.154930 0.212699 0.152925 0.152925 0.162699
0.160943 0.177948 0.184337 0.162638 0.162638 0.151495
0.163622 0.137602 0.180723 0.172863 0.172863 0.172326
0.155849 0.200906 0.168959 0.160330 0.160330 0.153626
0.168294 0.166468 0.151751 0.173770 0.173770 0.165947
0.156931 0.178220 0.143909 0.156931 0.157600 0.206409
0.174617 0.154784 0.172304 0.169585 0.157085 0.171625
0.161180 0.203340 0.151180 0.160866 0.162248 0.161187
0.177911 0.169862 0.178641 0.149547 0.146821 0.177220
0.167517 0.150706 0.171631 0.174216 0.161716 0.174216
0.186163 0.181131 0.149749 0.160049 0.163159 0.159749
0.169504 0.159564 0.164479 0.172984 0.172984 0.160484
0.145494 0.151090 0.182994 0.168006 0.163293 0.189123
0.161185 0.208534 0.157123 0.162066 0.161752 0.149340
0.156654 0.145028 0.148303 0.194833 0.191481 0.163700
0.165945 0.172325 0.156733 0.163554 0.173554 0.167889
0.164569 0.198590 0.152971 0.166302 0.165188 0.152381
0.164462 0.199455 0.150774 0.160219 0.162804 0.162286
0.174190 0.178261 0.162471 0.151029 0.161041 0.173008
0.160941 0.146761 0.159080 0.180615 0.177978 0.174626
0.164743 0.175153 0.154907 0.163399 0.178399 0.163399
0.153054 0.136029 0.217728 0.151618 0.160647 0.180925
0.158995 0.153436 0.163481 0.175350 0.173077 0.175662
0.217933 0.160839 0.155440 0.162468 0.150809 0.152512
0.168128 0.140542 0.181734 0.164594 0.155409 0.189594
0.167755 0.161070 0.154717 0.173267 0.172959 0.170233
0.157503 0.163115 0.204073 0.161690 0.157383 0.156236
0.158587 0.161694 0.163954 0.171423 0.171099 0.173244
0.161583 0.176283 0.184117 0.161583 0.159046 0.157387
0.163739 0.168479 0.144031 0.213434 0.164095 0.146221
0.170097 0.202751 0.132242 0.172953 0.153060 0.168897
0.159482 0.166166 0.167272 0.169470 0.170814 0.166796
0.165708 0.148592 0.199583 0.160416 0.161416 0.164287
0.177374 0.156896 0.177520 0.153292 0.146626 0.188292
0.151453 0.155060 0.165490 0.158357 0.211284 0.158357
0.163506 0.201178 0.151203 0.160190 0.163725 0.160197
0.172314 0.160672 0.145716 0.175501 0.170297 0.175501
0.146689 0.160207 0.164304 0.177663 0.173475 0.177663
0.176387 0.144428 0.170884 0.173708 0.160884 0.173708
0.155666 0.197515 0.158483 0.162778 0.162778 0.162778
0.158921 0.173491 0.164717 0.168921 0.169226 0.164725
0.171689 0.149724 0.198994 0.164031 0.164031 0.151531
0.166934 0.161771 0.170481 0.166934 0.166946 0.166934
0.162924 0.156938 0.170775 0.169788 0.169788 0.169788
0.161159 0.171597 0.165250 0.161776 0.178442 0.161776
0.206346 0.163680 0.145116 0.160587 0.163684 0.160587
0.170065 0.164301 0.166045 0.166530 0.166530 0.166530
0.164906 0.159713 0.187116 0.164282 0.159701 0.164282
0.213675 0.151200 0.149151 0.167547 0.150880 0.167547
0.149898 0.209874 0.160605 0.159874 0.159874 0.159874
0.161338 0.214205 0.142480 0.160659 0.160659 0.160659
0.201182 0.164716 0.150557 0.161182 0.161182 0.161182
0.168864 0.205700 0.146722 0.159571 0.159571 0.159571
0.171404 0.163653 0.169262 0.161489 0.173346 0.160846
0.138470 0.144824 0.152235 0.179824 0.179824 0.204824
0.164750 0.168242 0.160698 0.168708 0.170164 0.167438
0.170573 0.150573 0.171646 0.165119 0.173771 0.168317
0.153729 0.159458 0.159036 0.159870 0.183037 0.184870
0.160911 0.159307 0.200571 0.161893 0.158659 0.158659
0.163294 0.142662 0.220487 0.147948 0.165162 0.160448
0.156237 0.173435 0.151407 0.169598 0.174922 0.174401
0.163345 0.159598 0.199527 0.156255 0.161974 0.159301
0.174191 0.148288 0.153054 0.164417 0.180025 0.180025
0.152464 0.158452 0.143155 0.192383 0.164273 0.189273
0.162797 0.166524 0.162217 0.169688 0.169387 0.169387
0.210623 0.130082 0.186390 0.154495 0.159202 0.159209
0.158520 0.146809 0.208155 0.161970 0.162272 0.162272
0.158067 0.167860 0.171602 0.165708 0.168381 0.168381
0.168348 0.153621 0.181036 0.170907 0.163379 0.162709
0.152723 0.164224 0.174952 0.175530 0.160035 0.172535
0.159100 0.212719 0.150034 0.157523 0.163101 0.157523
0.171971 0.159881 0.160136 0.162521 0.177633 0.167859
0.143934 0.143528 0.198160 0.158959 0.171459 0.183959
0.161221 0.175355 0.160302 0.183111 0.161900 0.158111
0.191318 0.141559 0.175795 0.169310 0.156009 0.166009
0.169210 0.161553 0.160662 0.170623 0.167330 0.170623
0.160429 0.185632 0.178841 0.156535 0.157832 0.160731
0.161722 0.194692 0.162984 0.156092 0.155919 0.168592
0.200182 0.163301 0.145155 0.162682 0.165998 0.162682
0.165975 0.192365 0.154951 0.162134 0.162441 0.162134
0.165595 0.191506 0.150422 0.165595 0.161288 0.165595
0.164131 0.163232 0.168297 0.167990 0.168360 0.167990
0.165019 0.149634 0.175326 0.175019 0.159982 0.175019
0.187013 0.138543 0.162025 0.162013 0.188394 0.162013
0.171203 0.156296 0.167913 0.167901 0.168785 0.167901
0.163959 0.167708 0.188959 0.163959 0.151459 0.163959
0.157348 0.171964 0.189167 0.160865 0.159791 0.160865
0.148482 0.176791 0.174283 0.170982 0.158482 0.170982
0.163249 0.150333 0.156971 0.161167 0.207114 0.161167
0.163368 0.135626 0.166593 0.182620 0.169174 0.182620
0.168295 0.152947 0.151272 0.176272 0.174943 0.176272
0.151927 0.207467 0.162876 0.161495 0.154740 0.161495
0.162119 0.157506 0.174639 0.177365 0.151005 0.177365
0.158221 0.202610 0.149686 0.162186 0.165113 0.162186
0.157512 0.168071 0.170933 0.167824 0.167836 0.167824
0.166265 0.156177 0.170690 0.170690 0.165487 0.170690
0.162007 0.168731 0.157610 0.162323 0.187007 0.162323
0.154589 0.202317 0.160419 0.160733 0.161210 0.160733
0.158804 0.167404 0.166443 0.169116 0.169116 0.169116
0.168851 0.156438 0.169651 0.169651 0.165759 0.169651
0.162569 0.191726 0.164781 0.164475 0.151975 0.164475
0.192771 0.157417 0.162450 0.162450 0.162462 0.162450
0.178758 0.151785 0.170498 0.170486 0.170486 0.157986
0.168553 0.171943 0.154459 0.154459 0.171126 0.179459
0.146829 0.180159 0.186910 0.161910 0.165007 0.159184
0.205205 0.148142 0.165503 0.162201 0.162201 0.156747
0.168359 0.146617 0.171943 0.171943 0.167362 0.173776
0.156283 0.157563 0.172391 0.176587 0.160590 0.176587
0.163137 0.147858 0.167682 0.179512 0.167012 0.174799
0.163199 0.150342 0.162534 0.174355 0.175736 0.173834
0.158071 0.212806 0.152167 0.160785 0.158059 0.158112
0.159814 0.165969 0.170700 0.172006 0.159506 0.172006
