0.165321 0.189735 0.140183 0.171851 0.148918 0.183992
0.141250 0.134551 0.168319 0.175052 0.170334 0.210494
0.184344 0.181713 0.164128 0.168847 0.142847 0.158122
0.188139 0.183043 0.168501 0.152702 0.143939 0.163676
0.173148 0.161039 0.161189 0.157174 0.166320 0.181131
0.191706 0.177088 0.120658 0.171853 0.160867 0.177829
0.154124 0.155124 0.171668 0.180203 0.173321 0.165561
0.180935 0.170935 0.162128 0.168816 0.164149 0.153038
0.214601 0.209155 0.157872 0.138348 0.148821 0.131202
0.187105 0.187105 0.147712 0.134012 0.130694 0.213373
0.161988 0.193466 0.176489 0.157449 0.145895 0.164713
0.184849 0.171484 0.155368 0.148728 0.214661 0.124909
0.169799 0.240205 0.133469 0.160923 0.148088 0.147516
0.161116 0.158392 0.173733 0.172944 0.170871 0.162944
0.179125 0.160794 0.161237 0.170656 0.161839 0.166349
0.162302 0.152216 0.167409 0.176793 0.164780 0.176499
0.155966 0.147772 0.160313 0.171323 0.214803 0.149823
0.192675 0.183817 0.175727 0.145523 0.147696 0.154563
0.161709 0.146792 0.157024 0.165065 0.168337 0.201073
0.203896 0.201379 0.148785 0.150846 0.148845 0.146249
0.151536 0.144932 0.181104 0.182504 0.155633 0.184292
0.160431 0.178003 0.144156 0.164301 0.199448 0.153661
0.147618 0.147934 0.164476 0.169772 0.168894 0.201307
0.178078 0.201511 0.144727 0.156003 0.144068 0.175612
0.156332 0.139100 0.181607 0.182493 0.180476 0.159992
0.211470 0.204312 0.135884 0.163926 0.128172 0.156235
0.167974 0.181149 0.210176 0.143827 0.151006 0.145869
0.140357 0.131843 0.169262 0.175243 0.171895 0.211400
0.184302 0.167752 0.154060 0.154349 0.199369 0.140168
0.161708 0.159739 0.172187 0.167968 0.176991 0.161406
0.182532 0.179291 0.148484 0.167976 0.159586 0.162131
0.185856 0.186130 0.153331 0.159102 0.147147 0.168433
0.200338 0.215766 0.137082 0.151093 0.128473 0.167248
0.153271 0.187462 0.172497 0.184914 0.151217 0.150638
0.167432 0.192599 0.125964 0.142538 0.207932 0.163535
0.203139 0.198386 0.152947 0.153396 0.145961 0.146170
0.153626 0.227671 0.146159 0.147778 0.151629 0.173137
0.153192 0.198659 0.209592 0.145532 0.149090 0.143935
0.158246 0.192854 0.162119 0.186306 0.137993 0.162482
0.164187 0.184368 0.164803 0.162241 0.157272 0.167129
0.183549 0.162556 0.166604 0.158963 0.174113 0.154215
0.147798 0.132944 0.209651 0.184064 0.172216 0.153327
0.166277 0.155710 0.163554 0.160126 0.157829 0.196504
0.177703 0.149878 0.158514 0.169100 0.204434 0.140370
0.131828 0.130854 0.161312 0.168771 0.246258 0.160978
0.144655 0.161621 0.139290 0.146900 0.182356 0.225178
0.172397 0.169429 0.209299 0.153970 0.147479 0.147427
0.160030 0.159452 0.171040 0.179142 0.156348 0.173987
0.152019 0.184391 0.157715 0.154757 0.157501 0.193618
0.182583 0.180353 0.164839 0.165458 0.149355 0.157412
0.214823 0.203670 0.147992 0.144533 0.154570 0.134412
0.155633 0.150174 0.169112 0.194112 0.143892 0.187078
0.261465 0.244514 0.130014 0.126785 0.117275 0.119948
0.157950 0.148107 0.175840 0.171243 0.176988 0.169873
0.156367 0.175501 0.144931 0.190678 0.148671 0.183852
0.170672 0.166725 0.163944 0.155365 0.158325 0.184970
0.163261 0.144500 0.167498 0.161533 0.167209 0.195998
0.174325 0.176815 0.166314 0.160626 0.163347 0.158572
0.146249 0.133369 0.187457 0.173187 0.183605 0.176132
0.181899 0.173568 0.167754 0.178542 0.153839 0.144397
0.151156 0.140653 0.179222 0.189046 0.166663 0.173259
0.183633 0.174878 0.167544 0.170338 0.156646 0.146960
0.195733 0.164618 0.144650 0.165605 0.171411 0.157982
0.177230 0.155469 0.151310 0.147183 0.210883 0.157925
0.213975 0.201937 0.138720 0.141446 0.146815 0.157107
0.159852 0.128133 0.164026 0.181856 0.168986 0.197146
0.197208 0.206868 0.144285 0.142575 0.152505 0.156559
0.180944 0.173821 0.169034 0.166179 0.156495 0.153528
0.172929 0.140999 0.164261 0.158754 0.163565 0.199492
0.187945 0.198312 0.144973 0.144990 0.146517 0.177264
0.157031 0.201952 0.166843 0.169738 0.156737 0.147699
0.169080 0.146208 0.167744 0.161259 0.178504 0.177206
0.159302 0.210256 0.149606 0.165966 0.160442 0.154428
0.143350 0.133263 0.227640 0.173955 0.168863 0.152930
0.167053 0.191806 0.163275 0.166836 0.158663 0.152366
0.151487 0.135206 0.193018 0.169529 0.168246 0.182513
0.185285 0.223283 0.160713 0.144406 0.138862 0.147451
0.196379 0.200752 0.136298 0.129074 0.138107 0.199390
0.156727 0.173360 0.166484 0.165575 0.158279 0.179574
0.202050 0.204931 0.134341 0.149123 0.160728 0.148828
0.168764 0.141741 0.165121 0.169742 0.176740 0.177892
0.223274 0.176121 0.137641 0.152633 0.169536 0.140795
0.143573 0.133868 0.177014 0.196824 0.160884 0.187837
0.200740 0.180158 0.147078 0.140448 0.183603 0.147972
0.155756 0.131800 0.184206 0.171818 0.183345 0.173075
0.157324 0.188048 0.144817 0.159848 0.173226 0.176738
0.185560 0.157785 0.185471 0.148060 0.137059 0.186065
0.170030 0.170228 0.161338 0.180703 0.164098 0.153603
0.195957 0.172873 0.161722 0.164766 0.131709 0.172974
0.174739 0.180047 0.179534 0.160822 0.145880 0.158977
0.187773 0.173269 0.152491 0.178791 0.157664 0.150013
0.157606 0.159275 0.158232 0.188021 0.166673 0.170194
0.192755 0.192455 0.150186 0.169172 0.154266 0.141166
0.155453 0.157289 0.179249 0.176036 0.187344 0.144628
0.142769 0.131123 0.153890 0.162781 0.235294 0.174143
0.187127 0.177777 0.176311 0.140887 0.153443 0.164456
0.168671 0.158699 0.147436 0.164189 0.153361 0.207645
0.191447 0.145473 0.153138 0.183358 0.148578 0.178007
0.160319 0.157418 0.161209 0.162258 0.178955 0.179842
0.192907 0.152870 0.161557 0.161552 0.183686 0.147427
0.171510 0.181809 0.146735 0.141807 0.186300 0.171839
0.145008 0.137696 0.183271 0.183585 0.177785 0.172656
0.192142 0.192348 0.181173 0.163185 0.144755 0.126397
0.155841 0.147838 0.162167 0.171366 0.161660 0.201127
0.167646 0.167953 0.156313 0.186818 0.143329 0.177940
0.180935 0.222026 0.140169 0.155340 0.157004 0.144525
0.174523 0.165048 0.159627 0.166662 0.166786 0.167353
0.167169 0.164496 0.160608 0.168741 0.167938 0.171049
0.142914 0.164043 0.191884 0.174967 0.163614 0.162577
0.172982 0.191284 0.158510 0.152597 0.149419 0.175207
0.151967 0.151967 0.184920 0.181357 0.161460 0.168328
0.157913 0.153724 0.162510 0.155584 0.192015 0.178253
0.173542 0.161042 0.134212 0.149457 0.143482 0.238266
0.180153 0.180153 0.153131 0.178131 0.148546 0.159887
0.170633 0.170882 0.159131 0.153802 0.204877 0.140674
0.146013 0.136013 0.159730 0.159449 0.201151 0.197645
0.194308 0.191532 0.157963 0.155153 0.155680 0.145364
0.191706 0.176621 0.178480 0.158334 0.156125 0.138734
0.153421 0.143421 0.170704 0.187667 0.169602 0.175186
0.178963 0.181193 0.156491 0.153607 0.143607 0.186139
0.189926 0.177426 0.153660 0.143500 0.159464 0.176024
0.193613 0.214555 0.151544 0.127701 0.152701 0.159886
0.132220 0.119182 0.164492 0.239119 0.164124 0.180863
0.155587 0.149016 0.170704 0.178683 0.176288 0.169722
0.137276 0.125875 0.177135 0.169053 0.174507 0.216153
0.151947 0.142256 0.181154 0.177349 0.181372 0.165923
0.175137 0.172506 0.148797 0.146492 0.157394 0.199674
0.156100 0.155344 0.174718 0.184172 0.170573 0.159093
0.182061 0.191499 0.150077 0.132889 0.144710 0.198765
0.186431 0.244774 0.138558 0.142565 0.142513 0.145159
0.181390 0.208849 0.152641 0.150046 0.144592 0.162482
0.126965 0.136217 0.167027 0.178318 0.154502 0.236973
0.171044 0.175567 0.162966 0.168368 0.168516 0.153539
0.163236 0.151153 0.182086 0.182019 0.164576 0.156930
0.166072 0.171288 0.165977 0.142436 0.180671 0.173555
0.172973 0.177596 0.164916 0.172925 0.142525 0.169065
0.136541 0.189678 0.169464 0.163031 0.161186 0.180100
0.149625 0.168167 0.190950 0.133220 0.150246 0.207791
0.133689 0.130884 0.188846 0.192759 0.197414 0.156409
0.162054 0.157874 0.182061 0.158588 0.163143 0.176280
0.156208 0.146445 0.155640 0.166198 0.161475 0.214034
0.168914 0.158902 0.159556 0.174865 0.175275 0.162488
0.170139 0.154894 0.161871 0.182285 0.185428 0.145383
0.211191 0.155509 0.134400 0.140717 0.159751 0.198432
0.186028 0.172494 0.154711 0.173113 0.156701 0.156952
0.205982 0.212645 0.159627 0.144775 0.129138 0.147832
0.155867 0.176404 0.147232 0.164409 0.160664 0.195424
0.183859 0.189552 0.161903 0.159682 0.159977 0.145028
0.183541 0.183229 0.154850 0.143926 0.143926 0.190527
0.183771 0.181233 0.151222 0.162428 0.162436 0.158910
0.180156 0.170303 0.167877 0.165642 0.161593 0.154430
0.184162 0.159471 0.184306 0.171464 0.165024 0.135572
0.185854 0.198354 0.154460 0.139937 0.158282 0.163113
0.148438 0.145391 0.224270 0.172905 0.171227 0.137768
0.190694 0.183718 0.142628 0.155558 0.140044 0.187357
0.135258 0.186389 0.140643 0.191154 0.166084 0.180473
0.185025 0.188559 0.148132 0.164732 0.166731 0.146821
0.164656 0.158847 0.155249 0.171816 0.166008 0.183425
0.179923 0.175668 0.161084 0.166318 0.161073 0.155934
0.165585 0.140092 0.165840 0.169520 0.165840 0.193123
0.130960 0.155960 0.214223 0.156330 0.164223 0.178303
0.172209 0.181983 0.169981 0.154792 0.166446 0.154589
0.154435 0.149228 0.168614 0.183689 0.161791 0.182243
0.205567 0.190091 0.153487 0.126793 0.155154 0.168909
0.151408 0.152753 0.173591 0.181728 0.182247 0.158273
0.172420 0.164823 0.157742 0.158928 0.160253 0.185834
0.174628 0.157440 0.153302 0.133761 0.180757 0.200113
0.156171 0.155420 0.182013 0.170109 0.177989 0.158299
0.156154 0.151112 0.152742 0.169887 0.155784 0.214321
0.183787 0.178583 0.141323 0.171112 0.154976 0.170220
0.173254 0.172938 0.153756 0.154033 0.151326 0.194694
0.155682 0.152864 0.153836 0.203261 0.156660 0.177697
0.182909 0.166243 0.144755 0.145368 0.166751 0.193974
0.157596 0.157900 0.162128 0.156968 0.162111 0.203297
0.166845 0.166992 0.140900 0.199608 0.143858 0.181796
0.163976 0.138987 0.141925 0.176212 0.145392 0.233508
0.169344 0.177648 0.174172 0.148547 0.173875 0.156415
0.182621 0.183728 0.169745 0.181456 0.152856 0.129594
0.159982 0.156103 0.160415 0.158550 0.171065 0.193885
0.172262 0.173392 0.182893 0.134613 0.157893 0.178947
0.122684 0.118103 0.215489 0.196461 0.173680 0.173582
0.192126 0.169799 0.129629 0.134913 0.134984 0.238549
0.180847 0.168401 0.180596 0.149248 0.181139 0.139769
0.158459 0.173094 0.164031 0.168269 0.165824 0.170324
0.167064 0.166144 0.138462 0.162791 0.157520 0.208019
0.155913 0.159877 0.170920 0.176493 0.172045 0.164752
0.209561 0.198245 0.147281 0.149448 0.153466 0.141999
0.210127 0.240901 0.122032 0.146259 0.125004 0.155676
0.178913 0.171473 0.176765 0.150499 0.174679 0.147671
0.185904 0.173611 0.181009 0.157381 0.142263 0.159832
0.172304 0.170814 0.135738 0.199910 0.142410 0.178824
0.151148 0.147409 0.171331 0.187811 0.174329 0.167971
0.142006 0.156430 0.174729 0.181810 0.167832 0.177193
0.175125 0.149899 0.139055 0.184641 0.159044 0.192236
0.179776 0.177695 0.178981 0.148170 0.158397 0.156982
0.153995 0.146872 0.151772 0.154539 0.206014 0.186808
0.183553 0.200782 0.136338 0.157300 0.162132 0.159896
0.175651 0.188233 0.166736 0.148506 0.162220 0.158654
0.160502 0.163383 0.224573 0.149573 0.140887 0.161082
0.213214 0.211536 0.151078 0.151915 0.141613 0.130644
0.168223 0.134315 0.175343 0.175448 0.159151 0.187520
0.184536 0.182069 0.138538 0.160644 0.163564 0.170649
0.187753 0.180711 0.148464 0.163778 0.156335 0.162959
0.188540 0.161671 0.156461 0.166424 0.188414 0.138490
0.193129 0.203427 0.130951 0.164676 0.137229 0.170589
0.148921 0.136489 0.184071 0.185511 0.188262 0.156746
0.191085 0.180985 0.146918 0.179548 0.149008 0.152456
0.137799 0.128457 0.187359 0.181721 0.176301 0.188363
0.183184 0.182216 0.167927 0.169589 0.151347 0.145738
0.183684 0.190776 0.141756 0.151021 0.166756 0.166008
0.151944 0.213400 0.136051 0.151220 0.155292 0.192093
0.167003 0.189050 0.163523 0.177414 0.172999 0.130011
0.181708 0.149892 0.164386 0.173167 0.155164 0.175683
0.179493 0.186225 0.159476 0.146238 0.161577 0.166992
0.163996 0.159138 0.166165 0.184361 0.157159 0.169181
0.171737 0.168022 0.168597 0.140359 0.159667 0.191618
0.140180 0.130180 0.181692 0.155926 0.181294 0.210729
0.190422 0.190864 0.168764 0.157822 0.164556 0.127572
0.208071 0.191925 0.141778 0.172583 0.120919 0.164725
0.172722 0.175407 0.156361 0.161370 0.158174 0.175966
0.202560 0.198364 0.156615 0.150680 0.150621 0.141160
0.168000 0.180499 0.163462 0.168079 0.151534 0.168425
0.182707 0.186390 0.156911 0.175782 0.159953 0.138257
0.204386 0.191879 0.141601 0.153616 0.141601 0.166918
0.195922 0.217051 0.141654 0.144044 0.136333 0.164996
0.190118 0.177540 0.147643 0.169975 0.141690 0.173035
0.159299 0.137326 0.183111 0.179872 0.199786 0.140606
0.181124 0.186474 0.144709 0.165111 0.162869 0.159714
0.139199 0.165661 0.166301 0.167859 0.180381 0.180599
0.207624 0.194063 0.166240 0.166247 0.138617 0.127210
0.158311 0.178492 0.171755 0.159978 0.154262 0.177202
0.181121 0.176906 0.167821 0.153640 0.176294 0.144218
0.195765 0.185107 0.151555 0.148189 0.181931 0.137453
0.183697 0.204641 0.144043 0.157799 0.155365 0.154456
0.168294 0.164949 0.178184 0.160914 0.155724 0.171934
0.194579 0.187200 0.154886 0.145255 0.143444 0.174637
0.146626 0.162772 0.146260 0.164868 0.156348 0.223126
0.143394 0.165721 0.173198 0.159623 0.171351 0.186713
0.173572 0.173579 0.167933 0.172815 0.144009 0.168092
0.189659 0.214667 0.144015 0.143807 0.146189 0.161663
0.154087 0.150039 0.173321 0.186200 0.171554 0.164800
0.194547 0.169804 0.158789 0.154965 0.151933 0.169962
0.178345 0.193345 0.158543 0.146211 0.158860 0.164696
0.176060 0.170174 0.174495 0.159738 0.157617 0.161916
0.197096 0.168194 0.143129 0.156527 0.187041 0.148013
0.189725 0.168557 0.144855 0.151593 0.166058 0.179212
0.167033 0.148252 0.161666 0.145598 0.223041 0.154411
0.167204 0.166657 0.173357 0.165320 0.166483 0.160979
0.178563 0.170852 0.157539 0.176243 0.165276 0.151528
0.188940 0.179833 0.170684 0.148207 0.146154 0.166180
0.172487 0.171106 0.147791 0.174770 0.164918 0.168929
0.136990 0.151990 0.170611 0.212284 0.157662 0.170463
0.171372 0.166476 0.154892 0.164152 0.189845 0.153263
0.180620 0.180101 0.133875 0.152992 0.156651 0.195761
0.192536 0.189724 0.149504 0.166267 0.148968 0.153001
0.186177 0.186177 0.169634 0.142225 0.162612 0.153174
0.146839 0.213506 0.149239 0.135006 0.151466 0.203944
0.181977 0.185511 0.163901 0.158173 0.167701 0.142738
0.185665 0.181476 0.201684 0.153293 0.152772 0.125109
0.168684 0.152313 0.181794 0.166640 0.158006 0.172563
0.167994 0.157994 0.157734 0.156606 0.156896 0.202775
0.134128 0.134128 0.145479 0.164188 0.192326 0.229751
0.164232 0.164232 0.149260 0.162535 0.166647 0.193096
0.156902 0.152322 0.148864 0.175516 0.164440 0.201956
0.170195 0.153528 0.154342 0.184090 0.186561 0.151284
0.158167 0.158167 0.139049 0.159101 0.142295 0.243220
0.195887 0.195887 0.141483 0.163507 0.162886 0.140350
0.164763 0.164912 0.181060 0.180022 0.168229 0.141014
0.188581 0.176081 0.166504 0.168245 0.149237 0.151352
0.187180 0.212180 0.142951 0.153297 0.138070 0.166322
0.201127 0.198401 0.134712 0.136102 0.141847 0.187812
0.188902 0.183596 0.194708 0.150229 0.141250 0.141315
0.182593 0.167110 0.141518 0.157661 0.178892 0.172225
0.174908 0.191574 0.168557 0.155337 0.149251 0.160373
0.187913 0.180316 0.139743 0.154110 0.145773 0.192144
0.179157 0.172514 0.182384 0.163161 0.165023 0.137763
0.160148 0.158631 0.158108 0.164392 0.164392 0.194329
0.148153 0.148153 0.178778 0.165013 0.209057 0.150845
0.163997 0.183793 0.151942 0.164357 0.168997 0.166915
0.140324 0.139797 0.187014 0.170056 0.191912 0.170898
0.206201 0.203384 0.182586 0.120598 0.120036 0.167194
0.158400 0.158400 0.171824 0.170892 0.172285 0.168199
0.188043 0.204859 0.167714 0.156860 0.137292 0.145232
0.178250 0.165750 0.148078 0.159684 0.171211 0.177027
0.209202 0.234209 0.133932 0.143635 0.126862 0.152160
0.151182 0.144260 0.173535 0.170392 0.177039 0.183591
0.149678 0.131724 0.175880 0.171918 0.195238 0.175562
0.212996 0.214180 0.143192 0.157243 0.149407 0.122983
0.186217 0.186217 0.179226 0.154374 0.139409 0.154558
0.199403 0.190109 0.145977 0.141305 0.141182 0.182024
0.210375 0.193435 0.133882 0.180145 0.146284 0.135879
0.173530 0.158208 0.152415 0.173131 0.156911 0.185806
0.174905 0.188934 0.159870 0.158913 0.174197 0.143181
0.213751 0.186025 0.133911 0.166060 0.133636 0.166617
0.188733 0.191459 0.152344 0.134513 0.160199 0.172754
0.181725 0.186126 0.163631 0.151171 0.164733 0.152614
0.192694 0.184534 0.135634 0.151941 0.148730 0.186467
0.187528 0.183945 0.159075 0.154425 0.163688 0.151338
0.132501 0.136900 0.185238 0.162823 0.159906 0.222632
0.180638 0.172677 0.142260 0.185790 0.146496 0.172140
0.169403 0.154996 0.172358 0.176262 0.155495 0.171487
0.165165 0.137727 0.184128 0.185945 0.177729 0.149306
0.163969 0.153969 0.163097 0.167404 0.151036 0.200525
0.189023 0.200230 0.159514 0.152040 0.154591 0.144602
0.181302 0.173504 0.157924 0.166547 0.166252 0.154472
0.176240 0.179931 0.117819 0.156686 0.181693 0.187632
0.173393 0.180306 0.166546 0.160660 0.168296 0.150799
0.178700 0.154594 0.194316 0.159542 0.155130 0.157717
0.174699 0.169841 0.149996 0.162484 0.174955 0.168025
0.170753 0.158580 0.180931 0.178924 0.157587 0.153225
0.166011 0.164809 0.195505 0.150918 0.142813 0.179943
0.161377 0.147968 0.150783 0.163205 0.170174 0.206493
0.179289 0.166784 0.161635 0.163966 0.175815 0.152510
0.153087 0.170217 0.164395 0.167701 0.162497 0.182104
0.151637 0.135896 0.164675 0.181204 0.186858 0.179731
0.133727 0.125755 0.171699 0.186495 0.173200 0.209125
0.151968 0.203152 0.159957 0.159584 0.164679 0.160661
0.117695 0.137908 0.162728 0.167539 0.206414 0.207716
0.156089 0.147179 0.182647 0.180256 0.161283 0.172546
0.158808 0.166923 0.171518 0.146416 0.169566 0.186769
0.190870 0.181746 0.164302 0.165462 0.146199 0.151421
0.167488 0.154988 0.152456 0.162505 0.150639 0.211925
0.216544 0.238729 0.136338 0.139152 0.133731 0.135507
0.171095 0.155869 0.150844 0.171408 0.150267 0.200517
0.169388 0.152315 0.139687 0.152254 0.164887 0.221469
0.187919 0.173252 0.146516 0.186008 0.177904 0.128402
0.165816 0.166401 0.159844 0.156724 0.175075 0.176140
0.180387 0.168302 0.173821 0.156476 0.151546 0.169468
0.186205 0.187696 0.163337 0.166045 0.153853 0.142864
0.173025 0.162926 0.157891 0.135917 0.195323 0.174918
0.175786 0.150934 0.152070 0.178785 0.180710 0.161714
0.192210 0.185931 0.212761 0.140034 0.131579 0.137486
0.179655 0.179802 0.138548 0.157797 0.178922 0.165277
0.169802 0.148270 0.158757 0.181697 0.173903 0.167572
0.188404 0.192390 0.148092 0.156231 0.160958 0.153924
0.193932 0.206341 0.169448 0.145245 0.131044 0.153990
0.165273 0.162156 0.179010 0.178593 0.152647 0.162321
0.173129 0.157489 0.150939 0.143089 0.200739 0.174615
0.171485 0.145674 0.168396 0.176436 0.174341 0.163667
0.193499 0.185678 0.140900 0.157062 0.165517 0.157342
0.174664 0.168679 0.165215 0.162144 0.163989 0.165309
0.183852 0.214745 0.155986 0.160266 0.135080 0.150071
0.146857 0.168699 0.159795 0.147750 0.166477 0.210422
0.155906 0.182803 0.129495 0.187375 0.189505 0.154915
0.160042 0.145709 0.173157 0.184240 0.180637 0.156214
0.181308 0.165299 0.159948 0.165300 0.168981 0.159164
0.155820 0.145209 0.184397 0.161035 0.155113 0.198425
0.167961 0.168582 0.176720 0.170914 0.158629 0.157194
0.136015 0.151159 0.193384 0.144897 0.205655 0.168889
0.163922 0.159039 0.145781 0.196722 0.159151 0.175385
0.202714 0.147372 0.154984 0.201736 0.147985 0.145209
0.160538 0.173038 0.140726 0.187036 0.156497 0.182165
0.191788 0.192166 0.129141 0.169528 0.148961 0.168416
0.174954 0.151311 0.170051 0.176745 0.141633 0.185306
0.219779 0.208380 0.158979 0.133484 0.147253 0.132124
0.185456 0.162191 0.178544 0.153553 0.155938 0.164317
0.188952 0.160355 0.158788 0.214782 0.139329 0.137794
0.182207 0.187028 0.151949 0.147978 0.180407 0.150430
0.174265 0.183771 0.141022 0.179629 0.168012 0.153301
0.189531 0.184078 0.179047 0.148543 0.148551 0.150250
0.124221 0.146194 0.168996 0.158511 0.177037 0.225042
0.197523 0.193278 0.141620 0.158748 0.143423 0.165408
0.165324 0.167916 0.152161 0.169365 0.169372 0.175861
0.161627 0.188294 0.182932 0.148690 0.165357 0.153100
0.155724 0.153642 0.177402 0.180535 0.174723 0.157975
0.167997 0.168004 0.156589 0.161258 0.153377 0.192776
0.171281 0.175588 0.167113 0.159673 0.173373 0.152972
0.189261 0.184531 0.149192 0.164616 0.159574 0.152826
0.174045 0.151582 0.195507 0.173304 0.148304 0.157257
0.135341 0.145341 0.169889 0.173767 0.173767 0.201894
0.183253 0.178364 0.163245 0.166718 0.162137 0.146282
0.179441 0.162922 0.155497 0.182194 0.165527 0.154419
0.158281 0.146017 0.153116 0.169265 0.169513 0.203807
0.187414 0.199914 0.152807 0.150062 0.137562 0.172243
0.224447 0.173103 0.146832 0.152001 0.153531 0.150086
0.161846 0.150132 0.149825 0.177922 0.158529 0.201746
0.181072 0.169756 0.201657 0.152085 0.156103 0.139328
0.160436 0.166306 0.163496 0.156782 0.168398 0.184582
0.152054 0.157587 0.160288 0.194838 0.163717 0.171516
0.239053 0.217152 0.134031 0.117056 0.116225 0.176483
0.191213 0.189570 0.152013 0.157673 0.162813 0.146719
0.187898 0.182341 0.149288 0.166540 0.157479 0.156454
0.162896 0.158729 0.231377 0.140237 0.127583 0.179178
0.177106 0.179334 0.191493 0.139644 0.131052 0.181371
0.177016 0.177023 0.164399 0.163106 0.165977 0.152480
0.132333 0.127141 0.173290 0.164895 0.168705 0.233637
0.163469 0.163153 0.147839 0.162101 0.155407 0.208032
0.168026 0.190202 0.133703 0.175317 0.164556 0.168196
0.186146 0.172781 0.161773 0.158087 0.150990 0.170224
0.163130 0.159239 0.162253 0.163709 0.157083 0.194587
0.194596 0.177899 0.159753 0.159753 0.159569 0.148430
0.178130 0.165642 0.176623 0.169175 0.140616 0.169814
0.186750 0.186750 0.147615 0.164637 0.147910 0.166339
0.224685 0.241499 0.108916 0.154176 0.141100 0.129624
0.182923 0.169353 0.151487 0.180401 0.156861 0.158975
0.170395 0.187061 0.175357 0.147669 0.160865 0.158653
0.197634 0.190417 0.138062 0.167814 0.145801 0.160272
0.193868 0.154662 0.151837 0.135296 0.201516 0.162821
0.179971 0.172472 0.153722 0.158493 0.164515 0.170827
0.148460 0.146998 0.171094 0.166996 0.202978 0.163472
0.179685 0.155229 0.161983 0.167220 0.168629 0.167255
0.143720 0.135116 0.169576 0.168807 0.210693 0.172088
0.166862 0.166120 0.164380 0.176194 0.175793 0.150651
0.151299 0.146095 0.159241 0.165481 0.164160 0.213726
0.164375 0.176418 0.183828 0.145317 0.137271 0.192791
0.155898 0.152761 0.149994 0.178868 0.188755 0.173724
0.170484 0.151287 0.177478 0.151483 0.197672 0.151596
0.149153 0.139457 0.225295 0.146531 0.179559 0.160006
0.151931 0.152239 0.165102 0.177802 0.158194 0.194732
0.185216 0.185228 0.162553 0.163811 0.143855 0.159337
0.171545 0.171557 0.164036 0.167066 0.168303 0.157492
0.169034 0.181120 0.159231 0.156480 0.146408 0.187727
0.133481 0.169911 0.148989 0.181412 0.156856 0.209352
0.174268 0.177802 0.161589 0.136988 0.164334 0.185019
0.191135 0.186555 0.151781 0.155109 0.151032 0.164388
0.156143 0.135605 0.158116 0.207298 0.169165 0.173675
0.172390 0.162538 0.166837 0.171963 0.163590 0.162683
0.174379 0.161879 0.161464 0.180138 0.155027 0.167113
0.181046 0.206046 0.143108 0.151028 0.139926 0.178846
0.181810 0.179084 0.149894 0.200654 0.150191 0.138366
0.143715 0.138261 0.175910 0.167381 0.175697 0.199036
0.170727 0.171911 0.138395 0.171315 0.152160 0.195493
0.158138 0.158287 0.174794 0.134406 0.199794 0.174582
0.170420 0.153206 0.162510 0.153843 0.220869 0.139153
0.133708 0.158187 0.165082 0.171448 0.175173 0.196401
0.180742 0.175343 0.168664 0.160100 0.151111 0.164040
0.147220 0.141766 0.185433 0.189476 0.171574 0.164531
0.164272 0.190456 0.143909 0.145650 0.136079 0.219634
0.159510 0.159510 0.179414 0.175890 0.171446 0.154230
0.167603 0.162897 0.168957 0.138692 0.175219 0.186632
0.189781 0.189260 0.143359 0.134532 0.132571 0.210498
0.202236 0.199563 0.150217 0.154785 0.135212 0.157987
0.165777 0.165777 0.189848 0.163201 0.174388 0.141009
0.150434 0.175434 0.161552 0.140685 0.161384 0.210511
0.172213 0.168017 0.156459 0.182110 0.155016 0.166186
0.174931 0.162438 0.174346 0.169343 0.165951 0.152992
0.190264 0.190264 0.155659 0.163532 0.141346 0.158934
0.146162 0.146162 0.153786 0.189484 0.156482 0.207924
0.153833 0.153833 0.168259 0.171389 0.155612 0.197074
0.158197 0.158443 0.133657 0.158301 0.189247 0.202155
0.190957 0.170342 0.144499 0.151649 0.160330 0.182223
0.161890 0.138235 0.159012 0.221381 0.158575 0.160908
0.174953 0.173451 0.140963 0.173471 0.161494 0.175667
0.185884 0.166491 0.173325 0.141831 0.163282 0.169186
0.161116 0.150538 0.144013 0.171140 0.215935 0.157258
0.162958 0.164809 0.182776 0.152597 0.182303 0.154556
0.157531 0.168993 0.180656 0.170091 0.161173 0.161556
0.182192 0.160496 0.144744 0.167952 0.183893 0.160722
0.159500 0.159244 0.167720 0.177266 0.172951 0.163319
0.166142 0.152923 0.170666 0.159881 0.170814 0.179574
0.172301 0.158949 0.165310 0.171809 0.162914 0.168717
0.171455 0.171762 0.167090 0.153685 0.158178 0.177830
0.176292 0.181360 0.152605 0.146903 0.194496 0.148344
0.139073 0.164611 0.162008 0.141826 0.201589 0.190892
0.169267 0.176258 0.187601 0.164235 0.147183 0.155455
0.158565 0.189722 0.185253 0.156359 0.157569 0.152533
0.161706 0.155316 0.165465 0.163928 0.164772 0.188813
0.190794 0.185231 0.150923 0.151115 0.149106 0.172831
0.175015 0.137479 0.170429 0.156251 0.190798 0.170028
0.176781 0.186756 0.134620 0.181887 0.156685 0.163271
0.189152 0.186801 0.175638 0.144075 0.140702 0.163632
0.158811 0.155831 0.173715 0.201988 0.160785 0.148870
0.158341 0.146997 0.200562 0.157920 0.147335 0.188846
0.137626 0.154707 0.162111 0.212492 0.144867 0.188197
0.168186 0.176922 0.172678 0.165582 0.170644 0.145987
0.141490 0.135503 0.169956 0.222889 0.157717 0.172445
0.158993 0.157352 0.163643 0.178839 0.173724 0.167450
0.149313 0.149313 0.167358 0.157002 0.187403 0.189612
0.162627 0.174580 0.151121 0.188917 0.162697 0.160059
0.175410 0.175137 0.170773 0.158822 0.163533 0.156325
0.151930 0.141807 0.156742 0.157037 0.196413 0.196071
0.158324 0.184706 0.162298 0.159066 0.183764 0.151842
0.146967 0.169241 0.151595 0.152162 0.149350 0.230687
0.185377 0.172877 0.163401 0.161003 0.157797 0.159545
0.194562 0.196568 0.162677 0.165719 0.122661 0.157814
0.186633 0.182053 0.157170 0.161403 0.165827 0.146913
0.188662 0.167282 0.154377 0.129989 0.163276 0.196414
0.195874 0.195560 0.185980 0.151782 0.144673 0.126130
0.198512 0.196087 0.153904 0.151071 0.151741 0.148685
0.192825 0.166129 0.161089 0.152929 0.155512 0.171517
0.163526 0.152753 0.162879 0.173788 0.188511 0.158543
0.162117 0.159532 0.136579 0.151185 0.194077 0.196510
0.169841 0.160001 0.152661 0.136247 0.229252 0.151997
0.166487 0.156654 0.175022 0.176835 0.170823 0.154179
0.150664 0.193293 0.161421 0.155413 0.166348 0.172861
0.169652 0.167726 0.162485 0.150557 0.149821 0.199759
0.146464 0.137468 0.207272 0.160314 0.151722 0.196760
0.162656 0.157106 0.180261 0.175140 0.171843 0.152993
0.191275 0.174542 0.154689 0.149368 0.134225 0.195900
0.153973 0.149569 0.173715 0.178634 0.181273 0.162836
0.137854 0.131016 0.169988 0.228006 0.157610 0.175525
0.203581 0.201166 0.153885 0.141771 0.165482 0.134115
0.155312 0.134907 0.157541 0.182837 0.174360 0.195043
0.175054 0.250578 0.150269 0.141824 0.139073 0.143202
0.157644 0.158590 0.169149 0.154058 0.156138 0.204420
0.165434 0.148774 0.134597 0.136155 0.192642 0.222399
0.162788 0.160839 0.167532 0.220295 0.139873 0.148673
0.172578 0.163150 0.144454 0.142271 0.142750 0.234798
0.203497 0.200184 0.145169 0.142657 0.172353 0.136140
0.155056 0.185199 0.168807 0.162429 0.158018 0.170492
0.195487 0.192344 0.139330 0.141076 0.138007 0.193755
0.179042 0.137598 0.165034 0.173666 0.176435 0.168227
0.199661 0.188334 0.139024 0.141447 0.204675 0.126859
0.161947 0.161947 0.164602 0.175416 0.152997 0.183092
0.162449 0.158333 0.142279 0.151068 0.220938 0.164934
0.171506 0.163761 0.173868 0.172232 0.161688 0.156944
0.159744 0.159125 0.144354 0.219024 0.135493 0.182261
0.157365 0.161398 0.179389 0.158997 0.160111 0.182740
0.173782 0.197280 0.161016 0.159249 0.142290 0.166383
0.190914 0.183252 0.111163 0.180025 0.145103 0.189543
0.149443 0.121440 0.172623 0.197322 0.173297 0.185874
0.170146 0.165975 0.161110 0.216428 0.144334 0.142006
0.173133 0.151263 0.180081 0.175888 0.164216 0.155419
0.194578 0.202266 0.140902 0.155704 0.149374 0.157176
0.147700 0.140858 0.201039 0.175120 0.178639 0.156645
0.152495 0.139799 0.161249 0.164357 0.224951 0.157149
0.159726 0.152549 0.190296 0.161383 0.165390 0.170656
0.174786 0.175092 0.169728 0.179640 0.146745 0.154009
0.172208 0.167435 0.173920 0.141209 0.166863 0.178364
0.165845 0.179721 0.181987 0.157602 0.154101 0.160743
0.157501 0.160135 0.161723 0.159271 0.157920 0.203450
0.162807 0.194411 0.150061 0.173780 0.161001 0.157940
0.164485 0.177630 0.155229 0.188216 0.149445 0.164996
0.170352 0.152956 0.149700 0.166499 0.186138 0.174355
0.175430 0.154575 0.163470 0.138742 0.211673 0.156110
0.179069 0.166569 0.149387 0.167050 0.192257 0.145667
0.176392 0.176640 0.152232 0.159276 0.149087 0.186375
0.188254 0.175754 0.152042 0.145086 0.171975 0.166890
0.155899 0.157280 0.165833 0.168484 0.195996 0.156508
0.189893 0.182733 0.192973 0.137422 0.142186 0.154792
0.189564 0.135645 0.181906 0.140034 0.200501 0.152349
0.161196 0.163195 0.163304 0.180291 0.160770 0.171243
0.171144 0.169466 0.163283 0.162629 0.170004 0.163474
0.169957 0.155542 0.161845 0.144866 0.156546 0.211245
0.185572 0.173889 0.135477 0.159588 0.142655 0.202818
0.144771 0.144097 0.165455 0.210776 0.151198 0.183704
0.157802 0.139741 0.167894 0.160520 0.163951 0.210091
0.168203 0.150764 0.172159 0.177179 0.166325 0.165371
0.179554 0.177628 0.166582 0.161689 0.168686 0.145861
0.155446 0.150207 0.168966 0.160897 0.153101 0.211382
0.154831 0.129831 0.184574 0.201270 0.164874 0.164620
0.163350 0.215656 0.148788 0.180170 0.149597 0.142439
0.184973 0.185703 0.152018 0.141619 0.162064 0.173622
0.181693 0.154871 0.177023 0.177012 0.154404 0.154997
0.174168 0.187508 0.163982 0.159785 0.156402 0.158155
0.141891 0.148835 0.180199 0.142699 0.157751 0.228625
0.169095 0.149061 0.184778 0.181107 0.162671 0.153288
0.187171 0.183071 0.141741 0.155497 0.137314 0.195207
0.189300 0.157579 0.146281 0.148460 0.184993 0.173388
0.173834 0.143642 0.170312 0.186050 0.172171 0.153992
0.144850 0.194324 0.143662 0.153829 0.187673 0.175663
0.194389 0.213986 0.131335 0.128585 0.161422 0.170284
0.171999 0.144853 0.158433 0.183433 0.181285 0.159998
0.206208 0.236707 0.136967 0.130432 0.146677 0.143011
0.159366 0.135443 0.180848 0.184198 0.163509 0.176637
0.184325 0.176810 0.159567 0.169686 0.151833 0.157779
0.183193 0.180919 0.135074 0.137683 0.210562 0.152569
0.153281 0.140290 0.177389 0.177094 0.157540 0.194406
0.175970 0.158818 0.164741 0.170328 0.168924 0.161218
0.169402 0.194017 0.159039 0.178540 0.137558 0.161444
0.218286 0.188842 0.166259 0.152586 0.121407 0.152620
0.162048 0.161528 0.184705 0.163168 0.177436 0.151115
0.167072 0.173864 0.182178 0.170096 0.140035 0.166755
0.161851 0.155730 0.173182 0.171671 0.153311 0.184255
0.173249 0.191079 0.141518 0.147323 0.153680 0.193150
0.185049 0.185049 0.149467 0.169940 0.151272 0.159222
0.204090 0.194697 0.132141 0.132377 0.162438 0.174258
0.191283 0.178256 0.150909 0.164263 0.166108 0.149181
0.191618 0.188794 0.166989 0.165568 0.152147 0.134884
0.185742 0.180699 0.168673 0.166524 0.147959 0.150403
0.170859 0.162526 0.140660 0.192327 0.169586 0.164041
0.207345 0.202764 0.153286 0.134283 0.126119 0.176203
0.177704 0.161044 0.141897 0.154558 0.195233 0.169564
0.161040 0.161040 0.163875 0.186639 0.169284 0.158123
0.186314 0.186899 0.175633 0.152374 0.142264 0.156516
0.160879 0.153507 0.156679 0.172455 0.174775 0.181705
0.172758 0.174812 0.157383 0.181678 0.148068 0.165301
0.168029 0.150218 0.171383 0.188914 0.159521 0.161936
0.206184 0.191183 0.164225 0.171357 0.132324 0.134728
0.205729 0.183910 0.137772 0.144037 0.158212 0.170341
0.141523 0.132833 0.190891 0.177243 0.193929 0.163581
0.174396 0.167100 0.175140 0.138533 0.157839 0.186992
0.188453 0.163453 0.152143 0.138292 0.139958 0.217702
0.172132 0.165936 0.167527 0.156650 0.192448 0.145308
0.170340 0.169207 0.157516 0.169579 0.169613 0.163745
0.173035 0.164983 0.161356 0.159250 0.165622 0.175755
0.151262 0.140944 0.217980 0.172955 0.152502 0.164359
0.163096 0.160411 0.160589 0.182584 0.169499 0.163822
0.186121 0.161545 0.165783 0.150175 0.143087 0.193288
0.181059 0.195765 0.141263 0.161304 0.165667 0.154942
0.138461 0.143920 0.153582 0.152640 0.205204 0.206193
0.155131 0.211747 0.129416 0.135087 0.144753 0.223866
0.171821 0.168533 0.153611 0.172263 0.167809 0.165963
0.150631 0.150315 0.177990 0.182301 0.176806 0.161957
0.182887 0.181931 0.155769 0.172802 0.154366 0.152245
0.177084 0.167084 0.171456 0.163692 0.155347 0.165337
0.153593 0.148551 0.163193 0.201658 0.149282 0.183724
0.178323 0.153323 0.160524 0.171800 0.143265 0.192764
0.157273 0.157273 0.187338 0.138383 0.166118 0.193615
0.174160 0.174160 0.179088 0.152998 0.162472 0.157121
0.150959 0.151106 0.153379 0.153634 0.199957 0.190965
0.176267 0.151267 0.167196 0.151108 0.181229 0.172934
0.172857 0.185357 0.138004 0.169391 0.171378 0.163013
0.187936 0.184877 0.166524 0.161301 0.151161 0.148202
0.175682 0.168706 0.167852 0.166585 0.159688 0.161487
0.158338 0.159469 0.151848 0.164234 0.160287 0.205824
0.152327 0.152327 0.219593 0.176334 0.124121 0.175298
0.189684 0.184023 0.144007 0.168517 0.169269 0.144500
0.169652 0.152701 0.190559 0.155466 0.166868 0.164754
0.174570 0.175743 0.144478 0.177850 0.151184 0.176175
0.174384 0.172882 0.137502 0.156869 0.186835 0.171529
0.155535 0.159435 0.143109 0.186917 0.192791 0.162214
0.186504 0.162661 0.162114 0.155040 0.162330 0.171350
0.174702 0.178238 0.155092 0.175133 0.165283 0.151552
0.196422 0.171826 0.181771 0.153473 0.155708 0.140800
0.159794 0.158720 0.173584 0.146869 0.174624 0.186410
0.184782 0.180760 0.191327 0.155412 0.139061 0.148657
0.175449 0.166802 0.177608 0.165740 0.160611 0.153789
0.168120 0.147021 0.161636 0.173079 0.142173 0.207971
0.166119 0.157778 0.179818 0.168666 0.164432 0.163188
0.193620 0.182866 0.131679 0.139327 0.210609 0.141899
0.147415 0.128279 0.178662 0.157750 0.164948 0.222947
0.193032 0.191671 0.149031 0.167306 0.146874 0.152086
0.141415 0.166415 0.186712 0.174160 0.177965 0.153333
0.177568 0.192492 0.155953 0.151758 0.156836 0.165394
0.191371 0.169597 0.173274 0.172265 0.151436 0.142056
0.171656 0.189790 0.145668 0.173300 0.165705 0.153882
0.202160 0.173412 0.166769 0.156241 0.156336 0.145081
0.150937 0.178149 0.149328 0.149082 0.186888 0.185616
0.203157 0.197234 0.123632 0.184931 0.146195 0.144850
0.145693 0.127078 0.171113 0.153827 0.216980 0.185308
0.189948 0.181468 0.144071 0.165795 0.144365 0.174352
0.183994 0.142050 0.200039 0.161579 0.153543 0.158794
0.154374 0.148846 0.159027 0.158251 0.212822 0.166680
0.181150 0.179232 0.134026 0.157440 0.194486 0.153666
0.158792 0.145993 0.165410 0.160901 0.203630 0.165274
0.194746 0.170592 0.161659 0.184909 0.156397 0.131697
0.138751 0.154781 0.135107 0.150773 0.235801 0.184788
0.171847 0.153538 0.171585 0.181872 0.171998 0.149159
0.184680 0.181847 0.171443 0.152560 0.150007 0.159464
0.149243 0.145937 0.164860 0.147732 0.182382 0.209845
0.202963 0.195712 0.151703 0.155669 0.158640 0.135312
0.136447 0.134052 0.177926 0.192262 0.156393 0.202920
0.190932 0.171901 0.153923 0.211800 0.131773 0.139671
0.158491 0.141418 0.162845 0.235985 0.148140 0.153121
0.174802 0.158454 0.172028 0.152460 0.160397 0.181859
0.188030 0.188030 0.141882 0.153991 0.169291 0.158775
0.136818 0.186830 0.183322 0.150446 0.183085 0.159500
0.139417 0.142952 0.201795 0.147816 0.149672 0.218348
0.142449 0.162407 0.159749 0.166928 0.162377 0.206089
0.202733 0.177162 0.175879 0.151946 0.158490 0.133789
0.167453 0.157453 0.134468 0.149674 0.160761 0.230190
0.178209 0.174013 0.162288 0.177361 0.145137 0.162992
0.156664 0.144164 0.172164 0.183438 0.172725 0.170844
0.156451 0.156451 0.158970 0.164530 0.154601 0.208997
0.191024 0.191024 0.157597 0.165993 0.149612 0.144751
0.179161 0.179161 0.133882 0.160018 0.172104 0.175675
0.172286 0.172286 0.136204 0.157214 0.160221 0.201789
0.195914 0.196062 0.173159 0.147845 0.139479 0.147540
0.200552 0.183885 0.146048 0.154616 0.141102 0.173797
0.195516 0.212330 0.132648 0.137374 0.154970 0.167162
0.194970 0.167335 0.157482 0.183881 0.152481 0.143851
0.185693 0.179571 0.206141 0.146972 0.141295 0.140328
0.190478 0.189708 0.135656 0.164340 0.190319 0.129499
0.161761 0.164559 0.171584 0.168745 0.174841 0.158510
0.172753 0.154798 0.182583 0.192724 0.136470 0.160672
0.150173 0.154619 0.146690 0.160333 0.189624 0.198561
0.161243 0.152611 0.224442 0.142168 0.153119 0.166416
0.167580 0.161717 0.170455 0.169247 0.154942 0.176060
0.147998 0.158632 0.159434 0.165121 0.178793 0.190022
0.178656 0.168196 0.180735 0.149905 0.155911 0.166597
0.164072 0.166392 0.145117 0.175334 0.165752 0.183332
0.140494 0.143474 0.188979 0.180742 0.168104 0.178208
0.171202 0.178996 0.176551 0.140642 0.172704 0.159905
0.163484 0.163123 0.162912 0.178429 0.169426 0.162625
0.193293 0.178120 0.148248 0.169023 0.158520 0.152796
0.178775 0.188064 0.165662 0.145019 0.180306 0.142173
0.170496 0.154859 0.170339 0.178364 0.164552 0.161390
0.204182 0.144973 0.157348 0.180528 0.162853 0.150116
0.183676 0.169857 0.141114 0.173051 0.173808 0.158494
0.150837 0.135454 0.145308 0.187130 0.200516 0.180755
0.154678 0.173288 0.164580 0.195798 0.160879 0.150778
0.180047 0.186691 0.151965 0.137356 0.137219 0.206722
0.150572 0.149320 0.170856 0.187367 0.160162 0.181723
0.180772 0.156287 0.152119 0.178368 0.153877 0.178577
0.148084 0.125364 0.229560 0.157395 0.173288 0.166308
0.173700 0.172810 0.145788 0.127976 0.190525 0.189202
0.124466 0.141144 0.198190 0.192435 0.175326 0.168440
0.190928 0.186621 0.151388 0.150825 0.150651 0.169586
0.134571 0.162142 0.188579 0.171457 0.167873 0.175379
0.169867 0.176760 0.158489 0.182156 0.139439 0.173289
0.202764 0.191855 0.154006 0.147633 0.144631 0.159112
0.157893 0.141505 0.178303 0.172561 0.172101 0.177637
0.178776 0.172861 0.139998 0.190693 0.170634 0.147037
0.167139 0.164951 0.162108 0.151668 0.155052 0.199082
0.204070 0.189814 0.162458 0.134983 0.149879 0.158796
0.170423 0.205756 0.169814 0.139401 0.166001 0.148605
0.174030 0.160898 0.171309 0.145387 0.169168 0.179210
0.182785 0.178072 0.146861 0.185836 0.128326 0.178121
0.168912 0.164720 0.163019 0.164964 0.170998 0.167386
0.173680 0.161007 0.149828 0.190422 0.165215 0.159847
0.169697 0.157197 0.175340 0.176376 0.169205 0.152184
0.178964 0.179270 0.183048 0.153452 0.142815 0.162451
0.168677 0.168825 0.156399 0.146596 0.186205 0.173299
0.196216 0.184142 0.159494 0.130133 0.150832 0.179184
0.124485 0.157818 0.180561 0.183293 0.200436 0.153408
0.153061 0.175326 0.154556 0.146170 0.182236 0.188651
0.170868 0.155548 0.167037 0.178189 0.173160 0.155199
0.174262 0.200419 0.148121 0.149770 0.150856 0.176572
0.168476 0.161700 0.155371 0.208522 0.144969 0.160962
0.203237 0.130079 0.162280 0.212196 0.148754 0.143453
0.188448 0.199106 0.170079 0.161162 0.141818 0.139387
0.147425 0.141342 0.158151 0.150120 0.198151 0.204811
0.163196 0.150376 0.165492 0.151232 0.164701 0.205003
0.165228 0.182232 0.168826 0.157541 0.150234 0.175939
0.147262 0.161255 0.161186 0.150555 0.171309 0.208433
0.186608 0.178698 0.166573 0.180008 0.142166 0.145946
0.148608 0.175953 0.183470 0.156858 0.153983 0.181129
0.145812 0.159295 0.157525 0.155067 0.172125 0.210177
0.179415 0.177748 0.147776 0.192598 0.152771 0.149692
0.173625 0.171125 0.167525 0.157313 0.136559 0.193853
0.165471 0.167476 0.171879 0.149662 0.189863 0.155648
0.184420 0.165350 0.152926 0.174878 0.157373 0.165052
0.175381 0.165706 0.161480 0.154120 0.196649 0.146664
0.177655 0.192124 0.154695 0.148832 0.179627 0.147067
0.164224 0.151419 0.149874 0.173077 0.171922 0.189485
0.153304 0.148591 0.184663 0.138149 0.199375 0.175919
0.206461 0.200675 0.159012 0.143268 0.127656 0.162928
0.221505 0.156331 0.135857 0.184032 0.167409 0.134865
0.186148 0.181982 0.164981 0.163215 0.130755 0.172919
0.171964 0.166448 0.175313 0.156528 0.163416 0.166331
0.144539 0.139085 0.151096 0.200711 0.173388 0.191181
0.172464 0.178240 0.174941 0.142406 0.170368 0.161582
0.181376 0.198042 0.128256 0.161644 0.157710 0.172971
0.151430 0.171717 0.163778 0.163099 0.175109 0.174866
0.155990 0.158770 0.195683 0.157110 0.171193 0.161253
0.166990 0.164317 0.205774 0.140017 0.136923 0.185979
0.183957 0.179761 0.168981 0.169591 0.154029 0.143681
0.129746 0.142246 0.173917 0.161086 0.183656 0.209349
0.198260 0.198260 0.156762 0.152075 0.156626 0.138018
0.151380 0.151387 0.161368 0.158766 0.173517 0.203581
0.157505 0.157505 0.150097 0.202846 0.179032 0.153015
0.182030 0.182030 0.145562 0.152311 0.149074 0.188992
0.169017 0.169265 0.178988 0.163735 0.165586 0.153410
0.162177 0.149926 0.130017 0.185227 0.183266 0.189389
0.174585 0.161771 0.204814 0.136397 0.133102 0.189330
0.193930 0.180124 0.164857 0.159242 0.162538 0.139310
0.170573 0.155488 0.151557 0.158370 0.194959 0.169053
0.186740 0.178887 0.168797 0.152631 0.155347 0.157597
0.180526 0.157608 0.139029 0.168460 0.153028 0.201349
0.176575 0.184609 0.139182 0.144615 0.216664 0.138356
0.196403 0.172303 0.152520 0.139915 0.160859 0.177999
0.194035 0.172918 0.157291 0.170258 0.149136 0.156362
0.204811 0.189551 0.129508 0.159231 0.166193 0.150706
0.155517 0.113931 0.198515 0.171659 0.169511 0.190867
0.204792 0.213465 0.141586 0.150633 0.120056 0.169469
0.154086 0.162839 0.155497 0.216728 0.168046 0.142804
0.179006 0.164094 0.174957 0.163534 0.169307 0.149104
0.193815 0.200888 0.149439 0.155549 0.139852 0.160455
0.151262 0.240592 0.167534 0.133471 0.156036 0.151104
0.196933 0.171449 0.165111 0.129554 0.170543 0.166409
0.157217 0.134190 0.172532 0.189519 0.173436 0.173106
0.196932 0.183658 0.153513 0.149310 0.152807 0.163780
0.174616 0.165089 0.180195 0.156489 0.157139 0.166472
0.151271 0.161117 0.151845 0.156547 0.186133 0.193087
0.170258 0.221398 0.166300 0.151648 0.140417 0.149979
0.145517 0.162719 0.162303 0.166617 0.197565 0.165279
0.162746 0.135593 0.147903 0.217182 0.171191 0.165386
0.156351 0.169609 0.188722 0.153084 0.142196 0.190038
0.154007 0.133144 0.180108 0.179560 0.186000 0.167182
0.207842 0.140388 0.155087 0.162865 0.149251 0.184567
0.167070 0.171319 0.151908 0.164050 0.146963 0.198690
0.172790 0.156235 0.176291 0.175225 0.172151 0.147308
0.160892 0.167489 0.138139 0.147052 0.168398 0.218029
0.133858 0.181606 0.141607 0.186895 0.146312 0.209721
0.187285 0.168205 0.152132 0.162978 0.166394 0.163006
0.169069 0.153792 0.155013 0.195192 0.183600 0.143334
0.198844 0.200831 0.162991 0.132422 0.143579 0.161334
0.163091 0.150905 0.170141 0.161564 0.180154 0.174144
0.181491 0.186164 0.144970 0.140101 0.143782 0.203492
0.155830 0.168478 0.161215 0.147976 0.189695 0.176805
0.194123 0.168387 0.149551 0.171916 0.175071 0.140952
0.206335 0.185336 0.169462 0.121592 0.171034 0.146242
0.185396 0.179828 0.161049 0.167782 0.145329 0.160617
0.180155 0.183621 0.147808 0.161146 0.150903 0.176368
0.207477 0.157572 0.173373 0.151393 0.131698 0.178486
0.174718 0.183908 0.162951 0.159856 0.161021 0.157546
0.173276 0.149718 0.147667 0.173102 0.173062 0.183174
0.173578 0.182132 0.168671 0.164378 0.159047 0.152193
0.230207 0.207910 0.138858 0.156542 0.128925 0.137558
0.145869 0.149535 0.165297 0.175105 0.221952 0.142241
0.168100 0.174787 0.172293 0.165755 0.183976 0.135088
0.132112 0.131783 0.210926 0.183616 0.176217 0.165346
0.165875 0.171460 0.174802 0.159652 0.128091 0.200121
0.150313 0.149794 0.157648 0.152881 0.217936 0.171429
0.147650 0.154927 0.155892 0.151515 0.168880 0.221135
0.157814 0.157276 0.149613 0.173926 0.175141 0.186230
0.172330 0.185819 0.159544 0.146481 0.161623 0.174203
0.176405 0.171825 0.162854 0.169684 0.145696 0.173536
0.167723 0.156021 0.164042 0.182460 0.181184 0.148571
0.189307 0.160259 0.166252 0.150188 0.146617 0.187377
0.185092 0.155932 0.164618 0.196790 0.141813 0.155755
0.181453 0.193539 0.140670 0.153397 0.168086 0.162855
0.223342 0.203544 0.140033 0.144485 0.136605 0.151991
0.190171 0.191969 0.150446 0.153953 0.154736 0.158724
0.183117 0.166225 0.131894 0.185865 0.171599 0.161300
0.207282 0.204399 0.128297 0.152286 0.154132 0.153603
0.190784 0.148080 0.174752 0.166832 0.150856 0.168697
0.207416 0.204890 0.140612 0.155999 0.137982 0.153101
0.167702 0.165125 0.167901 0.150517 0.173048 0.175707
0.149258 0.137554 0.218725 0.182563 0.142997 0.168901
0.161834 0.170160 0.200018 0.156162 0.151189 0.160637
0.155875 0.157086 0.182243 0.149194 0.201777 0.153826
0.155561 0.148817 0.176945 0.187998 0.146968 0.183711
0.180441 0.172056 0.147346 0.151709 0.171823 0.176625
0.160426 0.162508 0.148343 0.179208 0.178791 0.170724
0.141589 0.136374 0.200708 0.179539 0.135533 0.206256
0.151554 0.146931 0.195152 0.168634 0.170041 0.167688
0.207090 0.174373 0.152665 0.179295 0.145082 0.141495
0.156035 0.116863 0.188093 0.194495 0.179238 0.165276
0.171953 0.162258 0.187763 0.155537 0.159548 0.162941
0.170664 0.175169 0.171202 0.146299 0.165560 0.171106
0.158523 0.171035 0.147671 0.162330 0.207007 0.153434
0.164518 0.164778 0.147305 0.203135 0.145062 0.175203
0.134283 0.138450 0.162505 0.159804 0.208933 0.196024
0.182635 0.237113 0.147074 0.154996 0.129607 0.148575
0.164108 0.164768 0.165780 0.153180 0.132016 0.220147
0.175584 0.171003 0.171594 0.148235 0.171766 0.161818
0.203901 0.160362 0.133683 0.174711 0.139856 0.187486
0.172890 0.165616 0.163843 0.162870 0.157961 0.176820
0.178062 0.179051 0.154693 0.159821 0.170668 0.157705
0.182695 0.171197 0.206888 0.160452 0.135836 0.142931
0.172689 0.171437 0.176388 0.140629 0.176550 0.162307
0.159029 0.148657 0.165851 0.169120 0.190300 0.167044
0.176866 0.167694 0.183528 0.169855 0.160334 0.141724
0.181617 0.186521 0.159150 0.190073 0.110153 0.172487
0.154486 0.142247 0.161236 0.177130 0.181763 0.183137
0.197532 0.183224 0.134560 0.148393 0.141638 0.194653
0.179731 0.203114 0.146610 0.179783 0.145253 0.145508
0.179098 0.171815 0.154353 0.157206 0.147527 0.190002
0.153300 0.134631 0.154361 0.173575 0.226501 0.157632
0.187840 0.161183 0.156310 0.177447 0.161781 0.155439
0.177322 0.147858 0.185820 0.163955 0.180903 0.144142
0.166817 0.161441 0.183761 0.169676 0.172842 0.145462
0.170921 0.163518 0.188363 0.161473 0.167251 0.148473
0.153592 0.205124 0.152003 0.159015 0.171038 0.159228
0.139819 0.149730 0.154493 0.167304 0.198288 0.190366
0.176696 0.156612 0.166403 0.161357 0.151240 0.187692
0.177527 0.168666 0.154603 0.175988 0.153176 0.170039
0.199594 0.178890 0.141401 0.142043 0.134597 0.203475
0.165686 0.145862 0.182870 0.169197 0.156977 0.179408
0.158316 0.207700 0.150078 0.145312 0.179998 0.158595
0.156469 0.187006 0.166325 0.167281 0.150904 0.172016
0.176818 0.181675 0.152168 0.163624 0.156756 0.168959
0.183655 0.158437 0.172322 0.170448 0.169704 0.145434
0.148957 0.154705 0.169313 0.181994 0.169310 0.175722
0.152522 0.163492 0.183104 0.181722 0.143300 0.175859
0.176965 0.232256 0.161129 0.162326 0.142550 0.124774
0.187214 0.175411 0.151394 0.168937 0.135350 0.181695
0.174517 0.163429 0.161572 0.194883 0.146651 0.158948
0.154106 0.129313 0.155060 0.190378 0.189137 0.182007
0.148912 0.188845 0.153625 0.176510 0.159837 0.172272
0.137173 0.161964 0.145779 0.168441 0.184366 0.202277
0.177996 0.185086 0.142873 0.155392 0.191206 0.147447
0.206111 0.166825 0.158745 0.152082 0.164539 0.151697
0.126896 0.137572 0.188043 0.196057 0.157308 0.194124
0.203852 0.176529 0.160195 0.161776 0.137397 0.160250
0.204790 0.154295 0.156877 0.141494 0.164007 0.178538
0.194074 0.190340 0.163390 0.164271 0.149720 0.138205
0.163437 0.122529 0.200819 0.185597 0.166715 0.160903
0.199400 0.178828 0.151069 0.161334 0.173784 0.135584
0.182521 0.189988 0.159670 0.150667 0.146790 0.170364
0.152610 0.182629 0.154142 0.171613 0.164620 0.174385
0.158749 0.176705 0.176700 0.154668 0.164049 0.169129
0.110247 0.121490 0.202889 0.214845 0.149423 0.201105
0.202558 0.190785 0.158278 0.154858 0.144498 0.149023
0.190608 0.140608 0.152551 0.155783 0.184799 0.175651
0.142771 0.138038 0.149937 0.164297 0.234873 0.170083
0.168462 0.167940 0.152266 0.167130 0.148580 0.195622
0.227482 0.174809 0.155601 0.162657 0.140627 0.138825
0.227270 0.177519 0.152886 0.147100 0.141899 0.153326
0.191455 0.156455 0.166151 0.162198 0.141272 0.182469
0.195354 0.202751 0.166412 0.133577 0.141916 0.159990
0.158360 0.168282 0.171825 0.187332 0.166049 0.148153
0.171537 0.161537 0.171845 0.168278 0.135861 0.190943
0.161548 0.163630 0.144576 0.154601 0.194969 0.180677
0.151467 0.151467 0.177018 0.155069 0.170813 0.194167
0.189303 0.184996 0.149511 0.161235 0.150490 0.164465
0.142283 0.137775 0.203555 0.179024 0.173715 0.163647
0.173088 0.158299 0.176798 0.173720 0.174315 0.143780
0.163298 0.143298 0.161245 0.164975 0.168010 0.199174
0.180736 0.182466 0.168551 0.162531 0.165486 0.140230
0.156047 0.153462 0.144649 0.156429 0.222176 0.167237
0.156570 0.146582 0.188055 0.153326 0.162312 0.193155
0.203467 0.205549 0.144500 0.153377 0.151498 0.141608
0.153425 0.203425 0.174305 0.157404 0.153755 0.157686
0.182969 0.182196 0.144746 0.201761 0.136817 0.151512
0.187591 0.187528 0.150700 0.167520 0.143934 0.162726
0.167468 0.151059 0.184084 0.158692 0.158211 0.180485
0.187655 0.169076 0.149695 0.159255 0.161319 0.173000
0.178007 0.175878 0.161140 0.156714 0.167616 0.160645
0.162147 0.135480 0.183098 0.181974 0.171421 0.165880
0.184444 0.203205 0.137159 0.160347 0.163313 0.151532
0.152761 0.149878 0.177762 0.173616 0.170738 0.175245
0.174955 0.214526 0.144515 0.161547 0.155425 0.149032
0.168792 0.173171 0.170189 0.164503 0.165439 0.157907
0.162254 0.159716 0.164316 0.157746 0.176722 0.179246
0.191185 0.172257 0.158204 0.179654 0.157931 0.140769
0.156759 0.121541 0.200964 0.179688 0.151812 0.189237
0.194221 0.203897 0.151696 0.160411 0.161449 0.128326
0.165794 0.162747 0.171560 0.166249 0.161678 0.171972
0.204550 0.214241 0.133125 0.143442 0.153133 0.151509
0.148494 0.199624 0.169269 0.151374 0.159426 0.171814
0.170872 0.174414 0.192553 0.148753 0.137246 0.176161
0.169025 0.163217 0.138897 0.175548 0.185743 0.167570
0.170919 0.166515 0.153422 0.187607 0.174760 0.146777
0.183039 0.170046 0.148130 0.159689 0.161779 0.177317
0.183384 0.183384 0.128343 0.159310 0.145517 0.200061
0.157605 0.165525 0.218729 0.154847 0.151610 0.151685
0.171487 0.154820 0.187108 0.177600 0.158825 0.150161
0.184037 0.184193 0.130283 0.159722 0.149066 0.192699
0.152963 0.140712 0.196753 0.175167 0.157160 0.177246
0.160146 0.175146 0.149218 0.160825 0.157910 0.196754
0.183787 0.182482 0.137768 0.152831 0.169086 0.174047
0.193509 0.185470 0.153321 0.148390 0.180241 0.139070
0.156257 0.142398 0.169084 0.157819 0.210805 0.163638
0.185548 0.162631 0.123295 0.194559 0.169928 0.164040
0.135802 0.131089 0.179677 0.196656 0.192785 0.163992
0.178037 0.173455 0.159905 0.152425 0.188717 0.147461
0.194450 0.174650 0.144233 0.155823 0.163073 0.167770
0.180291 0.204246 0.152417 0.151156 0.177028 0.134862
0.190783 0.173733 0.172867 0.153908 0.139189 0.169520
0.206726 0.210095 0.124071 0.144885 0.167655 0.146568
0.192260 0.198282 0.148988 0.144664 0.135557 0.180249
0.166672 0.159432 0.211671 0.158507 0.148252 0.155465
0.183483 0.179682 0.158039 0.161723 0.154357 0.162717
0.159399 0.198225 0.157035 0.173089 0.142223 0.170029
0.188531 0.185914 0.199324 0.145163 0.154474 0.126594
0.183771 0.162492 0.161717 0.153031 0.141168 0.197821
0.161780 0.126223 0.165914 0.180061 0.187284 0.178738
0.160084 0.139506 0.206139 0.159424 0.135168 0.199678
0.153955 0.170633 0.164418 0.186730 0.156254 0.168010
0.186196 0.181233 0.146674 0.145053 0.169651 0.171192
0.134724 0.138581 0.165886 0.181712 0.170895 0.208202
0.154121 0.155775 0.170453 0.185746 0.164712 0.169192
0.171480 0.152087 0.163436 0.182829 0.168939 0.161229
0.153375 0.136599 0.161175 0.168789 0.158050 0.222012
0.203504 0.193879 0.151388 0.132722 0.174314 0.144192
0.141452 0.162031 0.149614 0.145021 0.202563 0.199320
0.186740 0.148693 0.158147 0.146193 0.140263 0.219964
0.183367 0.216634 0.164291 0.147691 0.158371 0.129645
0.166182 0.151222 0.142092 0.153795 0.193721 0.192988
0.188689 0.171449 0.144662 0.166941 0.154259 0.174000
0.179933 0.174089 0.166265 0.160376 0.159670 0.159666
0.161498 0.132332 0.148179 0.182488 0.215354 0.160150
0.187113 0.184068 0.138870 0.142267 0.160154 0.187529
0.183831 0.166786 0.191052 0.179710 0.135843 0.142778
0.213001 0.231048 0.138574 0.137700 0.146572 0.133105
0.167785 0.177184 0.159941 0.145616 0.179924 0.169551
0.181338 0.188133 0.163462 0.163977 0.157578 0.145511
0.203211 0.178320 0.124564 0.150051 0.177633 0.166221
0.157396 0.146366 0.164552 0.175888 0.179282 0.176516
0.201342 0.201905 0.153595 0.163575 0.144097 0.135486
0.165196 0.159478 0.188545 0.168664 0.152175 0.165941
0.193407 0.183738 0.132517 0.150029 0.161194 0.179116
0.190237 0.212265 0.178823 0.159236 0.142924 0.116515
0.128017 0.152165 0.210846 0.158976 0.156559 0.193437
0.184540 0.158867 0.158078 0.206458 0.121411 0.170645
0.177713 0.151545 0.165992 0.176878 0.182709 0.145163
0.180322 0.185783 0.136314 0.167720 0.159100 0.170760
0.156397 0.152153 0.150764 0.189616 0.175396 0.175675
0.195089 0.188537 0.155393 0.142978 0.160660 0.157343
0.151570 0.171805 0.172675 0.172988 0.174654 0.156308
0.168224 0.169624 0.128232 0.161621 0.168835 0.203463
0.230764 0.212985 0.124146 0.131082 0.178397 0.122627
0.182110 0.158236 0.155031 0.178856 0.169900 0.155868
0.214388 0.156912 0.119544 0.159712 0.171635 0.177809
0.161330 0.177997 0.177870 0.165078 0.137951 0.179774
0.185116 0.194726 0.175037 0.159449 0.153483 0.132188
0.133093 0.126971 0.169164 0.183045 0.179109 0.208619
0.184694 0.185858 0.153271 0.133385 0.155379 0.187414
0.148862 0.149010 0.198209 0.195775 0.143438 0.164706
0.182520 0.164816 0.150653 0.163213 0.152278 0.186520
0.181549 0.210219 0.185962 0.129330 0.140422 0.152517
0.167964 0.175162 0.162079 0.173062 0.171752 0.149980
0.191869 0.168873 0.166982 0.145939 0.175412 0.150924
0.183690 0.177922 0.158936 0.145615 0.182606 0.151231
0.181359 0.178882 0.160639 0.156116 0.149296 0.173708
0.187051 0.160094 0.194025 0.166368 0.134533 0.157929
0.163478 0.156377 0.149041 0.167627 0.155705 0.207772
0.198418 0.194729 0.140438 0.161383 0.161710 0.143322
0.164778 0.130960 0.169917 0.200548 0.176964 0.156832
0.173475 0.189995 0.126339 0.178788 0.159453 0.171951
0.156721 0.178081 0.170346 0.168389 0.160209 0.166254
0.172568 0.116215 0.180266 0.189174 0.168785 0.172993
0.163454 0.158284 0.211735 0.158187 0.158570 0.149771
0.131341 0.139422 0.186154 0.154877 0.171797 0.216408
0.182521 0.150292 0.170386 0.182123 0.145596 0.169082
0.172415 0.159241 0.161998 0.167948 0.179856 0.158541
0.179756 0.192231 0.145053 0.151535 0.183005 0.148421
0.216457 0.201467 0.156101 0.150650 0.139999 0.135326
0.151319 0.167772 0.144326 0.201166 0.139431 0.195986
0.164823 0.227120 0.159674 0.146069 0.150054 0.152259
0.156037 0.186503 0.161912 0.159833 0.132887 0.202828
0.191242 0.182590 0.154950 0.170667 0.157461 0.143089
0.157484 0.174294 0.158301 0.158382 0.157192 0.194347
0.169887 0.152990 0.152112 0.188828 0.162401 0.173782
0.177145 0.134154 0.200669 0.163017 0.153604 0.171411
0.157074 0.165377 0.158179 0.136807 0.188141 0.194423
0.169016 0.151378 0.180267 0.174795 0.178257 0.146287
0.153297 0.136113 0.144248 0.185302 0.194070 0.186971
0.165938 0.173484 0.150033 0.152614 0.197550 0.160382
0.135985 0.133312 0.190854 0.161928 0.174389 0.203532
0.177231 0.225849 0.159639 0.154152 0.157864 0.125265
0.168619 0.199632 0.160499 0.125785 0.164603 0.180863
0.151977 0.176977 0.155099 0.163171 0.188241 0.164534
0.226466 0.219807 0.148300 0.144847 0.122347 0.138233
0.177165 0.162520 0.157014 0.142956 0.174726 0.185620
0.181469 0.200737 0.168314 0.152547 0.153990 0.142944
0.196115 0.181200 0.144033 0.143719 0.142001 0.192931
0.185758 0.190000 0.168202 0.160334 0.154563 0.141142
0.190023 0.189555 0.161387 0.148360 0.127556 0.183119
0.146047 0.140221 0.168708 0.191190 0.190727 0.163108
0.158110 0.153664 0.159884 0.170341 0.181400 0.176602
0.142165 0.148779 0.168343 0.198721 0.175571 0.166421
0.185831 0.166283 0.172984 0.167024 0.144961 0.162918
0.179181 0.138012 0.163191 0.191165 0.166405 0.162047
0.199914 0.193094 0.167475 0.153862 0.137848 0.147807
0.178143 0.153506 0.154435 0.169818 0.164415 0.179685
0.185189 0.167662 0.154629 0.155173 0.199201 0.138146
0.187825 0.163604 0.150519 0.139588 0.145198 0.213266
0.174678 0.205842 0.140836 0.148756 0.129692 0.200196
0.171376 0.181115 0.178524 0.164915 0.152700 0.151370
0.183002 0.227002 0.146215 0.163409 0.142987 0.137384
0.178871 0.164113 0.181440 0.172311 0.129055 0.174210
0.177030 0.165195 0.171261 0.174237 0.163123 0.149155
0.153284 0.147753 0.151631 0.157515 0.227116 0.162700
0.152103 0.133754 0.177750 0.164242 0.191500 0.180651
0.170878 0.168451 0.176792 0.167216 0.175522 0.141141
0.188900 0.154689 0.146296 0.181097 0.160556 0.168461
0.172488 0.178882 0.166294 0.162376 0.132410 0.187550
0.172989 0.233784 0.140715 0.150585 0.157678 0.144249
0.155678 0.144006 0.197009 0.154380 0.167700 0.181228
0.167669 0.149817 0.194284 0.168348 0.151610 0.168272
0.168414 0.149587 0.146286 0.191837 0.173262 0.170613
0.181427 0.154368 0.154102 0.153200 0.165411 0.191492
0.192988 0.167852 0.160838 0.178995 0.145103 0.154225
0.164903 0.183977 0.164639 0.175077 0.166107 0.145298
0.169931 0.176795 0.153575 0.165484 0.164014 0.170201
0.176111 0.186936 0.153779 0.160346 0.149475 0.173352
0.158278 0.172876 0.161348 0.170446 0.170221 0.166832
0.169772 0.141476 0.167227 0.154445 0.172110 0.194969
0.204678 0.173563 0.145282 0.163590 0.125189 0.187698
0.165316 0.164109 0.185461 0.183928 0.136217 0.164970
0.164616 0.149123 0.160196 0.180142 0.176924 0.168999
0.172863 0.168456 0.155592 0.159680 0.178914 0.164496
0.167913 0.175903 0.174099 0.147915 0.157943 0.176227
0.150254 0.130512 0.197308 0.180641 0.186421 0.154865
0.169043 0.139883 0.171664 0.180567 0.139970 0.198874
0.181697 0.207004 0.148079 0.161093 0.170614 0.131512
0.185038 0.188488 0.139815 0.136676 0.173643 0.176340
0.204064 0.191576 0.163561 0.149860 0.147692 0.143247
0.158074 0.179026 0.179578 0.154578 0.143872 0.184870
0.179729 0.171960 0.137684 0.142727 0.176368 0.191531
0.205176 0.203024 0.133239 0.163034 0.144151 0.151375
0.199823 0.198281 0.141274 0.144184 0.136255 0.180182
0.155461 0.145811 0.165675 0.190675 0.158426 0.183952
0.173748 0.157719 0.171038 0.167578 0.139831 0.190085
0.156411 0.155890 0.164024 0.173182 0.164388 0.186105
0.139674 0.132287 0.187077 0.168052 0.191494 0.181417
0.179079 0.178558 0.159492 0.156254 0.152070 0.174546
0.144718 0.167045 0.166998 0.182297 0.169957 0.168985
0.161733 0.161733 0.153674 0.148172 0.184953 0.189736
0.152565 0.177819 0.169955 0.161996 0.168426 0.169239
0.176561 0.164061 0.153436 0.148412 0.160912 0.196618
0.180209 0.181597 0.160770 0.174558 0.157629 0.145236
0.191675 0.188949 0.153675 0.147468 0.125849 0.192384
0.205326 0.192826 0.165290 0.139437 0.153352 0.143769
0.189144 0.186947 0.146176 0.168684 0.139099 0.169950
0.180255 0.167755 0.172055 0.167080 0.159806 0.153050
0.195325 0.186416 0.133381 0.148379 0.160629 0.175871
0.174300 0.161486 0.176949 0.160895 0.160025 0.166345
0.164083 0.161410 0.156995 0.159284 0.163461 0.194767
0.180584 0.168331 0.177947 0.150386 0.180741 0.142012
0.188894 0.172534 0.136407 0.143158 0.157501 0.201507
0.174841 0.176185 0.150842 0.176474 0.167803 0.153855
0.165790 0.162919 0.174519 0.167935 0.171115 0.157721
0.160748 0.144081 0.138288 0.177707 0.169746 0.209430
0.181217 0.208139 0.171377 0.164809 0.127111 0.147348
0.142022 0.145323 0.177939 0.182994 0.181787 0.169936
0.179275 0.174072 0.148156 0.144458 0.196993 0.157045
0.168616 0.164103 0.176147 0.154837 0.143647 0.192650
0.169546 0.154221 0.207804 0.148720 0.168891 0.150818
0.177492 0.160825 0.154815 0.163178 0.172932 0.170757
0.171131 0.171436 0.166799 0.175273 0.155386 0.159975
0.176979 0.176979 0.183015 0.141691 0.156648 0.164690
0.153818 0.153830 0.167375 0.147332 0.144735 0.232910
0.183920 0.183920 0.172902 0.163331 0.143735 0.152192
0.160541 0.177208 0.158772 0.186231 0.171426 0.145821
0.174959 0.178055 0.150839 0.164160 0.167564 0.164423
0.195395 0.195395 0.165703 0.152479 0.139178 0.151851
0.165688 0.161107 0.148905 0.174353 0.184702 0.165244
0.186814 0.170296 0.124422 0.143971 0.223138 0.151359
0.184526 0.172026 0.176012 0.159962 0.157542 0.149933
0.184369 0.209517 0.137693 0.143683 0.162520 0.162219
0.177393 0.158000 0.145309 0.174752 0.187967 0.156579
0.187345 0.198558 0.151387 0.146073 0.157626 0.159011
0.161861 0.160162 0.169689 0.178494 0.169888 0.159906
0.140882 0.134760 0.160676 0.175205 0.200087 0.188391
0.193619 0.190062 0.154041 0.173911 0.141428 0.146939
0.155879 0.155358 0.208701 0.143540 0.173170 0.163352
0.154373 0.146496 0.165347 0.173409 0.214673 0.145702
0.155179 0.154652 0.216398 0.138001 0.144076 0.191694
0.171428 0.193603 0.159537 0.181440 0.141165 0.152826
0.170346 0.170346 0.165369 0.177202 0.153529 0.163206
0.179205 0.195879 0.159652 0.140286 0.150438 0.174539
0.173255 0.173403 0.152787 0.171322 0.159837 0.169396
0.196414 0.179754 0.157123 0.138126 0.174354 0.154228
0.174608 0.191274 0.180383 0.154436 0.139197 0.160102
0.202775 0.199891 0.140262 0.135184 0.137528 0.184361
0.160932 0.150615 0.170571 0.181564 0.182462 0.153857
0.203743 0.192548 0.144573 0.133533 0.146436 0.179168
0.160203 0.143122 0.167255 0.182034 0.185753 0.161633
0.185201 0.188478 0.174367 0.146929 0.141130 0.163895
0.189441 0.161438 0.172718 0.166619 0.151454 0.158330
0.169043 0.163265 0.167664 0.185506 0.160053 0.154471
0.183447 0.182992 0.161648 0.165408 0.154288 0.152217
0.170248 0.177354 0.159518 0.167556 0.154334 0.170989
0.204225 0.190642 0.157910 0.149420 0.145294 0.152509
0.134835 0.136551 0.173173 0.186209 0.210632 0.158599
0.221690 0.196689 0.158609 0.111813 0.183511 0.127689
0.156426 0.151587 0.170338 0.195280 0.167186 0.159182
0.169570 0.205048 0.139358 0.181490 0.133727 0.170808
0.181809 0.170266 0.175611 0.133141 0.170051 0.169122
0.160412 0.153521 0.166209 0.171882 0.148381 0.199596
0.157804 0.117603 0.185302 0.198376 0.184827 0.156087
0.153379 0.160830 0.175902 0.177169 0.182027 0.150693
0.172677 0.151399 0.167229 0.158747 0.159821 0.190126
0.168776 0.183696 0.159182 0.148606 0.155690 0.184051
0.211843 0.236560 0.132203 0.137109 0.134755 0.147529
0.164361 0.167953 0.175486 0.181133 0.161129 0.149937
0.169948 0.174065 0.150200 0.233677 0.114946 0.157163
0.218656 0.172593 0.150652 0.139691 0.137814 0.180594
0.192885 0.177107 0.174074 0.138712 0.146081 0.171141
0.165293 0.165020 0.163217 0.163761 0.174073 0.168637
0.182208 0.176830 0.151714 0.164015 0.162687 0.162546
0.185050 0.186155 0.164943 0.158988 0.146932 0.157931
0.185081 0.200098 0.151844 0.149573 0.160827 0.152577
0.165370 0.117456 0.184145 0.182856 0.173752 0.176420
0.186049 0.172024 0.167640 0.155482 0.171336 0.147470
0.174965 0.162613 0.138099 0.195262 0.158670 0.170392
0.195710 0.176130 0.151806 0.167079 0.159768 0.149507
0.173080 0.181814 0.171546 0.140792 0.177085 0.155684
0.205477 0.153976 0.194000 0.142717 0.169445 0.134385
0.156819 0.170764 0.154001 0.167522 0.187771 0.163122
0.155028 0.139589 0.183256 0.178818 0.176957 0.166352
0.202342 0.188956 0.145762 0.161837 0.150139 0.150964
0.167508 0.163132 0.163900 0.158392 0.152587 0.194482
0.191114 0.185992 0.163046 0.146196 0.167562 0.146090
0.167300 0.196167 0.149942 0.171596 0.169489 0.145507
0.177294 0.185807 0.143739 0.163011 0.171034 0.159114
0.169775 0.183764 0.182546 0.138580 0.161101 0.164234
0.148623 0.147837 0.158729 0.195469 0.170548 0.178795
0.154064 0.163487 0.135450 0.153634 0.173539 0.219827
0.157075 0.173192 0.189533 0.155005 0.171203 0.153993
0.202000 0.204292 0.148988 0.146964 0.164565 0.133191
0.162294 0.137197 0.167950 0.158397 0.161564 0.212598
0.204127 0.217013 0.146367 0.141407 0.137318 0.153768
0.170191 0.135800 0.165742 0.185591 0.180353 0.162323
0.169993 0.140468 0.154916 0.171697 0.193727 0.169199
0.174080 0.165602 0.168884 0.182530 0.155339 0.153565
0.193738 0.170617 0.169367 0.139478 0.159517 0.167283
0.173160 0.156057 0.135181 0.205449 0.168194 0.161959
0.179704 0.161158 0.188728 0.162813 0.149898 0.157699
0.177606 0.184858 0.170864 0.158437 0.163669 0.144566
0.158372 0.149202 0.171625 0.162938 0.161918 0.195945
0.187720 0.206913 0.141604 0.131928 0.132765 0.199070
0.160195 0.211326 0.117750 0.146852 0.164478 0.199400
0.170892 0.219230 0.148990 0.154237 0.150081 0.156570
0.189577 0.187024 0.166022 0.149765 0.166862 0.140750
0.177390 0.157662 0.168557 0.157778 0.171855 0.166759
0.174846 0.159363 0.170584 0.174665 0.167806 0.152736
0.156439 0.160527 0.169126 0.159455 0.152271 0.202182
0.195631 0.166435 0.130030 0.181087 0.144587 0.182230
0.156837 0.158843 0.176422 0.170653 0.189481 0.147765
0.140445 0.137393 0.185241 0.209171 0.127115 0.200634
0.156885 0.145196 0.171835 0.181298 0.140859 0.203927
0.180402 0.181366 0.170604 0.156748 0.153513 0.157368
0.163558 0.144366 0.198127 0.153055 0.146920 0.193974
0.170936 0.148047 0.157561 0.179224 0.168165 0.176066
0.190465 0.182314 0.174069 0.150004 0.160616 0.142532
0.212591 0.175593 0.152972 0.152971 0.152292 0.153582
0.188930 0.184124 0.135550 0.150111 0.135359 0.205926
0.155906 0.152896 0.176622 0.176184 0.187823 0.150569
0.173650 0.210113 0.154122 0.150104 0.145142 0.166870
0.171005 0.165699 0.157358 0.183532 0.169169 0.153236
0.208238 0.198765 0.136318 0.171259 0.153667 0.131752
0.206662 0.200798 0.158313 0.137353 0.116254 0.180620
0.163838 0.168004 0.158697 0.177283 0.155295 0.176883
0.186473 0.197688 0.176760 0.142265 0.165595 0.131218
0.150173 0.157111 0.144974 0.165065 0.213085 0.169592
0.195589 0.166390 0.139677 0.168715 0.162659 0.166970
0.185824 0.188550 0.152637 0.164280 0.161541 0.147166
0.168641 0.197808 0.144015 0.146904 0.144570 0.198062
0.157516 0.155665 0.177752 0.177988 0.159351 0.171728
0.161418 0.140178 0.174973 0.183909 0.183944 0.155578
0.163727 0.163860 0.189119 0.135967 0.180068 0.167259
0.170790 0.151554 0.135997 0.162584 0.198838 0.180239
0.162534 0.159233 0.202416 0.173311 0.166546 0.135960
0.164215 0.161205 0.145305 0.193405 0.178440 0.157431
0.160380 0.172160 0.176882 0.158836 0.151631 0.180112
0.222180 0.196841 0.137261 0.164642 0.159714 0.119363
0.180614 0.181325 0.149120 0.175390 0.146434 0.167117
0.219335 0.215861 0.135055 0.147267 0.148763 0.133719
0.183367 0.161597 0.195605 0.155080 0.149344 0.155008
0.204599 0.212761 0.173561 0.113579 0.130287 0.165212
0.190529 0.184236 0.120444 0.159512 0.164497 0.180782
0.172778 0.174157 0.146542 0.166037 0.200075 0.140410
0.142205 0.161170 0.144188 0.155070 0.233836 0.163531
0.156973 0.156973 0.195260 0.164869 0.146344 0.179582
0.164653 0.185059 0.151914 0.176249 0.169985 0.152140
0.146408 0.144353 0.218467 0.162550 0.150685 0.177537
0.164053 0.153055 0.171827 0.180831 0.164841 0.165393
0.147363 0.131853 0.186455 0.187114 0.167571 0.179645
0.129127 0.129127 0.186822 0.223379 0.161294 0.170250
0.178256 0.172480 0.125023 0.176669 0.134948 0.212624
0.209393 0.202396 0.162205 0.154828 0.145631 0.125548
0.202272 0.152323 0.145266 0.150170 0.184146 0.165824
0.180721 0.176844 0.177225 0.149803 0.133890 0.181517
0.196477 0.225421 0.144852 0.139854 0.156080 0.137316
0.154512 0.166144 0.224100 0.141736 0.143553 0.169955
0.150241 0.150248 0.171857 0.180190 0.176889 0.170574
0.195255 0.200116 0.148951 0.164113 0.154170 0.137396
0.186144 0.161665 0.156579 0.172224 0.171937 0.151451
0.177428 0.192602 0.146434 0.152815 0.160324 0.170397
0.159901 0.156841 0.151343 0.185872 0.155797 0.190246
0.211041 0.174336 0.129481 0.149437 0.138237 0.197468
0.150420 0.151551 0.182624 0.185108 0.188978 0.141320
0.171566 0.154893 0.156973 0.170012 0.176279 0.170277
0.148250 0.145325 0.211742 0.163455 0.159751 0.171477
0.171537 0.177127 0.181550 0.173215 0.144842 0.151729
0.181587 0.177437 0.154998 0.151324 0.161509 0.173144
0.144827 0.144827 0.159699 0.173440 0.222195 0.155013
0.156711 0.178611 0.173185 0.165363 0.163015 0.163115
0.157185 0.170212 0.153043 0.143043 0.171187 0.205330
0.180384 0.183216 0.137579 0.195356 0.149737 0.153728
0.124578 0.124578 0.180219 0.180652 0.212186 0.177787
0.182264 0.165597 0.140133 0.154585 0.187752 0.169670
0.169616 0.169616 0.174306 0.169225 0.158953 0.158284
0.174283 0.174276 0.161345 0.139308 0.164732 0.186056
0.196993 0.191950 0.148298 0.145938 0.153870 0.162950
0.194290 0.169290 0.151156 0.188956 0.153341 0.142968
0.173297 0.173297 0.169188 0.138711 0.186819 0.158689
0.176876 0.176876 0.190234 0.155183 0.167611 0.133219
0.172530 0.177111 0.184826 0.157201 0.139318 0.169013
0.175951 0.192618 0.158881 0.206796 0.134021 0.131734
0.173761 0.173761 0.141689 0.168829 0.148070 0.193891
0.166253 0.166253 0.170085 0.146869 0.190599 0.159942
0.166573 0.166425 0.167241 0.191626 0.147438 0.160697
0.164783 0.177283 0.166886 0.167222 0.175378 0.148449
0.170863 0.145863 0.164567 0.194446 0.154147 0.170114
0.143173 0.145899 0.168677 0.187507 0.151105 0.203639
0.164936 0.170539 0.157532 0.174253 0.171988 0.160752
0.140787 0.127103 0.196919 0.143834 0.215018 0.176340
0.142543 0.167792 0.157421 0.163261 0.175524 0.193459
0.164139 0.156126 0.163645 0.164856 0.155596 0.195639
0.167190 0.164263 0.186301 0.166679 0.154906 0.160661
0.144988 0.138889 0.179285 0.183111 0.147468 0.206259
0.178949 0.170755 0.139713 0.149249 0.210696 0.150637
0.211588 0.180727 0.138739 0.149391 0.160375 0.159181
0.161952 0.161431 0.143489 0.183459 0.170527 0.179142
0.187113 0.185892 0.152126 0.159631 0.168660 0.146577
0.145027 0.144715 0.178048 0.159142 0.160947 0.212121
0.178258 0.194402 0.136231 0.151467 0.157867 0.181775
0.176049 0.166049 0.166358 0.174582 0.170869 0.146094
0.173748 0.170325 0.201670 0.134863 0.168623 0.150771
0.141468 0.144844 0.184069 0.160552 0.145799 0.223269
0.158796 0.171603 0.163667 0.155606 0.164164 0.186164
0.158940 0.159089 0.181095 0.164216 0.184092 0.152568
0.146002 0.183502 0.150144 0.168513 0.157898 0.193940
0.212411 0.237173 0.138266 0.154387 0.120785 0.136978
0.164907 0.164071 0.163528 0.173318 0.169960 0.164216
0.169791 0.165925 0.169413 0.181740 0.160598 0.152533
0.157669 0.155457 0.175757 0.207911 0.138396 0.164809
0.157378 0.150554 0.184518 0.153151 0.188337 0.166061
0.169878 0.152597 0.170942 0.153771 0.155156 0.197655
0.145312 0.132291 0.170087 0.178283 0.151403 0.222625
0.189013 0.187722 0.154254 0.142214 0.180308 0.146490
0.129263 0.126537 0.153807 0.180845 0.174393 0.235153
0.205294 0.217794 0.149125 0.139088 0.118085 0.170616
0.159239 0.161386 0.170159 0.178963 0.168898 0.161355
0.178936 0.162424 0.149838 0.168490 0.145378 0.194934
0.198664 0.185617 0.193407 0.143222 0.118972 0.160118
0.176082 0.185385 0.160783 0.167105 0.171433 0.139212
0.183028 0.171174 0.138324 0.147642 0.135045 0.224787
0.145967 0.127795 0.215631 0.179828 0.159543 0.171237
0.177159 0.157733 0.150721 0.168424 0.185803 0.160161
0.162849 0.161812 0.170527 0.162251 0.193695 0.148868
0.183957 0.174899 0.151298 0.180421 0.133335 0.176091
0.142670 0.116525 0.150260 0.220603 0.193228 0.176714
0.170158 0.209988 0.150326 0.151126 0.168246 0.150156
0.139592 0.156677 0.194098 0.157612 0.165560 0.186461
0.152286 0.153461 0.162085 0.177278 0.180064 0.174826
0.193475 0.189916 0.198930 0.136886 0.109166 0.171627
0.164678 0.149361 0.169660 0.166878 0.174271 0.175153
0.152949 0.147745 0.165790 0.162031 0.223492 0.147994
0.191136 0.207276 0.138767 0.157391 0.153078 0.152351
0.205149 0.202325 0.135045 0.147602 0.148525 0.161353
0.169639 0.165065 0.147575 0.168628 0.195870 0.153222
0.163330 0.158287 0.148249 0.151928 0.218036 0.160170
0.208193 0.183193 0.153968 0.137656 0.162988 0.154001
0.179127 0.179134 0.177678 0.176826 0.145561 0.141673
0.200767 0.200916 0.129665 0.152895 0.143951 0.171806
0.177255 0.160175 0.156759 0.170255 0.171632 0.163923
0.175214 0.183696 0.191685 0.145286 0.149059 0.155060
0.159849 0.144623 0.168319 0.223366 0.161753 0.142089
0.168865 0.183830 0.162376 0.160382 0.157247 0.167301
0.161545 0.143336 0.171974 0.194159 0.174648 0.154338
0.167127 0.161673 0.134057 0.146994 0.193925 0.196226
0.173795 0.170266 0.171411 0.154304 0.162681 0.167542
0.125959 0.125438 0.218572 0.187234 0.166486 0.176311
0.175356 0.168118 0.150714 0.173547 0.157675 0.174591
0.165971 0.152950 0.177492 0.185329 0.162615 0.155642
0.162335 0.209662 0.135812 0.156202 0.138268 0.197720
0.146129 0.143403 0.207025 0.175833 0.164984 0.162626
0.190962 0.210516 0.142232 0.134180 0.125964 0.196146
0.194682 0.195866 0.176010 0.146284 0.147939 0.139219
0.183099 0.183106 0.153600 0.168447 0.163720 0.148029
0.186091 0.181378 0.170598 0.153014 0.145727 0.163191
0.180012 0.179740 0.135363 0.171592 0.131611 0.201683
0.171332 0.154463 0.151411 0.158725 0.209671 0.154399
0.165346 0.154415 0.177899 0.182268 0.171045 0.149028
0.168373 0.174092 0.148354 0.153241 0.172128 0.183812
0.153840 0.156488 0.170604 0.173394 0.166114 0.179560
0.152498 0.135344 0.155395 0.169909 0.198746 0.188108
0.148882 0.147842 0.209556 0.163505 0.176279 0.153936
0.172482 0.174809 0.169629 0.147453 0.151571 0.184056
0.140745 0.132929 0.244515 0.163139 0.149515 0.169157
0.160937 0.146654 0.171682 0.168345 0.140510 0.211873
0.151743 0.109043 0.195623 0.175761 0.177685 0.190146
0.172325 0.179179 0.133506 0.184595 0.181701 0.148695
0.165808 0.157842 0.176800 0.166375 0.157358 0.175817
0.170012 0.181020 0.148814 0.149673 0.177418 0.173062
0.175743 0.173938 0.154746 0.154459 0.151738 0.189376
0.135446 0.199296 0.165215 0.146428 0.135645 0.217971
0.184788 0.191942 0.149928 0.157416 0.158311 0.157616
0.169819 0.169757 0.177593 0.166626 0.158940 0.157264
0.199623 0.175833 0.143097 0.155266 0.147073 0.179108
0.158322 0.172622 0.161929 0.183603 0.160900 0.162625
0.200208 0.206323 0.156339 0.151749 0.138259 0.147123
0.179658 0.182354 0.153402 0.170073 0.175982 0.138531
0.140743 0.137838 0.180410 0.156741 0.194120 0.190148
0.193296 0.156666 0.110425 0.158003 0.201979 0.179631
0.170251 0.150298 0.164188 0.173242 0.170145 0.171877
0.189886 0.169011 0.172756 0.148064 0.156899 0.163384
0.173439 0.167976 0.171776 0.161169 0.152539 0.173100
0.183912 0.168058 0.146617 0.161173 0.137829 0.202412
0.174953 0.168932 0.154141 0.181735 0.169830 0.150408
0.167158 0.131219 0.239738 0.155631 0.145963 0.160291
0.151956 0.152420 0.177707 0.188983 0.169687 0.159246
0.153461 0.135593 0.182659 0.160365 0.165719 0.202204
0.194205 0.211506 0.140901 0.152411 0.136178 0.164800
0.179655 0.156170 0.152064 0.179753 0.165346 0.167012
0.155827 0.197100 0.158392 0.176723 0.161366 0.150592
0.219212 0.203192 0.170138 0.141293 0.134577 0.131589
0.169289 0.149388 0.165739 0.167620 0.169369 0.178594
0.177731 0.179288 0.161043 0.167087 0.154893 0.159958
0.153973 0.142983 0.227960 0.150712 0.152723 0.171648
0.179673 0.224286 0.136401 0.156144 0.162115 0.141381
0.176516 0.197412 0.127244 0.142703 0.191748 0.164378
0.174170 0.207098 0.153512 0.131951 0.179043 0.154225
0.181478 0.194794 0.139130 0.151775 0.166187 0.166636
0.153711 0.150054 0.183109 0.177841 0.152465 0.182819
0.196510 0.173072 0.153250 0.166289 0.147434 0.163445
0.195237 0.178037 0.153045 0.165287 0.153944 0.154450
0.176428 0.138960 0.141767 0.173821 0.168259 0.200766
0.178160 0.149756 0.183220 0.156056 0.164303 0.168505
0.187839 0.157232 0.158330 0.181015 0.181671 0.133912
0.139535 0.139800 0.179084 0.163814 0.184568 0.193199
0.136157 0.132601 0.184999 0.175410 0.187621 0.183213
0.150741 0.196297 0.180207 0.146902 0.164818 0.161035
0.174265 0.182337 0.169062 0.173974 0.139020 0.161342
0.195550 0.157531 0.162774 0.162528 0.154981 0.166636
0.188599 0.194386 0.153932 0.149932 0.149925 0.163226
0.169427 0.153867 0.130570 0.154066 0.171226 0.220844
0.177982 0.183489 0.160967 0.166863 0.139460 0.171239
