0.138852 0.157357 0.166496 0.168359 0.170730 0.198206
0.159480 0.123916 0.156011 0.225005 0.164525 0.171063
0.144501 0.148617 0.150027 0.183846 0.187692 0.185317
0.144542 0.190759 0.162828 0.166721 0.166720 0.168430
0.184298 0.133180 0.189160 0.161413 0.168998 0.162951
0.158458 0.233579 0.159326 0.146546 0.159873 0.142218
0.147445 0.134687 0.167930 0.165679 0.172581 0.211678
0.162293 0.155046 0.162286 0.207898 0.172289 0.140188
0.244543 0.110562 0.191301 0.136362 0.129751 0.187481
0.151928 0.147906 0.152114 0.179080 0.179080 0.189892
0.153895 0.193250 0.159910 0.178103 0.159371 0.155472
0.192210 0.150689 0.171651 0.162311 0.158085 0.165054
0.161996 0.171980 0.172787 0.156378 0.169710 0.167149
0.144916 0.156667 0.145429 0.186401 0.186409 0.180179
0.231900 0.153960 0.185802 0.134391 0.142978 0.150968
0.133505 0.193268 0.141823 0.170171 0.181057 0.180177
0.163336 0.207680 0.163336 0.154219 0.164209 0.147222
0.172115 0.234070 0.176132 0.143036 0.135666 0.138981
0.164164 0.148600 0.160551 0.174053 0.169294 0.183338
0.148702 0.207104 0.155743 0.160333 0.169837 0.158282
0.184176 0.161644 0.152573 0.160643 0.154944 0.186020
0.182569 0.157534 0.192099 0.162506 0.143449 0.161843
0.116727 0.154445 0.121899 0.204932 0.203120 0.198876
0.208455 0.138687 0.208867 0.147515 0.146117 0.150358
0.150243 0.132363 0.147283 0.196082 0.182452 0.191577
0.177319 0.156273 0.170819 0.148687 0.193921 0.152980
0.152875 0.122628 0.155796 0.218496 0.172611 0.177594
0.141191 0.194795 0.143864 0.173703 0.169289 0.177159
0.145119 0.170463 0.139854 0.188340 0.161357 0.194868
0.134918 0.184169 0.109617 0.179364 0.176729 0.215203
0.170285 0.205055 0.167396 0.159033 0.144867 0.153363
0.142142 0.200203 0.137333 0.180743 0.157655 0.181924
0.166129 0.218573 0.166430 0.131152 0.159301 0.158415
0.159937 0.179008 0.159937 0.161994 0.178506 0.160619
0.159110 0.198190 0.159120 0.143618 0.151641 0.188322
0.162750 0.167814 0.162750 0.150193 0.197315 0.159177
0.140923 0.148803 0.170120 0.177861 0.194666 0.167628
0.154969 0.156437 0.171328 0.188427 0.176500 0.152338
0.205728 0.138383 0.205728 0.154985 0.136614 0.158563
0.161695 0.153313 0.156821 0.191877 0.175111 0.161183
0.173311 0.176679 0.160238 0.172415 0.143612 0.173745
0.167730 0.148335 0.167730 0.204264 0.146171 0.165772
0.153261 0.158786 0.153261 0.171046 0.192292 0.171352
0.161271 0.167899 0.161271 0.161103 0.161035 0.187420
0.158862 0.145707 0.158862 0.176749 0.176762 0.183058
0.164715 0.156259 0.164748 0.160574 0.162974 0.190731
0.124755 0.184097 0.132126 0.205102 0.175758 0.178163
0.176920 0.125312 0.175115 0.175896 0.173231 0.173526
0.152816 0.186952 0.156062 0.163710 0.163989 0.176472
0.129502 0.234814 0.146168 0.167222 0.150568 0.171726
0.192190 0.175434 0.184872 0.145857 0.147210 0.154436
0.131477 0.206804 0.134361 0.170723 0.192839 0.163796
0.151282 0.228280 0.174233 0.144760 0.156394 0.145052
0.154713 0.186350 0.145351 0.167865 0.174501 0.171220
0.197591 0.143290 0.203135 0.152347 0.148131 0.155506
0.169639 0.140930 0.172126 0.183837 0.149926 0.183544
0.166283 0.169158 0.166305 0.173525 0.151204 0.173525
0.178349 0.141824 0.187146 0.165629 0.161431 0.165620
0.112712 0.136576 0.129378 0.220304 0.191925 0.209106
0.190297 0.138738 0.183250 0.146365 0.150421 0.190929
0.155865 0.194388 0.141873 0.176685 0.176085 0.155105
0.161391 0.127009 0.139681 0.174626 0.173234 0.224059
0.174385 0.159053 0.168650 0.151287 0.168277 0.178347
0.185079 0.164325 0.172804 0.153597 0.161437 0.162758
0.130534 0.229680 0.127753 0.171068 0.170484 0.170481
0.154899 0.204689 0.156973 0.153710 0.160246 0.169484
0.169665 0.192109 0.174669 0.153828 0.157364 0.152365
0.180268 0.161404 0.206197 0.165052 0.135441 0.151638
0.158316 0.189120 0.175961 0.136338 0.172172 0.168093
0.185731 0.150449 0.147995 0.148775 0.204359 0.162692
0.180838 0.118208 0.180907 0.149180 0.199723 0.171143
0.152869 0.194877 0.142914 0.167992 0.176602 0.164746
0.176684 0.155203 0.156834 0.174724 0.162252 0.174304
0.146665 0.149392 0.149257 0.226483 0.157076 0.171127
0.161056 0.161921 0.163044 0.172843 0.166562 0.174574
0.148918 0.187323 0.156735 0.177959 0.164291 0.164774
0.144948 0.209570 0.152470 0.179084 0.165188 0.148740
0.164914 0.159309 0.162090 0.157979 0.182411 0.173295
0.153671 0.159799 0.119762 0.187906 0.180162 0.198700
0.193925 0.201099 0.170282 0.135570 0.141072 0.158053
0.145117 0.137294 0.164936 0.205732 0.172121 0.174801
0.177815 0.165352 0.160544 0.164703 0.159539 0.172046
0.168082 0.134849 0.164741 0.177211 0.177712 0.177405
0.154131 0.170486 0.165483 0.162923 0.173472 0.173505
0.148444 0.213838 0.146292 0.160387 0.159910 0.171129
0.143592 0.151112 0.141117 0.193155 0.188992 0.182032
0.162991 0.142461 0.199707 0.165267 0.184159 0.145415
0.161510 0.177697 0.145190 0.167832 0.187191 0.160580
0.136916 0.225986 0.139453 0.193393 0.141509 0.162743
0.144283 0.195577 0.159897 0.172572 0.163525 0.164146
0.187820 0.203037 0.175011 0.145873 0.136988 0.151272
0.136315 0.184653 0.136321 0.173756 0.190153 0.178803
0.153776 0.205538 0.153765 0.150877 0.154918 0.181126
0.185808 0.164918 0.185792 0.151845 0.159894 0.151742
0.201321 0.141301 0.134654 0.159052 0.184582 0.179091
0.187179 0.141202 0.184989 0.198226 0.150315 0.138088
0.170009 0.133101 0.161071 0.162267 0.161780 0.211772
0.222695 0.197656 0.182499 0.135232 0.130744 0.131175
0.128609 0.116465 0.140600 0.170442 0.249452 0.194432
0.172259 0.125321 0.172259 0.203152 0.167686 0.159323
0.144407 0.200296 0.139203 0.176045 0.170009 0.170041
0.153687 0.152035 0.153391 0.182440 0.166924 0.191522
0.172540 0.187070 0.182814 0.187122 0.124710 0.145743
0.155325 0.131106 0.136999 0.186941 0.190140 0.199489
0.182367 0.186892 0.175253 0.152996 0.150282 0.152210
0.131105 0.274376 0.144014 0.142196 0.139114 0.169195
0.200958 0.188291 0.195775 0.132572 0.138671 0.143735
0.137829 0.222237 0.128670 0.168036 0.173641 0.169588
0.162932 0.196285 0.187386 0.155969 0.124583 0.172844
0.144730 0.177905 0.148128 0.173400 0.152023 0.203814
0.143603 0.281300 0.141708 0.151530 0.137660 0.144199
0.179767 0.188252 0.169309 0.156629 0.147898 0.158144
0.177219 0.219016 0.159215 0.144550 0.141752 0.158248
0.171248 0.221421 0.164053 0.156258 0.145891 0.141130
0.164440 0.208012 0.142475 0.172420 0.151303 0.161349
0.167694 0.133049 0.188521 0.175819 0.192692 0.142226
0.159995 0.216223 0.115378 0.151269 0.191932 0.165204
0.151197 0.202071 0.134243 0.155174 0.181173 0.176141
0.125150 0.138996 0.183372 0.184515 0.165723 0.202244
0.136140 0.230967 0.141266 0.159599 0.171226 0.160803
0.141291 0.202165 0.144717 0.184746 0.160077 0.167005
0.164633 0.209640 0.165397 0.159082 0.130704 0.170545
0.186766 0.164621 0.149040 0.188876 0.150493 0.160203
0.157144 0.237949 0.167677 0.140243 0.152611 0.144376
0.168594 0.112567 0.165835 0.177530 0.215284 0.160189
0.139647 0.196386 0.166005 0.151631 0.161043 0.185287
0.175179 0.139072 0.197208 0.159910 0.153801 0.174829
0.183412 0.194894 0.166739 0.167200 0.126134 0.161621
0.186085 0.119580 0.203719 0.154023 0.184790 0.151803
0.153972 0.211747 0.153058 0.156226 0.151776 0.173220
0.196490 0.165454 0.192299 0.159960 0.128974 0.156823
0.158183 0.110898 0.153310 0.178646 0.229293 0.169671
0.155796 0.179503 0.165008 0.154515 0.201147 0.144032
0.153524 0.141466 0.170717 0.168061 0.186698 0.179534
0.128963 0.199604 0.131794 0.162446 0.165670 0.211522
0.165377 0.168944 0.165377 0.159024 0.181788 0.159490
0.150672 0.168114 0.134006 0.179736 0.175880 0.191591
0.187541 0.156427 0.187541 0.149752 0.148198 0.170540
0.154664 0.184993 0.154657 0.167582 0.171200 0.166904
0.200530 0.166046 0.170507 0.164847 0.143210 0.154861
0.168516 0.163188 0.169114 0.183305 0.148712 0.167164
0.173295 0.166976 0.168596 0.165311 0.163362 0.162459
0.165247 0.188672 0.161232 0.165774 0.161958 0.157117
0.175094 0.152841 0.192058 0.167636 0.141954 0.170417
0.148522 0.121986 0.162789 0.183928 0.227692 0.155083
0.136791 0.217609 0.130983 0.163022 0.155035 0.196560
0.198124 0.139174 0.202858 0.160516 0.150553 0.148775
0.169452 0.182118 0.166760 0.166508 0.160687 0.154475
0.151203 0.147290 0.154092 0.170046 0.155397 0.221973
0.138479 0.215897 0.155781 0.171059 0.157067 0.161717
0.172879 0.133343 0.172578 0.183963 0.181006 0.156231
0.182134 0.143829 0.182141 0.176563 0.173634 0.141700
0.145123 0.233619 0.145113 0.174508 0.161187 0.140451
0.145813 0.145586 0.145813 0.204299 0.164166 0.194324
0.195018 0.209262 0.170018 0.125661 0.156001 0.144040
0.164123 0.160389 0.160280 0.153909 0.190144 0.171155
0.188279 0.158942 0.193256 0.145883 0.154051 0.159588
0.180753 0.139949 0.172288 0.152100 0.187149 0.167761
0.170855 0.132765 0.172373 0.176228 0.171551 0.176228
0.152331 0.179454 0.166673 0.174349 0.152840 0.174354
0.155096 0.139853 0.161420 0.186093 0.171443 0.186093
0.165685 0.157437 0.150785 0.181384 0.169619 0.175091
0.156414 0.178903 0.162815 0.179661 0.153701 0.168506
0.148350 0.191413 0.171675 0.157680 0.155455 0.175427
0.152929 0.227692 0.149467 0.163582 0.149543 0.156787
0.160868 0.155340 0.176590 0.178757 0.157263 0.171182
0.148962 0.242002 0.165204 0.136455 0.145237 0.162141
0.167834 0.140778 0.145391 0.171793 0.207445 0.166759
0.126774 0.224916 0.146622 0.162725 0.155156 0.183807
0.162020 0.207021 0.163078 0.146761 0.162220 0.158900
0.197356 0.158089 0.150818 0.165772 0.162510 0.165456
0.183324 0.174500 0.178284 0.146400 0.153570 0.163922
0.146802 0.205642 0.170964 0.153458 0.160609 0.162526
0.139632 0.216152 0.140188 0.170275 0.163499 0.170254
0.166415 0.145689 0.187174 0.168484 0.154645 0.177594
0.162177 0.134616 0.192627 0.164642 0.178939 0.166998
0.122672 0.182691 0.110605 0.181346 0.218565 0.184121
0.152977 0.208189 0.130183 0.174455 0.184161 0.150034
0.139513 0.118839 0.170418 0.156897 0.225095 0.189238
0.146564 0.161796 0.161593 0.172271 0.191228 0.166548
0.168977 0.156925 0.165879 0.203006 0.148469 0.156743
0.141373 0.182220 0.193252 0.153394 0.156000 0.173762
0.162480 0.161263 0.164873 0.183203 0.165410 0.162771
0.190630 0.138912 0.192328 0.161287 0.158092 0.158750
0.141790 0.163537 0.159455 0.158343 0.188687 0.188187
0.159616 0.207993 0.141338 0.160730 0.157656 0.172667
0.115627 0.283254 0.136297 0.146318 0.150402 0.168102
0.144118 0.208781 0.178774 0.135023 0.165817 0.167488
0.144792 0.142054 0.177662 0.174658 0.180416 0.180416
0.120018 0.262130 0.099568 0.177748 0.165802 0.174734
0.209240 0.164572 0.173642 0.144902 0.157483 0.150161
0.149059 0.161717 0.149025 0.174696 0.185175 0.180327
0.156915 0.173034 0.144138 0.205228 0.162278 0.158406
0.160206 0.162535 0.176166 0.155634 0.188669 0.156790
0.169976 0.184464 0.162144 0.159003 0.167779 0.156633
0.192897 0.161495 0.119791 0.174307 0.184281 0.167229
0.191204 0.163245 0.202297 0.139311 0.153469 0.150475
0.138295 0.169101 0.136840 0.188411 0.178949 0.188403
0.166434 0.201861 0.126016 0.189396 0.151896 0.164396
0.144433 0.201511 0.144002 0.205926 0.152062 0.152066
0.164258 0.114925 0.163706 0.189107 0.183998 0.184005
0.185281 0.180898 0.179131 0.139589 0.157541 0.157560
0.120809 0.198032 0.126665 0.177209 0.183437 0.193848
0.196489 0.138058 0.229940 0.139194 0.143392 0.152927
0.123414 0.185709 0.129491 0.168533 0.200010 0.192844
0.173757 0.180243 0.171051 0.158675 0.161606 0.154668
0.114692 0.167566 0.187399 0.160772 0.194610 0.174962
0.136075 0.182628 0.133405 0.175974 0.182226 0.189691
0.147697 0.210486 0.140614 0.166910 0.166146 0.168147
0.138099 0.197861 0.131071 0.173730 0.174778 0.184461
0.177475 0.178177 0.174054 0.156191 0.151610 0.162493
0.136714 0.216026 0.178704 0.161208 0.146139 0.161209
0.161620 0.166284 0.169968 0.161084 0.171023 0.170020
0.156450 0.136750 0.217865 0.162629 0.158607 0.167698
0.146379 0.236431 0.143437 0.158680 0.153470 0.161603
0.140197 0.182989 0.152381 0.193516 0.160339 0.170578
0.154863 0.157570 0.154272 0.163859 0.209737 0.159699
0.155445 0.169330 0.145082 0.161586 0.206971 0.161586
0.176132 0.164464 0.159323 0.185191 0.162932 0.151959
0.202498 0.140012 0.153195 0.155169 0.159744 0.189382
0.169115 0.177948 0.173881 0.203988 0.135270 0.139797
0.126842 0.146998 0.133494 0.172442 0.204500 0.215724
0.133432 0.211600 0.155454 0.156329 0.175691 0.167495
0.179236 0.174309 0.183514 0.156997 0.146583 0.159361
0.149370 0.157115 0.157431 0.174619 0.178714 0.182750
0.152765 0.147825 0.156107 0.169306 0.205190 0.168806
0.178691 0.115285 0.179060 0.179828 0.176244 0.170892
0.149976 0.229780 0.146237 0.160663 0.153141 0.160204
0.161579 0.166906 0.149682 0.171169 0.166572 0.184092
0.136686 0.245720 0.137280 0.150083 0.180148 0.150083
0.127458 0.173499 0.147930 0.193090 0.171015 0.187007
0.149607 0.190036 0.137321 0.163442 0.179486 0.180108
0.168624 0.209217 0.171891 0.154912 0.143587 0.151770
0.144353 0.220357 0.163852 0.161087 0.154805 0.155545
0.167173 0.156094 0.160870 0.179467 0.155540 0.180856
0.162575 0.169606 0.192414 0.165354 0.149539 0.160513
0.205939 0.183883 0.163935 0.151798 0.147122 0.147323
0.149145 0.202486 0.126376 0.174708 0.181994 0.165292
0.147099 0.167196 0.169353 0.180242 0.166535 0.169575
0.155734 0.237719 0.158184 0.144304 0.150457 0.153603
0.147928 0.139733 0.141340 0.189313 0.183670 0.198016
0.149596 0.146576 0.164879 0.167452 0.204044 0.167452
0.188973 0.155990 0.184889 0.156726 0.149811 0.163611
0.141812 0.173454 0.150402 0.182968 0.168098 0.183267
0.151924 0.146725 0.163149 0.177663 0.166298 0.194241
0.184507 0.197177 0.186551 0.146532 0.123707 0.161527
0.161498 0.207750 0.158547 0.159558 0.153038 0.159610
0.175332 0.125674 0.168297 0.181359 0.173040 0.176296
0.144536 0.173370 0.214937 0.143645 0.154445 0.169066
0.155515 0.212128 0.134334 0.177768 0.170074 0.150181
0.136882 0.190597 0.149567 0.161374 0.204200 0.157380
0.177479 0.139232 0.173026 0.161128 0.179838 0.169298
0.145423 0.185412 0.131722 0.185919 0.182092 0.169433
0.162139 0.179360 0.175089 0.140688 0.127596 0.215128
0.147577 0.185614 0.147878 0.167850 0.166818 0.184262
0.229729 0.151462 0.173844 0.162685 0.141131 0.141149
0.199304 0.120214 0.176456 0.138796 0.180669 0.184561
0.161950 0.192649 0.161573 0.137466 0.179396 0.166966
0.168086 0.180223 0.216433 0.167646 0.139860 0.127753
0.155799 0.147485 0.157563 0.186565 0.176273 0.176315
0.179652 0.137645 0.180844 0.169692 0.161504 0.170663
0.132545 0.232624 0.148421 0.155886 0.164894 0.165630
0.168333 0.165395 0.145228 0.195767 0.142345 0.182932
0.127639 0.188950 0.117974 0.182082 0.188122 0.195234
0.174777 0.181609 0.180902 0.155649 0.153528 0.153534
0.112070 0.269428 0.112580 0.163342 0.162443 0.180139
0.166209 0.184769 0.171484 0.139767 0.168747 0.169024
0.152751 0.214723 0.127379 0.183036 0.175540 0.146571
0.164236 0.164079 0.153505 0.161370 0.187485 0.169325
0.177066 0.182944 0.169439 0.152750 0.161267 0.156535
0.194396 0.142051 0.178026 0.152922 0.167885 0.164720
0.164756 0.197217 0.172073 0.186870 0.141223 0.137860
0.168579 0.139057 0.165706 0.162021 0.177123 0.187514
0.179156 0.196551 0.150739 0.140426 0.193725 0.139403
0.181776 0.134848 0.208695 0.160385 0.163931 0.150365
0.176527 0.155003 0.184830 0.177983 0.150841 0.154815
0.133906 0.206329 0.152360 0.177082 0.157003 0.173319
0.156465 0.174575 0.152003 0.181673 0.159189 0.176095
0.171501 0.147711 0.164287 0.166044 0.171095 0.179361
0.135650 0.162885 0.118984 0.194893 0.192605 0.194982
0.147282 0.264804 0.141677 0.188109 0.122295 0.135832
0.163282 0.128866 0.164758 0.179910 0.165170 0.198014
0.195247 0.151506 0.198360 0.149833 0.149728 0.155326
0.184841 0.111391 0.188190 0.161329 0.172922 0.181327
0.144860 0.231861 0.125832 0.181080 0.140790 0.175576
0.169396 0.150242 0.163062 0.174498 0.171400 0.171402
0.130847 0.167006 0.120592 0.213448 0.179635 0.188472
0.209420 0.144879 0.185673 0.139201 0.166591 0.154236
0.168171 0.157096 0.153928 0.163127 0.185302 0.172377
0.154736 0.191548 0.158962 0.167836 0.169348 0.157570
0.214087 0.154649 0.219472 0.137096 0.114932 0.159763
0.157134 0.181916 0.138661 0.180613 0.180577 0.161098
0.153631 0.183404 0.136797 0.147980 0.213508 0.164679
0.143144 0.163755 0.137703 0.187813 0.162182 0.205403
0.175498 0.169906 0.165372 0.162642 0.153413 0.173169
0.123227 0.205219 0.157402 0.166961 0.174252 0.172939
0.176181 0.154330 0.181097 0.161778 0.149071 0.177544
0.146115 0.196065 0.139002 0.168701 0.163171 0.186946
0.128934 0.196072 0.154602 0.176978 0.172276 0.171138
0.185438 0.165989 0.179096 0.163552 0.148508 0.157417
0.147689 0.155614 0.161357 0.169385 0.155217 0.210737
0.158821 0.148559 0.153628 0.181882 0.186564 0.170546
0.172937 0.145624 0.201773 0.171215 0.154070 0.154381
0.182039 0.134102 0.203493 0.150557 0.142755 0.187054
0.174486 0.130518 0.134551 0.170760 0.204824 0.184861
0.181029 0.182649 0.170522 0.146370 0.158407 0.161023
0.165359 0.178356 0.156789 0.168150 0.159532 0.171814
0.140410 0.176106 0.140507 0.185710 0.188789 0.168478
0.174055 0.145993 0.181562 0.171886 0.169134 0.157371
0.216897 0.160460 0.163639 0.166266 0.141754 0.150984
0.159603 0.221936 0.140785 0.151499 0.161084 0.165093
0.160439 0.174639 0.162378 0.157863 0.174354 0.170327
0.135591 0.215002 0.152373 0.150920 0.176583 0.169531
0.174848 0.154634 0.159875 0.165147 0.150063 0.195434
0.156512 0.188068 0.185328 0.129417 0.187154 0.153522
0.140651 0.131101 0.175830 0.181968 0.181079 0.189371
0.175784 0.146534 0.171013 0.178108 0.157862 0.170698
0.177805 0.154224 0.175566 0.163478 0.161917 0.167009
0.161753 0.124312 0.134136 0.232939 0.171903 0.174958
0.152231 0.161429 0.131502 0.221772 0.176077 0.156989
0.141963 0.216919 0.119589 0.186453 0.160830 0.174246
0.173399 0.152163 0.171454 0.157356 0.174277 0.171352
0.148122 0.239617 0.134353 0.172002 0.148086 0.157820
0.141432 0.220572 0.178343 0.128673 0.158385 0.172595
0.179975 0.177399 0.188965 0.145357 0.154295 0.154009
0.184154 0.206017 0.160458 0.142122 0.148274 0.158975
0.172413 0.218770 0.171847 0.127252 0.164111 0.145607
0.153114 0.171467 0.147347 0.176261 0.167703 0.184109
0.229466 0.179512 0.165827 0.130150 0.153131 0.141914
0.141401 0.169469 0.195701 0.169963 0.169813 0.153654
0.164400 0.213914 0.165529 0.141554 0.137290 0.177313
0.167813 0.158910 0.162691 0.204321 0.149819 0.156446
0.120582 0.156110 0.223851 0.153453 0.158964 0.187040
0.197091 0.138670 0.167479 0.156076 0.181612 0.159072
0.156122 0.200270 0.137051 0.153516 0.161819 0.191221
0.198347 0.133654 0.183871 0.162757 0.152250 0.169121
0.151587 0.168157 0.126542 0.190727 0.185949 0.177039
0.177868 0.151782 0.180638 0.140199 0.163942 0.185571
0.172055 0.153604 0.160137 0.160417 0.162884 0.190904
0.160262 0.190345 0.182890 0.147891 0.162207 0.156404
0.188648 0.146700 0.176980 0.162860 0.164475 0.160338
0.168383 0.186762 0.178687 0.149633 0.141547 0.174988
0.170365 0.201803 0.158209 0.152486 0.159522 0.157615
0.173623 0.197872 0.165704 0.133435 0.167724 0.161642
0.161314 0.149780 0.168576 0.183954 0.158019 0.178356
0.158759 0.195449 0.177398 0.147808 0.165289 0.155298
0.139784 0.216885 0.127294 0.170418 0.176512 0.169106
0.174356 0.174272 0.155292 0.152370 0.135364 0.208347
0.187759 0.164061 0.199661 0.163101 0.151912 0.133506
0.172055 0.182676 0.178439 0.141446 0.151699 0.173686
0.155389 0.184307 0.167139 0.154034 0.161142 0.177989
0.207256 0.135572 0.202369 0.148526 0.169769 0.136508
0.164676 0.297308 0.127003 0.127798 0.141238 0.141977
0.117468 0.264770 0.128661 0.150314 0.143501 0.195287
0.153833 0.233021 0.159596 0.167184 0.159230 0.127136
0.137263 0.224723 0.151598 0.154655 0.199029 0.132733
0.161172 0.173090 0.162695 0.168371 0.166556 0.168116
0.142032 0.182808 0.157529 0.152219 0.192110 0.173303
0.174631 0.196062 0.163239 0.127004 0.160174 0.178891
0.159234 0.185701 0.175396 0.205870 0.142428 0.131371
0.126499 0.144294 0.144014 0.188009 0.174620 0.222564
0.174408 0.194912 0.164649 0.124746 0.179878 0.161407
0.147128 0.215626 0.132122 0.159457 0.135116 0.210552
0.172621 0.144641 0.193397 0.161596 0.170204 0.157540
0.173772 0.166521 0.161166 0.168425 0.172857 0.157259
0.189071 0.176817 0.175307 0.156612 0.156890 0.145303
0.178524 0.197783 0.152740 0.157634 0.163425 0.149893
0.190813 0.289486 0.106336 0.138172 0.145191 0.130001
0.212600 0.179455 0.175587 0.144761 0.146826 0.140772
0.167036 0.225137 0.158770 0.153772 0.147454 0.147831
0.188474 0.166573 0.182609 0.155882 0.157058 0.149404
0.157729 0.212584 0.145307 0.147312 0.167101 0.169966
0.162442 0.151297 0.144441 0.190396 0.148365 0.203059
0.136305 0.209454 0.167824 0.172791 0.151150 0.162476
0.149343 0.177089 0.131902 0.173003 0.167663 0.201000
0.167357 0.140168 0.157493 0.170821 0.190513 0.173648
0.124591 0.231768 0.121980 0.170449 0.176826 0.174386
0.135994 0.191263 0.116006 0.183301 0.183555 0.189881
0.157010 0.205229 0.188340 0.159197 0.141247 0.148976
0.149403 0.241975 0.179110 0.157008 0.138642 0.133863
0.183785 0.255737 0.156645 0.136288 0.134597 0.132949
0.149263 0.285035 0.153196 0.123775 0.128696 0.160036
0.181388 0.146939 0.221424 0.170338 0.131051 0.148861
0.159658 0.184575 0.142840 0.154097 0.157912 0.200918
0.157063 0.188525 0.149705 0.148098 0.206028 0.150581
0.132478 0.169230 0.130315 0.187781 0.200953 0.179243
0.166727 0.197094 0.133042 0.167754 0.162110 0.173272
0.172239 0.162227 0.159894 0.144824 0.165952 0.194864
0.132171 0.175532 0.195274 0.177390 0.145670 0.173963
0.158825 0.127923 0.187779 0.198720 0.172759 0.153995
0.181554 0.157964 0.170642 0.164876 0.180446 0.144518
0.184961 0.130345 0.180572 0.181421 0.160930 0.161771
0.135399 0.195830 0.124940 0.146315 0.202205 0.195311
0.201888 0.162484 0.170212 0.129792 0.184681 0.150944
0.157602 0.209962 0.164477 0.150392 0.151405 0.166162
0.167490 0.164314 0.176648 0.194115 0.140031 0.157402
0.190114 0.154319 0.199211 0.145245 0.148387 0.162724
0.151486 0.185500 0.214411 0.138457 0.142721 0.167424
0.172905 0.194199 0.165725 0.155272 0.161524 0.150375
0.138898 0.161505 0.138615 0.194430 0.162598 0.203954
0.128746 0.226774 0.137404 0.166372 0.158381 0.182323
0.157478 0.191441 0.145465 0.158925 0.161382 0.185309
0.138612 0.155161 0.141573 0.165692 0.220957 0.178004
0.157954 0.230406 0.119168 0.163552 0.150864 0.178055
0.155302 0.210740 0.148720 0.174626 0.154444 0.156169
0.127985 0.185404 0.127985 0.186842 0.182455 0.189330
0.135537 0.162733 0.145244 0.193132 0.172964 0.190390
0.140345 0.170978 0.151009 0.222921 0.159745 0.155002
0.138269 0.206581 0.128045 0.163489 0.197752 0.165864
0.159994 0.196598 0.177296 0.163376 0.129097 0.173639
0.173500 0.184853 0.171621 0.153468 0.153128 0.163430
0.179797 0.193720 0.158984 0.162555 0.156030 0.148914
0.169253 0.208369 0.183192 0.148280 0.106039 0.184866
0.144227 0.212414 0.156438 0.171413 0.153021 0.162487
0.205885 0.140680 0.168990 0.154864 0.180411 0.149170
0.159061 0.140908 0.154377 0.174615 0.178080 0.192959
0.167218 0.181361 0.175212 0.170790 0.147880 0.157538
0.180014 0.167830 0.162049 0.152649 0.178130 0.159328
0.123037 0.190996 0.140639 0.162931 0.193408 0.188990
0.178963 0.138894 0.178921 0.165783 0.165004 0.172434
0.117377 0.178891 0.105184 0.184668 0.229173 0.184706
0.147092 0.160577 0.168215 0.167171 0.161107 0.195839
0.145201 0.167356 0.150003 0.183813 0.153707 0.199921
0.145151 0.197142 0.165143 0.160871 0.176683 0.155010
0.176976 0.156733 0.179963 0.166119 0.162096 0.158113
0.182568 0.154047 0.175011 0.148483 0.145188 0.194704
0.147803 0.221103 0.118034 0.169213 0.190301 0.153545
0.186425 0.177025 0.149232 0.155446 0.184118 0.147755
0.162682 0.202311 0.153948 0.148365 0.145339 0.187356
0.177704 0.127522 0.164624 0.165777 0.189467 0.174907
0.123411 0.276326 0.117906 0.161601 0.168601 0.152155
0.184784 0.165202 0.224552 0.146086 0.120045 0.159332
0.147609 0.202182 0.131468 0.212100 0.163931 0.142710
0.142069 0.176308 0.159955 0.206892 0.146908 0.167867
0.180336 0.137773 0.174082 0.157233 0.140043 0.210532
0.161165 0.176378 0.145318 0.178319 0.180876 0.157944
0.143727 0.171422 0.138941 0.187706 0.153499 0.204705
0.153417 0.180501 0.152311 0.151728 0.167782 0.194262
0.163143 0.164915 0.162792 0.166158 0.178354 0.164638
0.154588 0.181850 0.143570 0.156387 0.185916 0.177689
0.185239 0.139820 0.175235 0.149575 0.174975 0.175155
0.131211 0.200074 0.144742 0.171887 0.173896 0.178190
0.165812 0.197953 0.176624 0.138530 0.151868 0.169214
0.124217 0.218201 0.124902 0.170662 0.188085 0.173934
0.187301 0.163444 0.216741 0.138539 0.125042 0.168934
0.124583 0.226127 0.145147 0.186535 0.169738 0.147870
0.161606 0.176160 0.148162 0.174815 0.179581 0.159675
0.214013 0.151136 0.165551 0.139613 0.131563 0.198123
0.153079 0.176227 0.127795 0.201797 0.167325 0.173776
0.191127 0.176445 0.173611 0.155746 0.156472 0.146600
0.159699 0.188597 0.220325 0.150119 0.130782 0.150478
0.155721 0.153660 0.181319 0.159169 0.184722 0.165408
0.218371 0.162712 0.149630 0.158520 0.147263 0.163504
0.191717 0.163857 0.165489 0.190802 0.144674 0.143461
0.120379 0.203598 0.148371 0.204675 0.152108 0.170869
0.166637 0.142568 0.154577 0.194807 0.180773 0.160638
0.140558 0.137330 0.137774 0.171290 0.206613 0.206435
0.114956 0.178103 0.155090 0.169178 0.184142 0.198531
0.168512 0.205931 0.150047 0.138523 0.189160 0.147826
0.138480 0.201619 0.154584 0.154046 0.167442 0.183829
0.167711 0.185086 0.187885 0.139161 0.153607 0.166549
0.162916 0.180325 0.164919 0.171291 0.151050 0.169499
0.149101 0.168883 0.175825 0.197692 0.146371 0.162129
0.157914 0.162781 0.198990 0.176112 0.143400 0.160803
0.178548 0.172694 0.175880 0.156194 0.164393 0.152292
0.161529 0.170191 0.155364 0.166762 0.161455 0.184698
0.146414 0.155885 0.163456 0.147720 0.192399 0.194127
0.178275 0.168372 0.171273 0.166639 0.160850 0.154592
0.205005 0.153983 0.184592 0.170993 0.138694 0.146733
0.168029 0.128604 0.184966 0.181540 0.176401 0.160460
0.139254 0.151201 0.139919 0.175225 0.163555 0.230845
0.215140 0.111955 0.169060 0.166758 0.169671 0.167415
0.112642 0.196169 0.134705 0.179172 0.189437 0.187875
0.183856 0.149025 0.178020 0.167639 0.158590 0.162871
0.157962 0.215454 0.152012 0.165417 0.155675 0.153480
0.172941 0.162717 0.184182 0.157115 0.156447 0.166598
0.192423 0.172625 0.185639 0.130242 0.183283 0.135787
0.147770 0.198814 0.156651 0.180837 0.178940 0.136988
0.174467 0.151724 0.161205 0.198083 0.140817 0.173704
0.127319 0.231663 0.146324 0.145256 0.182765 0.166673
0.153858 0.184901 0.161737 0.158683 0.168139 0.172683
0.138329 0.214189 0.141685 0.147794 0.183527 0.174475
0.195976 0.215142 0.179009 0.133703 0.126623 0.149546
0.145826 0.197558 0.152436 0.170660 0.169654 0.163867
0.157704 0.161294 0.155311 0.171606 0.135153 0.218932
0.176469 0.133604 0.162708 0.187980 0.157492 0.181746
0.151208 0.239421 0.140699 0.172238 0.153258 0.143177
0.153719 0.142663 0.132311 0.236153 0.159024 0.176129
0.160260 0.212726 0.147403 0.147449 0.162296 0.169866
0.132689 0.157880 0.151436 0.173176 0.206384 0.178435
0.160562 0.202719 0.165942 0.149551 0.158425 0.162801
0.185961 0.119398 0.160154 0.188741 0.166305 0.179440
0.172524 0.178058 0.193161 0.133553 0.159398 0.163306
0.159719 0.169583 0.158413 0.165700 0.181209 0.165376
0.164689 0.110128 0.183541 0.218893 0.161264 0.161486
0.158072 0.151628 0.192919 0.156158 0.177765 0.163459
0.182089 0.134095 0.196278 0.164653 0.163250 0.159634
0.142778 0.282594 0.152708 0.144250 0.133673 0.143997
0.162409 0.171391 0.165549 0.141860 0.153640 0.205151
0.130812 0.254595 0.116533 0.162347 0.132711 0.203002
0.179936 0.218774 0.147855 0.144590 0.175235 0.133610
0.159468 0.202230 0.158685 0.162782 0.164389 0.152446
0.143968 0.192884 0.186557 0.149369 0.149438 0.177785
0.177734 0.138143 0.193078 0.164896 0.167113 0.159036
0.153759 0.192387 0.165948 0.162151 0.167064 0.158692
0.182681 0.135034 0.173933 0.174194 0.168139 0.166019
0.172236 0.240586 0.136567 0.158322 0.150915 0.141375
0.160741 0.153332 0.166844 0.147793 0.201936 0.169355
0.210722 0.130030 0.174321 0.150938 0.180661 0.153329
0.152860 0.196377 0.139162 0.159036 0.158369 0.194196
0.134847 0.159809 0.162024 0.177319 0.181285 0.184716
0.154780 0.206182 0.171128 0.155903 0.134663 0.177345
0.160576 0.159606 0.167829 0.161976 0.157427 0.192586
0.179577 0.165105 0.227664 0.136356 0.138154 0.153144
0.125847 0.187460 0.163741 0.185873 0.171640 0.165439
0.190510 0.166577 0.167512 0.141603 0.160475 0.173323
0.137236 0.147729 0.137198 0.232531 0.180837 0.164469
0.149136 0.179996 0.148476 0.175176 0.174772 0.172445
0.150793 0.207608 0.148676 0.179737 0.172934 0.140251
0.149474 0.198964 0.173133 0.173563 0.160021 0.144846
0.119498 0.149542 0.144266 0.227893 0.180231 0.178571
0.227241 0.148655 0.187775 0.143022 0.128946 0.164361
0.153546 0.174554 0.158381 0.168632 0.176750 0.168137
0.172994 0.164038 0.193770 0.154375 0.173819 0.141004
0.163005 0.179285 0.153195 0.163727 0.146976 0.193812
0.145210 0.215839 0.146862 0.165907 0.183313 0.142869
0.206248 0.147463 0.153543 0.151258 0.154730 0.186757
0.162473 0.186065 0.194731 0.155946 0.144767 0.156018
0.176404 0.137680 0.188073 0.146754 0.151524 0.199565
0.116506 0.231758 0.137064 0.184495 0.158982 0.171195
0.168864 0.268359 0.174640 0.122215 0.117319 0.148603
0.152298 0.181469 0.147940 0.168767 0.191489 0.158037
0.161607 0.164165 0.190320 0.167529 0.155034 0.161346
0.139487 0.237653 0.151869 0.153276 0.146038 0.171678
0.172021 0.165009 0.169731 0.166435 0.173514 0.153289
0.130768 0.182579 0.135465 0.163173 0.187201 0.200813
0.190953 0.122201 0.189695 0.169317 0.154339 0.173495
0.167481 0.157177 0.201712 0.179804 0.149135 0.144690
0.157558 0.124451 0.183471 0.170037 0.182243 0.182240
0.140144 0.262288 0.132649 0.165977 0.138859 0.160082
0.181145 0.165229 0.182900 0.150595 0.142087 0.178043
0.180477 0.136774 0.170066 0.158418 0.179587 0.174678
0.161887 0.234335 0.148480 0.160977 0.150103 0.144218
0.196436 0.184648 0.170022 0.162318 0.148127 0.138448
0.159106 0.221080 0.124511 0.164859 0.162881 0.167564
0.181550 0.139489 0.158812 0.183287 0.166113 0.170750
0.134568 0.275182 0.124909 0.162940 0.144646 0.157754
0.149815 0.205132 0.147628 0.135707 0.191029 0.170689
0.122824 0.263206 0.133934 0.149954 0.156446 0.173637
0.172586 0.159152 0.150005 0.161833 0.169271 0.187152
0.145380 0.149341 0.165259 0.149001 0.214432 0.176586
0.171046 0.187262 0.155593 0.158098 0.149661 0.178339
0.157579 0.169553 0.173308 0.173083 0.175994 0.150483
0.179121 0.173878 0.158851 0.179023 0.145413 0.163714
0.196215 0.157365 0.169435 0.167882 0.140274 0.168830
0.167019 0.147061 0.204710 0.173552 0.144043 0.163615
0.160702 0.171097 0.199376 0.147470 0.164325 0.157030
0.170887 0.198267 0.164687 0.160022 0.151505 0.154632
0.178632 0.178351 0.185313 0.166503 0.140332 0.150870
0.151877 0.186762 0.137591 0.156462 0.210858 0.156450
0.137970 0.214531 0.125407 0.162369 0.180700 0.179023
0.158851 0.189867 0.178332 0.173584 0.142449 0.156918
0.122303 0.204423 0.120677 0.226132 0.153422 0.173042
0.142045 0.210586 0.130967 0.182253 0.155430 0.178719
0.137624 0.214951 0.119466 0.181422 0.160536 0.186002
0.143166 0.164638 0.135658 0.171824 0.192351 0.192362
0.186676 0.136659 0.184165 0.158375 0.165731 0.168395
0.153106 0.175341 0.157719 0.170049 0.167938 0.175847
0.141068 0.173986 0.194870 0.161609 0.185220 0.143247
0.156378 0.143187 0.164116 0.160889 0.222960 0.152470
0.185092 0.143078 0.196254 0.120121 0.163675 0.191780
0.168328 0.187210 0.169216 0.163737 0.154985 0.156523
0.178717 0.206951 0.156643 0.140367 0.164368 0.152954
0.150457 0.180148 0.137957 0.161115 0.180507 0.189815
0.152578 0.218578 0.160959 0.160423 0.148337 0.159125
0.173885 0.168689 0.173885 0.153071 0.167211 0.163259
0.207938 0.171505 0.156963 0.150480 0.149006 0.164108
0.183134 0.141564 0.179151 0.175248 0.152633 0.168269
0.169931 0.156016 0.166944 0.165436 0.167579 0.174094
0.160840 0.133419 0.139683 0.163528 0.195421 0.207110
0.133385 0.148643 0.145695 0.195717 0.179367 0.197192
0.179805 0.128525 0.176421 0.209579 0.150028 0.155641
0.161461 0.178154 0.136283 0.151913 0.186489 0.185700
0.192610 0.155196 0.189568 0.163948 0.140365 0.158313
0.167551 0.172521 0.202614 0.159816 0.146572 0.150926
0.174219 0.184432 0.177733 0.148203 0.154804 0.160608
0.115559 0.254408 0.130956 0.188569 0.150022 0.160486
0.157413 0.144498 0.166994 0.197417 0.172807 0.160871
0.128386 0.215836 0.109093 0.161394 0.217791 0.167500
0.165683 0.159920 0.166003 0.160017 0.182695 0.165681
0.124928 0.244375 0.143230 0.150078 0.153666 0.183723
0.160320 0.149415 0.159007 0.149716 0.220942 0.160601
0.150445 0.188259 0.156230 0.136583 0.192846 0.175637
0.126601 0.132906 0.179481 0.193738 0.182503 0.184771
0.168822 0.128808 0.169977 0.172550 0.181199 0.178643
0.139967 0.210184 0.139951 0.171449 0.168043 0.170406
0.174136 0.119818 0.164516 0.164324 0.155646 0.221560
0.154176 0.157717 0.142826 0.153521 0.226629 0.165132
0.185254 0.135201 0.168892 0.187934 0.158737 0.163983
0.134984 0.202931 0.126688 0.195759 0.161153 0.178485
0.201053 0.137429 0.202916 0.149178 0.150974 0.158450
0.128154 0.160023 0.145234 0.225604 0.164338 0.176646
0.171372 0.185025 0.158721 0.133376 0.165371 0.186135
0.163564 0.182708 0.165997 0.167766 0.157812 0.162153
0.175700 0.155745 0.171363 0.149411 0.177931 0.169850
0.197287 0.155755 0.180612 0.136069 0.157986 0.172290
0.149927 0.148863 0.153382 0.219679 0.158179 0.169970
0.181795 0.170400 0.205854 0.144505 0.149796 0.147650
0.121075 0.139406 0.144891 0.234690 0.177890 0.182048
0.155461 0.213645 0.156753 0.158287 0.163960 0.151894
0.154436 0.156229 0.213048 0.148282 0.160907 0.167098
0.190825 0.138467 0.182163 0.139874 0.160415 0.188256
0.136301 0.180742 0.137274 0.157190 0.215307 0.173186
0.145495 0.206325 0.129182 0.165810 0.173893 0.179294
0.164138 0.172634 0.160140 0.163103 0.170935 0.169049
0.170344 0.112730 0.167478 0.183833 0.178094 0.187521
0.149294 0.244275 0.130130 0.174135 0.138273 0.163893
0.151893 0.123693 0.168488 0.166779 0.220718 0.168428
0.168527 0.193532 0.152520 0.164898 0.178711 0.141813
0.163034 0.154079 0.149399 0.178188 0.170249 0.185052
0.193599 0.151419 0.215891 0.126842 0.155401 0.156849
0.157082 0.136242 0.149161 0.190292 0.177106 0.190118
0.175355 0.256175 0.152143 0.134777 0.128655 0.152895
0.159325 0.209159 0.161663 0.189257 0.140447 0.140149
0.179499 0.167293 0.173955 0.167274 0.163740 0.148239
0.165742 0.175319 0.173418 0.188058 0.132871 0.164593
0.130685 0.241915 0.126287 0.154448 0.167857 0.178809
0.182931 0.164861 0.185846 0.165477 0.171328 0.129558
0.104977 0.229552 0.118775 0.155946 0.178219 0.212531
0.191437 0.124897 0.192800 0.135629 0.178497 0.176740
0.129090 0.199369 0.142104 0.177654 0.178623 0.173159
0.160286 0.166217 0.190810 0.149173 0.160393 0.173121
0.168333 0.173709 0.142247 0.175555 0.178359 0.161798
0.150322 0.183476 0.171245 0.162864 0.163212 0.168881
0.176509 0.161524 0.169831 0.130444 0.149732 0.211960
0.167025 0.139742 0.158295 0.173539 0.176494 0.184903
0.179655 0.206678 0.184766 0.149813 0.143537 0.135551
0.175863 0.220037 0.170686 0.143127 0.137482 0.152806
0.178476 0.188481 0.172442 0.152821 0.151205 0.156575
0.189734 0.161096 0.174672 0.166553 0.159520 0.148425
0.148411 0.199864 0.171961 0.148662 0.143494 0.187608
0.149125 0.247099 0.160466 0.151407 0.143376 0.148527
0.168532 0.189939 0.157280 0.179960 0.152438 0.151851
0.130841 0.226906 0.146459 0.174555 0.153273 0.167965
0.179179 0.176570 0.151118 0.145288 0.169643 0.178202
0.132527 0.173191 0.144588 0.190294 0.190786 0.168614
0.137872 0.235920 0.159890 0.141063 0.163008 0.162247
0.144771 0.168730 0.147888 0.183372 0.182043 0.173196
0.135408 0.198546 0.141161 0.184874 0.152103 0.187909
0.144780 0.203255 0.173173 0.157693 0.175295 0.145804
0.160130 0.141642 0.134031 0.167358 0.205794 0.191046
0.181636 0.135771 0.172366 0.161629 0.185588 0.163010
0.169978 0.219055 0.136559 0.173298 0.141214 0.159896
0.188137 0.150941 0.154255 0.165325 0.167140 0.174202
0.159804 0.144710 0.169028 0.180945 0.152678 0.192834
0.142111 0.183462 0.159775 0.158953 0.212334 0.143365
0.134732 0.231050 0.132175 0.142047 0.161901 0.198094
0.162250 0.170240 0.180327 0.149492 0.160653 0.177038
0.167595 0.218717 0.170567 0.156073 0.135956 0.151093
0.173714 0.200824 0.161183 0.149243 0.146294 0.168743
0.148906 0.162426 0.169024 0.198943 0.156095 0.164607
0.121396 0.233586 0.165578 0.168085 0.159242 0.152113
0.181307 0.186528 0.169831 0.159584 0.144953 0.157797
0.151659 0.144574 0.176113 0.159542 0.180758 0.187354
0.169032 0.146798 0.217219 0.131765 0.181050 0.154137
0.151211 0.175051 0.154718 0.206543 0.150923 0.161554
0.141347 0.110266 0.171202 0.151830 0.250665 0.174689
0.135279 0.204987 0.143313 0.178204 0.179505 0.158711
0.175431 0.149011 0.158621 0.148111 0.177190 0.191637
0.117366 0.155936 0.112369 0.175710 0.197866 0.240753
0.154107 0.143794 0.222774 0.153097 0.163391 0.162836
0.141516 0.183214 0.141923 0.179826 0.176449 0.177071
0.201044 0.133188 0.150475 0.177616 0.165298 0.172379
0.188626 0.173458 0.185792 0.132769 0.176164 0.143191
0.142018 0.158606 0.161445 0.179150 0.173284 0.185497
0.183114 0.158846 0.198450 0.149375 0.158826 0.151389
0.151020 0.172355 0.169945 0.153819 0.205574 0.147287
0.185334 0.207989 0.165591 0.147924 0.142020 0.151141
0.203744 0.149061 0.194657 0.141810 0.149527 0.161201
0.147704 0.109681 0.165166 0.172267 0.216255 0.188927
0.178314 0.248796 0.181722 0.126715 0.131241 0.133212
0.121512 0.190586 0.143155 0.171648 0.193575 0.179524
0.161815 0.176044 0.168434 0.165356 0.136030 0.192322
0.129870 0.208483 0.157749 0.156764 0.165730 0.181405
0.153590 0.177325 0.165415 0.174299 0.164728 0.164643
0.165014 0.142125 0.127726 0.218743 0.172968 0.173423
0.177938 0.141919 0.170970 0.179007 0.175297 0.154870
0.166514 0.185589 0.151262 0.159345 0.145151 0.192140
0.140591 0.183139 0.116278 0.189662 0.136491 0.233840
0.231269 0.141640 0.209238 0.157397 0.130731 0.129725
0.205240 0.154356 0.186161 0.169164 0.138000 0.147079
0.205158 0.161672 0.175359 0.152846 0.149202 0.155763
0.163971 0.151873 0.152705 0.170777 0.150592 0.210081
0.183140 0.149615 0.202763 0.137956 0.168668 0.157858
0.143118 0.204792 0.138246 0.179947 0.165018 0.168878
0.173861 0.140655 0.178586 0.174434 0.164096 0.168368
0.185576 0.189341 0.181030 0.147526 0.135690 0.160837
0.161225 0.123674 0.156766 0.203352 0.158519 0.196463
0.191503 0.167252 0.172006 0.140502 0.176275 0.152463
0.163748 0.135995 0.189578 0.172692 0.192625 0.145362
0.167527 0.166725 0.168922 0.178054 0.163918 0.154854
0.167242 0.176881 0.197138 0.142025 0.161804 0.154910
0.187011 0.166440 0.184080 0.155919 0.141002 0.165548
0.115589 0.210786 0.158163 0.174152 0.178159 0.163152
0.177902 0.121631 0.203887 0.155332 0.214278 0.126970
0.146289 0.174749 0.145786 0.173831 0.160150 0.199195
0.146728 0.131275 0.135537 0.195281 0.159922 0.231256
0.194292 0.181013 0.160025 0.135909 0.125430 0.203332
0.171197 0.126990 0.167990 0.187459 0.171272 0.175092
0.188203 0.197113 0.145880 0.170513 0.161435 0.136855
0.208300 0.133237 0.180395 0.157271 0.159940 0.160857
0.155277 0.161099 0.168480 0.185001 0.154206 0.175938
0.167566 0.190872 0.183349 0.165388 0.152076 0.140748
0.150547 0.170251 0.156478 0.155719 0.162993 0.204013
0.179673 0.162797 0.208176 0.149162 0.148001 0.152191
0.180674 0.143415 0.196084 0.141239 0.141250 0.197338
0.167919 0.226179 0.152047 0.132631 0.163407 0.157816
0.201943 0.142552 0.184030 0.155640 0.166254 0.149581
0.176982 0.162592 0.160535 0.158584 0.172480 0.168827
0.158325 0.174949 0.169390 0.151923 0.167775 0.177638
0.143872 0.217806 0.167324 0.176854 0.138232 0.155911
0.157805 0.168249 0.187267 0.154114 0.141213 0.191351
0.175162 0.165397 0.161632 0.152207 0.168867 0.176736
0.161146 0.212585 0.147114 0.174199 0.151485 0.153470
0.127447 0.248895 0.132495 0.157006 0.159611 0.174546
0.218678 0.169725 0.129192 0.153883 0.156812 0.171710
0.169151 0.180735 0.176575 0.155499 0.163468 0.154572
0.200727 0.148144 0.184494 0.166453 0.169024 0.131157
0.162827 0.142799 0.166751 0.159828 0.193368 0.174427
0.181796 0.146407 0.193948 0.149230 0.157605 0.171014
0.147501 0.237733 0.151624 0.165016 0.164074 0.134053
0.199481 0.156853 0.182883 0.135220 0.185220 0.140342
0.150090 0.171078 0.130101 0.188217 0.184216 0.176298
0.167365 0.237461 0.132586 0.133213 0.145991 0.183384
0.155369 0.219414 0.142081 0.162502 0.158046 0.162587
0.139797 0.180008 0.131492 0.169434 0.163048 0.216221
0.170524 0.235199 0.154622 0.139620 0.151829 0.148206
0.183265 0.146908 0.188088 0.160189 0.158116 0.163435
0.165158 0.127260 0.156496 0.173881 0.173874 0.203331
0.154758 0.207155 0.162602 0.158352 0.167614 0.149518
0.141624 0.202563 0.149120 0.202843 0.158593 0.145256
0.169176 0.131172 0.164310 0.180311 0.179145 0.175886
0.186149 0.194882 0.167291 0.144017 0.153181 0.154480
0.158281 0.225302 0.110651 0.154895 0.153064 0.197807
0.138908 0.119154 0.196234 0.150488 0.179152 0.216065
0.187129 0.169224 0.172846 0.169974 0.156715 0.144113
0.150365 0.177259 0.130636 0.183756 0.183731 0.174253
0.161328 0.137672 0.198440 0.169405 0.164056 0.169099
0.155236 0.181573 0.156239 0.179870 0.161032 0.166051
0.178366 0.183974 0.190510 0.143675 0.158358 0.145117
0.163032 0.165910 0.165000 0.152363 0.185706 0.167990
0.177747 0.153192 0.224097 0.139668 0.161623 0.143673
0.174014 0.249080 0.151121 0.140762 0.139945 0.145078
0.153366 0.179135 0.192433 0.122117 0.155730 0.197219
0.194536 0.135227 0.190474 0.155021 0.190878 0.133863
0.124532 0.257712 0.110892 0.138422 0.189544 0.178898
0.148589 0.166978 0.169180 0.160512 0.171032 0.183708
0.160291 0.167033 0.153551 0.178637 0.162752 0.177736
0.149907 0.174476 0.155897 0.171020 0.170654 0.178047
0.154221 0.184602 0.149590 0.153806 0.196787 0.160993
0.147070 0.150214 0.176225 0.187064 0.176844 0.162584
0.153142 0.219128 0.148363 0.172992 0.144357 0.162018
0.163282 0.155020 0.153207 0.156642 0.166894 0.204954
0.168577 0.189682 0.159708 0.199734 0.132537 0.149761
0.110654 0.217346 0.143749 0.217374 0.148059 0.162819
0.187511 0.149147 0.193704 0.146563 0.163276 0.159799
0.154744 0.184278 0.155650 0.164439 0.137106 0.203783
0.135347 0.187483 0.137277 0.159774 0.187802 0.192317
0.184943 0.196368 0.162827 0.146497 0.156388 0.152975
0.163689 0.131328 0.164348 0.210801 0.173288 0.156546
0.140805 0.169614 0.133281 0.169932 0.222320 0.164049
0.140118 0.149037 0.162132 0.165226 0.206557 0.176930
0.172715 0.198203 0.148394 0.191201 0.146522 0.142966
0.162884 0.098323 0.151781 0.201997 0.210357 0.174658
0.157224 0.228906 0.155047 0.141349 0.140289 0.177185
0.165645 0.139360 0.144241 0.175336 0.187666 0.187752
0.152670 0.172910 0.210590 0.135008 0.166202 0.162619
0.167330 0.174187 0.159878 0.161786 0.167565 0.169254
0.144906 0.144611 0.184590 0.160903 0.167558 0.197432
0.167923 0.167883 0.147081 0.171075 0.170937 0.175101
0.156236 0.168981 0.142916 0.181977 0.169347 0.180544
0.209993 0.156934 0.175312 0.157533 0.151643 0.148584
0.164409 0.163625 0.136937 0.216950 0.167283 0.150795
0.147887 0.174569 0.182506 0.172319 0.136235 0.186484
0.158947 0.164546 0.185024 0.158614 0.169972 0.162897
0.147369 0.149134 0.168704 0.208933 0.159137 0.166724
0.133165 0.238970 0.144112 0.171572 0.153473 0.158707
0.150974 0.202403 0.155301 0.130686 0.153801 0.206835
0.150401 0.196194 0.132333 0.177464 0.155943 0.187665
0.165650 0.189927 0.140765 0.160900 0.172521 0.170236
0.148680 0.182323 0.137990 0.182766 0.167160 0.181081
0.160885 0.208882 0.151073 0.178246 0.154429 0.146486
0.129464 0.178281 0.184705 0.192690 0.145402 0.169458
0.144851 0.142221 0.192447 0.199951 0.155797 0.164733
0.169938 0.186991 0.176908 0.172613 0.152356 0.141194
0.140151 0.146820 0.167091 0.181362 0.188573 0.176004
0.171765 0.199304 0.181509 0.135676 0.145226 0.166520
0.191350 0.173200 0.132781 0.154402 0.181147 0.167120
0.164982 0.130456 0.162649 0.173712 0.175062 0.193140
0.184592 0.153944 0.140633 0.159697 0.188267 0.172867
0.172485 0.176401 0.152995 0.179042 0.163687 0.155390
0.129204 0.192856 0.174736 0.146463 0.168094 0.188646
0.132180 0.200499 0.164627 0.170264 0.166891 0.165540
0.170273 0.154983 0.163335 0.172995 0.157923 0.180491
0.163064 0.174818 0.175058 0.149907 0.178648 0.158505
0.177144 0.182482 0.177264 0.137820 0.179514 0.145776
0.176301 0.206046 0.145110 0.142086 0.175011 0.155447
0.180887 0.187904 0.157093 0.151280 0.172330 0.150505
0.177761 0.151813 0.175226 0.169351 0.176874 0.148975
0.167078 0.204962 0.144400 0.158162 0.130201 0.195197
0.132391 0.198673 0.158747 0.195272 0.151990 0.162926
0.147712 0.170217 0.181949 0.200548 0.153076 0.146499
0.143272 0.185454 0.105965 0.205717 0.154063 0.205529
0.153262 0.137684 0.172319 0.178654 0.175539 0.182542
0.145520 0.196857 0.137493 0.166418 0.184985 0.168726
0.217410 0.147874 0.143530 0.157034 0.167209 0.166944
0.175756 0.143658 0.172661 0.140436 0.144061 0.223429
0.145364 0.218392 0.142475 0.183695 0.159241 0.150833
0.189600 0.184729 0.183353 0.157737 0.132274 0.152307
0.152287 0.140267 0.167846 0.170053 0.182844 0.186702
0.178815 0.191592 0.193449 0.124090 0.166358 0.145695
0.159181 0.192029 0.159191 0.165125 0.163191 0.161284
0.177904 0.182121 0.190110 0.140905 0.141746 0.167214
0.179030 0.196015 0.204030 0.131425 0.170257 0.119242
0.144295 0.162529 0.148180 0.202858 0.178848 0.163291
0.186604 0.138780 0.196964 0.160965 0.153332 0.163354
0.164308 0.164162 0.147360 0.177515 0.175242 0.171412
0.175367 0.183778 0.166785 0.164037 0.143274 0.166759
0.143234 0.148660 0.177111 0.168652 0.186118 0.176225
0.182439 0.188442 0.152858 0.165879 0.163223 0.147159
0.150698 0.218759 0.138876 0.166673 0.175765 0.149229
0.124132 0.173467 0.135129 0.219266 0.169678 0.178328
0.200266 0.128595 0.194450 0.147120 0.192930 0.136638
0.136615 0.199909 0.139047 0.170526 0.178315 0.175588
0.176392 0.142292 0.184729 0.180534 0.148452 0.167601
0.157526 0.168689 0.165853 0.170700 0.164783 0.172449
0.172361 0.144815 0.191199 0.171419 0.162215 0.157991
0.166627 0.214807 0.136009 0.149790 0.149850 0.182916
0.152727 0.152986 0.159653 0.179285 0.175201 0.180148
0.197330 0.156704 0.148495 0.173706 0.172847 0.150918
0.166060 0.106823 0.194007 0.184336 0.163819 0.184955
0.173262 0.122241 0.184149 0.167046 0.190321 0.162981
0.128525 0.131103 0.138484 0.190511 0.214316 0.197062
0.172874 0.104627 0.176792 0.185953 0.170546 0.189209
0.154164 0.192401 0.158825 0.168043 0.148992 0.177575
0.145011 0.179616 0.160434 0.164033 0.170034 0.180872
0.173083 0.187849 0.165769 0.169877 0.122036 0.181387
0.216240 0.135645 0.219239 0.150601 0.132553 0.145722
0.136533 0.221671 0.138646 0.154834 0.174647 0.173668
0.166759 0.173376 0.141393 0.186733 0.162806 0.168934
0.169527 0.154176 0.163431 0.155536 0.150681 0.206649
0.127634 0.213336 0.139854 0.159904 0.188277 0.170995
0.165964 0.190669 0.176092 0.146832 0.176299 0.144144
0.128836 0.218369 0.148590 0.154140 0.164996 0.185069
0.167484 0.156715 0.187306 0.169107 0.159002 0.160386
0.160092 0.168373 0.142819 0.188197 0.176093 0.164425
0.147601 0.149863 0.144869 0.219464 0.163319 0.174884
0.143860 0.146647 0.139487 0.175130 0.218967 0.175909
0.133018 0.155416 0.143700 0.162669 0.229877 0.175320
0.203389 0.127456 0.176694 0.168820 0.158608 0.165033
0.161206 0.143083 0.160710 0.143065 0.204602 0.187335
0.162345 0.150726 0.171504 0.172555 0.166414 0.176456
0.164634 0.155400 0.216310 0.142922 0.148829 0.171905
0.162184 0.161678 0.178866 0.138316 0.156408 0.202548
0.162704 0.158663 0.167468 0.171139 0.153996 0.186030
0.183619 0.202840 0.166978 0.166703 0.152005 0.127855
0.183565 0.123117 0.200953 0.159057 0.165012 0.168295
0.152026 0.182709 0.166794 0.175456 0.137624 0.185391
0.160198 0.163539 0.169502 0.170407 0.180223 0.156130
0.160931 0.180152 0.171146 0.171962 0.152962 0.162847
0.170911 0.162437 0.183192 0.170934 0.156093 0.156433
0.156743 0.161770 0.186213 0.171453 0.163894 0.159926
0.204971 0.193653 0.148873 0.133556 0.140731 0.178216
0.193551 0.150260 0.174731 0.152034 0.146329 0.183095
0.147786 0.160234 0.163738 0.189707 0.163543 0.174992
0.133609 0.241188 0.167362 0.141925 0.142562 0.173354
0.166534 0.187830 0.154305 0.174193 0.151667 0.165471
0.152250 0.178851 0.181081 0.158283 0.149803 0.179732
0.164557 0.197921 0.140339 0.166612 0.168136 0.162435
0.185721 0.209660 0.141613 0.149309 0.161573 0.152124
0.151679 0.158733 0.149794 0.183053 0.182494 0.174248
0.178840 0.187653 0.130261 0.162765 0.184351 0.156128
0.204202 0.140443 0.154036 0.149230 0.158345 0.193743
0.170597 0.182784 0.141710 0.168982 0.172385 0.163542
0.167114 0.194335 0.143268 0.182832 0.172082 0.140368
0.195114 0.136159 0.197515 0.150323 0.142555 0.178334
0.134790 0.165509 0.156940 0.206191 0.159730 0.176839
0.179244 0.188167 0.183485 0.140924 0.153628 0.154553
0.137723 0.164598 0.210778 0.157400 0.184830 0.144671
0.125987 0.199746 0.174100 0.170592 0.151862 0.177713
0.136984 0.242866 0.152217 0.146826 0.164534 0.156574
0.128744 0.205658 0.177606 0.148258 0.141142 0.198592
0.172474 0.148688 0.182673 0.166424 0.161182 0.168560
0.163301 0.216331 0.142347 0.162118 0.160193 0.155710
0.163219 0.255405 0.127090 0.146868 0.167621 0.139797
0.160392 0.169048 0.153261 0.191093 0.147146 0.179061
0.171318 0.282875 0.123776 0.141755 0.136998 0.143278
0.253901 0.123557 0.160859 0.145621 0.160135 0.155927
0.157214 0.216557 0.150854 0.162158 0.150483 0.162734
0.145941 0.143582 0.161031 0.179809 0.166031 0.203606
0.130379 0.154130 0.170713 0.171874 0.172654 0.200249
0.157619 0.168880 0.165107 0.162072 0.210948 0.135375
0.151330 0.163370 0.148513 0.147860 0.197507 0.191421
0.158263 0.161959 0.168341 0.169917 0.168854 0.172667
0.155323 0.152605 0.185379 0.176792 0.169431 0.160470
0.157173 0.207666 0.160013 0.145044 0.153443 0.176661
0.144542 0.200593 0.172482 0.153880 0.161910 0.166594
0.187022 0.143690 0.138515 0.205655 0.170650 0.154468
0.139323 0.175050 0.159953 0.143886 0.159889 0.221898
0.148475 0.200191 0.158740 0.148139 0.176502 0.167952
0.149235 0.188876 0.145882 0.205480 0.159798 0.150729
0.154547 0.185813 0.148941 0.148514 0.170287 0.191898
0.165862 0.170037 0.146387 0.172648 0.166431 0.178636
0.162807 0.194162 0.155822 0.207369 0.134144 0.145696
0.174121 0.117741 0.192809 0.122759 0.218657 0.173914
0.132585 0.171233 0.163524 0.176843 0.152615 0.203200
0.195572 0.157256 0.198106 0.158075 0.151406 0.139585
0.159228 0.199202 0.177055 0.135790 0.167728 0.160996
0.160865 0.152906 0.175989 0.163337 0.136183 0.210721
0.204669 0.164932 0.153619 0.172133 0.163094 0.141553
0.159632 0.148399 0.172595 0.137217 0.188870 0.193287
0.140357 0.149912 0.165118 0.207724 0.154705 0.182184
0.178446 0.190423 0.133132 0.158163 0.177244 0.162592
0.196468 0.118936 0.170963 0.176386 0.151268 0.185979
0.130780 0.239441 0.151313 0.174550 0.134013 0.169903
0.154403 0.134998 0.137545 0.255520 0.146979 0.170556
0.136526 0.262938 0.146965 0.121243 0.153691 0.178637
0.154705 0.161493 0.152146 0.179200 0.152655 0.199801
0.147408 0.225551 0.151965 0.167394 0.150568 0.157114
0.149854 0.175975 0.190338 0.124129 0.165885 0.193818
0.179187 0.169217 0.164718 0.173408 0.122007 0.191463
0.182603 0.174348 0.156577 0.173022 0.156932 0.156518
0.197814 0.160190 0.170207 0.131606 0.174284 0.165900
0.170380 0.158766 0.204579 0.150303 0.145734 0.170239
0.185526 0.160982 0.164180 0.174290 0.169273 0.145748
0.135263 0.208160 0.136238 0.166373 0.183856 0.170109
0.182234 0.149825 0.198657 0.158131 0.148872 0.162280
0.146703 0.191444 0.152989 0.191908 0.180123 0.136833
0.127144 0.178065 0.143276 0.151422 0.161769 0.238326
0.147542 0.222036 0.161772 0.162247 0.134434 0.171969
0.168917 0.168092 0.141521 0.181799 0.160504 0.179167
0.207808 0.208638 0.160186 0.130840 0.133410 0.159118
0.156226 0.206717 0.197803 0.147588 0.137568 0.154098
0.161295 0.209520 0.147047 0.145204 0.147483 0.189450
0.196181 0.202838 0.129683 0.178837 0.143054 0.149406
0.227649 0.173053 0.158016 0.147740 0.139402 0.154140
0.204900 0.175277 0.153454 0.159770 0.152910 0.153689
0.205185 0.180461 0.166597 0.157613 0.141681 0.148464
0.137568 0.191969 0.165563 0.176733 0.161711 0.166455
0.157481 0.231493 0.147711 0.166357 0.156892 0.140066
0.133468 0.231211 0.120768 0.201506 0.170159 0.142888
0.150749 0.185361 0.156639 0.152402 0.158979 0.195869
0.158562 0.167907 0.183272 0.151632 0.169700 0.168927
0.162600 0.192169 0.147071 0.163182 0.168696 0.166282
0.143098 0.195940 0.198719 0.142410 0.174021 0.145812
0.201138 0.133225 0.225749 0.147052 0.138848 0.153987
0.147992 0.197704 0.163309 0.178889 0.159349 0.152758
0.164297 0.216735 0.164856 0.164841 0.141660 0.147612
0.184916 0.161760 0.171566 0.167988 0.153762 0.160008
0.158843 0.206009 0.204602 0.143483 0.145454 0.141608
0.177160 0.185778 0.185410 0.149717 0.164941 0.136994
0.148312 0.224863 0.148813 0.153732 0.139598 0.184682
0.152864 0.175208 0.156516 0.194285 0.165569 0.155557
0.160878 0.206359 0.151041 0.167227 0.162773 0.151724
0.159297 0.174204 0.162640 0.139526 0.159773 0.204560
0.188346 0.150619 0.171680 0.171931 0.159075 0.158349
0.150945 0.178649 0.137155 0.166947 0.150384 0.215920
0.149125 0.170295 0.137500 0.191327 0.183128 0.168625
0.149174 0.188256 0.164635 0.169042 0.167110 0.161784
0.190173 0.135612 0.187046 0.153242 0.175192 0.158734
0.152909 0.178585 0.165669 0.144734 0.188253 0.169850
0.190870 0.129370 0.196036 0.151146 0.172329 0.160249
0.120061 0.248577 0.148918 0.166546 0.157219 0.158680
0.148993 0.184303 0.157481 0.138141 0.192668 0.178415
0.197681 0.140732 0.197361 0.149350 0.153579 0.161297
0.168352 0.163686 0.175285 0.153804 0.178255 0.160618
0.147328 0.212431 0.150423 0.135486 0.160105 0.194227
0.174764 0.149001 0.187255 0.173002 0.138031 0.177947
0.190156 0.134176 0.184853 0.164656 0.174992 0.151167
0.162438 0.218190 0.155841 0.143714 0.166502 0.153316
0.157417 0.121016 0.181928 0.151646 0.225194 0.162799
0.166877 0.176092 0.165978 0.155419 0.183896 0.151739
0.165249 0.152853 0.168302 0.204734 0.155409 0.153453
0.161106 0.139821 0.164264 0.228121 0.163278 0.143410
0.179926 0.170135 0.149361 0.169041 0.139993 0.191544
0.195956 0.171417 0.141184 0.177464 0.153411 0.160568
0.230890 0.176066 0.184812 0.130884 0.143115 0.134232
0.155435 0.201307 0.138501 0.178043 0.159269 0.167445
0.187569 0.176995 0.173544 0.168545 0.153278 0.140070
0.144111 0.150190 0.165822 0.152576 0.192239 0.195062
0.126091 0.168668 0.164689 0.203441 0.168793 0.168317
0.157079 0.200634 0.135001 0.168533 0.163864 0.174888
0.156854 0.182703 0.188640 0.150982 0.159800 0.161022
0.147881 0.157563 0.155846 0.168586 0.174310 0.195814
0.149432 0.215198 0.131310 0.172715 0.154661 0.176685
0.172062 0.124998 0.168187 0.182790 0.166205 0.185758
0.160286 0.144792 0.211204 0.166933 0.144852 0.171932
0.165055 0.186614 0.142403 0.174827 0.177060 0.154042
0.185919 0.163975 0.179028 0.148295 0.169584 0.153199
0.151765 0.169972 0.155806 0.166816 0.184068 0.171573
0.201847 0.167854 0.162285 0.159003 0.151679 0.157332
0.153988 0.173597 0.160176 0.161490 0.186490 0.164258
0.142061 0.130091 0.154983 0.192858 0.186839 0.193169
0.201324 0.161807 0.167852 0.166463 0.136384 0.166170
0.175058 0.137385 0.181783 0.186687 0.153946 0.165141
0.173656 0.136758 0.188290 0.171228 0.150913 0.179155
0.185433 0.146401 0.145927 0.178895 0.164637 0.178706
0.173119 0.147479 0.179854 0.177309 0.166499 0.155741
0.138125 0.158128 0.162726 0.170078 0.201098 0.169845
0.151725 0.245740 0.123804 0.154788 0.157941 0.166002
0.203053 0.147451 0.205046 0.140902 0.165133 0.138415
0.152547 0.186267 0.161047 0.157007 0.155263 0.187868
0.143218 0.224289 0.118614 0.179775 0.178713 0.155392
0.134180 0.253959 0.170407 0.151317 0.140439 0.149699
0.160416 0.201874 0.157183 0.147410 0.160506 0.172610
0.142920 0.269256 0.101559 0.164420 0.148885 0.172960
0.181778 0.219187 0.154723 0.145588 0.139731 0.158993
0.137864 0.201145 0.143473 0.160663 0.191478 0.165376
0.179713 0.175488 0.161593 0.162724 0.157454 0.163028
0.148228 0.212581 0.142668 0.173978 0.159650 0.162895
0.136686 0.148428 0.144386 0.191375 0.186482 0.192644
0.148479 0.230289 0.130489 0.149731 0.154740 0.186272
0.187327 0.135262 0.115879 0.214124 0.185285 0.162123
0.160773 0.172813 0.215423 0.143509 0.144662 0.162819
0.178637 0.129477 0.138544 0.188782 0.176465 0.188096
0.152044 0.179212 0.196289 0.174178 0.136185 0.162091
0.160051 0.132204 0.217815 0.168435 0.164652 0.156844
0.149923 0.149992 0.144181 0.180842 0.215297 0.159766
0.146040 0.139179 0.172447 0.145036 0.213399 0.183899
0.157595 0.180789 0.163783 0.148946 0.180112 0.168774
0.172761 0.163601 0.210492 0.152222 0.147705 0.153219
0.171745 0.147887 0.192094 0.155590 0.159696 0.172989
0.178927 0.180214 0.186517 0.152183 0.138170 0.163990
0.147931 0.214222 0.130991 0.168336 0.164897 0.173623
0.170726 0.164950 0.181722 0.153308 0.156570 0.172725
0.151401 0.195473 0.151717 0.152320 0.196521 0.152568
0.133426 0.162943 0.136257 0.175925 0.198127 0.193322
0.153002 0.135700 0.169685 0.171381 0.181034 0.189197
0.142759 0.154771 0.154954 0.186072 0.184056 0.177387
0.173893 0.175684 0.167915 0.157980 0.157655 0.166873
0.171500 0.146728 0.147548 0.187725 0.177663 0.168837
0.148883 0.176041 0.157930 0.171035 0.177379 0.168732
0.181779 0.163285 0.147381 0.167330 0.176639 0.163586
0.158125 0.139571 0.145028 0.178480 0.206185 0.172611
0.202339 0.146537 0.192550 0.154493 0.164384 0.139697
0.148537 0.172621 0.170098 0.196505 0.144776 0.167462
0.169780 0.198494 0.181929 0.136110 0.157861 0.155825
0.169006 0.161455 0.175073 0.210712 0.132423 0.151331
0.124449 0.251863 0.122803 0.169338 0.166616 0.164931
0.158768 0.158550 0.148768 0.176569 0.179355 0.177990
0.150086 0.154046 0.145179 0.214400 0.169998 0.166292
0.137738 0.130998 0.137212 0.181543 0.230152 0.182357
0.173871 0.211819 0.146059 0.147616 0.165443 0.155193
0.150942 0.197324 0.147641 0.172219 0.171542 0.160333
0.148788 0.124026 0.240455 0.148716 0.133940 0.204075
0.161836 0.180366 0.173750 0.151336 0.170496 0.162216
0.165829 0.132794 0.181396 0.218276 0.128117 0.173587
0.160539 0.121217 0.165182 0.180924 0.218697 0.153441
0.159127 0.201731 0.156961 0.157526 0.153535 0.171121
0.172572 0.148451 0.188041 0.159907 0.160327 0.170702
0.167270 0.125646 0.171087 0.160888 0.189304 0.185804
0.163762 0.197498 0.164917 0.170157 0.152296 0.151371
0.146731 0.202930 0.138788 0.185945 0.168781 0.156824
0.129429 0.203872 0.132569 0.206843 0.152004 0.175283
0.162211 0.218303 0.152535 0.148699 0.173084 0.145169
0.156230 0.187634 0.156204 0.160371 0.132969 0.206592
0.137302 0.163973 0.130084 0.211826 0.151160 0.205655
0.149314 0.149409 0.150998 0.182857 0.176593 0.190829
0.155956 0.184018 0.152904 0.146373 0.181764 0.178986
0.187297 0.136247 0.169550 0.172956 0.163212 0.170737
0.172455 0.198148 0.176603 0.140947 0.169003 0.142844
0.149916 0.167735 0.148715 0.171361 0.188874 0.173399
0.173342 0.152475 0.191707 0.188547 0.149942 0.143987
0.169023 0.161529 0.174993 0.180724 0.156078 0.157653
0.145754 0.242178 0.160422 0.150898 0.131969 0.168780
0.178430 0.142276 0.168985 0.177911 0.152918 0.179479
0.169541 0.139800 0.142288 0.204697 0.163217 0.180457
0.150502 0.162343 0.151141 0.174781 0.199990 0.161243
0.123892 0.168030 0.134196 0.185467 0.193507 0.194908
0.180163 0.152125 0.176649 0.161160 0.169389 0.160515
0.180040 0.149926 0.197662 0.129124 0.141166 0.202082
0.150327 0.218732 0.163527 0.167793 0.143943 0.155677
0.165703 0.156804 0.163144 0.195174 0.167722 0.151452
0.161686 0.189449 0.139294 0.184647 0.146370 0.178555
0.185111 0.177330 0.178556 0.148890 0.148968 0.161145
0.142065 0.218322 0.144120 0.158643 0.168201 0.168649
0.168551 0.195343 0.165145 0.154669 0.157650 0.158641
0.136722 0.204596 0.165471 0.154539 0.149774 0.188898
0.188809 0.144072 0.171221 0.159458 0.187720 0.148720
0.153450 0.219039 0.158676 0.145128 0.172015 0.151691
0.135161 0.187914 0.187410 0.151546 0.164629 0.173339
0.148812 0.224816 0.123944 0.167967 0.147365 0.187096
0.184510 0.116547 0.145224 0.213985 0.148523 0.191211
0.173552 0.201782 0.157963 0.158049 0.139962 0.168692
0.167726 0.158983 0.126750 0.216478 0.156955 0.173109
0.167714 0.160546 0.184839 0.165836 0.154825 0.166240
0.130116 0.188358 0.143474 0.158587 0.166542 0.212923
0.179821 0.150384 0.157099 0.156137 0.208466 0.148093
0.143304 0.198001 0.148104 0.171693 0.180419 0.158479
0.152468 0.161046 0.141211 0.185949 0.199855 0.159471
0.172210 0.198889 0.179026 0.157814 0.140132 0.151928
0.158567 0.172789 0.153748 0.173127 0.161411 0.180358
0.174330 0.174491 0.187211 0.130847 0.166579 0.166542
0.148344 0.229528 0.142745 0.161577 0.150610 0.167196
0.161980 0.166312 0.169203 0.174842 0.168684 0.158979
0.130326 0.248107 0.151605 0.161864 0.164365 0.143732
0.160342 0.166375 0.138219 0.159508 0.204652 0.170904
0.128837 0.207820 0.139329 0.161737 0.186575 0.175703
0.141580 0.161902 0.144940 0.173204 0.194784 0.183590
0.130100 0.230970 0.137798 0.163268 0.159391 0.178473
0.157044 0.141095 0.130538 0.197360 0.186797 0.187167
0.184557 0.145217 0.161553 0.173313 0.165836 0.169524
0.188006 0.166635 0.157726 0.161859 0.166140 0.159633
0.153974 0.169989 0.154572 0.147677 0.185932 0.187857
0.136004 0.149979 0.179005 0.159569 0.192927 0.182516
0.186589 0.182592 0.190429 0.143766 0.138377 0.158247
0.161747 0.180592 0.146336 0.195686 0.155760 0.159879
0.185257 0.147505 0.157095 0.169096 0.187249 0.153799
0.185936 0.096396 0.207549 0.193239 0.139647 0.177232
0.178098 0.159863 0.161038 0.162037 0.172807 0.166158
0.166934 0.172450 0.173876 0.154912 0.168975 0.162853
0.156140 0.203837 0.160991 0.174234 0.148776 0.156021
0.177768 0.164857 0.159077 0.140503 0.181280 0.176516
0.144205 0.174036 0.144731 0.205943 0.181938 0.149147
0.156726 0.217680 0.161502 0.162603 0.163076 0.138412
0.135904 0.206730 0.136232 0.165327 0.166961 0.188846
0.163567 0.174081 0.163722 0.163249 0.169053 0.166327
0.153011 0.170874 0.162795 0.199615 0.156636 0.157069
0.124060 0.170919 0.140814 0.213636 0.141338 0.209232
0.146825 0.138663 0.146083 0.188495 0.222772 0.157163
0.121137 0.270049 0.164240 0.143549 0.138084 0.162941
0.124877 0.150910 0.191783 0.163046 0.173236 0.196149
0.221116 0.182291 0.156682 0.132258 0.156879 0.150773
0.138228 0.153612 0.194582 0.187625 0.159765 0.166187
0.151018 0.201040 0.154234 0.147168 0.134323 0.212217
0.156243 0.182135 0.136268 0.193526 0.183107 0.148721
0.216931 0.118377 0.191158 0.161245 0.157558 0.154731
0.134911 0.202469 0.138569 0.165830 0.162568 0.195653
0.170606 0.152972 0.156727 0.180910 0.175597 0.163187
0.165115 0.200150 0.173264 0.165325 0.146060 0.150086
0.121397 0.198733 0.153682 0.168874 0.165289 0.192024
0.178651 0.259951 0.139448 0.150239 0.130734 0.140976
0.135436 0.246526 0.163810 0.137026 0.157266 0.159936
0.166900 0.146521 0.156502 0.167196 0.157240 0.205643
0.165013 0.211416 0.161761 0.164372 0.144401 0.153037
0.133042 0.211429 0.154596 0.157009 0.161544 0.182380
0.140896 0.176244 0.157211 0.173145 0.171217 0.181288
0.188091 0.192092 0.175736 0.158066 0.145292 0.140722
0.154693 0.175164 0.140238 0.174542 0.204896 0.150467
0.150080 0.139918 0.161239 0.161131 0.208436 0.179197
0.172810 0.228613 0.157933 0.141598 0.148632 0.150414
0.158756 0.143527 0.186823 0.156356 0.179346 0.175192
0.169714 0.167970 0.163708 0.173151 0.140226 0.185231
0.182587 0.157964 0.162004 0.216004 0.141992 0.139449
0.140366 0.154826 0.135553 0.183846 0.168217 0.217192
0.159399 0.163162 0.159700 0.175052 0.168101 0.174586
0.192340 0.159542 0.175673 0.152553 0.161769 0.158124
0.199350 0.130126 0.196264 0.139005 0.172137 0.163118
0.181325 0.155140 0.176745 0.136688 0.199615 0.150487
0.156747 0.166208 0.169644 0.157905 0.161133 0.188363
0.190188 0.137618 0.194048 0.124583 0.171870 0.181692
0.173120 0.199117 0.174445 0.166756 0.143414 0.143148
0.179786 0.138992 0.161650 0.158669 0.144211 0.216692
0.169000 0.196685 0.140956 0.161742 0.154959 0.176660
0.185691 0.158880 0.184887 0.179576 0.160888 0.130077
0.132464 0.198414 0.136403 0.173499 0.185809 0.173411
0.189542 0.126872 0.161839 0.155090 0.197335 0.169322
0.130690 0.247501 0.120237 0.167533 0.163936 0.170104
0.138388 0.238044 0.137429 0.162211 0.149680 0.174248
0.162261 0.167294 0.140905 0.161914 0.195457 0.172169
0.143496 0.215918 0.129855 0.168122 0.150963 0.191645
0.211481 0.178232 0.187239 0.142769 0.147174 0.133106
0.160116 0.201384 0.148430 0.148337 0.160714 0.181020
0.180317 0.199835 0.175892 0.146129 0.140055 0.157771
0.166196 0.233426 0.173278 0.131156 0.140466 0.155479
0.188065 0.189437 0.148476 0.153280 0.141945 0.178798
0.145239 0.227899 0.192368 0.156860 0.142983 0.134651
0.172373 0.148874 0.182265 0.138988 0.156449 0.201050
0.200045 0.119148 0.175695 0.155758 0.170066 0.179287
0.189972 0.187757 0.171723 0.138412 0.154477 0.157660
0.155505 0.208616 0.150076 0.145794 0.166253 0.173756
0.167470 0.187848 0.174009 0.139319 0.158155 0.173198
0.176448 0.156202 0.161460 0.173767 0.168998 0.163124
0.157984 0.170096 0.154245 0.162612 0.184470 0.170593
0.156550 0.178270 0.136618 0.200241 0.160739 0.167582
0.156157 0.238380 0.129103 0.152213 0.155386 0.168761
0.126271 0.226682 0.132986 0.149219 0.183628 0.181215
0.164096 0.125547 0.148843 0.137733 0.212475 0.211306
0.146787 0.182121 0.130884 0.199000 0.174190 0.167019
0.166783 0.190955 0.124732 0.167806 0.174305 0.175420
0.179442 0.136188 0.146687 0.169621 0.168474 0.199588
0.154189 0.207046 0.124392 0.177587 0.157778 0.179008
0.178731 0.126625 0.156479 0.165006 0.203484 0.169674
0.121982 0.183892 0.143120 0.185457 0.185207 0.180342
0.179765 0.155311 0.237166 0.141016 0.146244 0.140498
0.164729 0.123156 0.196329 0.154363 0.180496 0.180927
0.184517 0.147321 0.240519 0.114186 0.154138 0.159319
0.157885 0.181872 0.161737 0.170125 0.152834 0.175547
0.168626 0.162986 0.178026 0.169215 0.162163 0.158983
0.177711 0.144532 0.177820 0.200303 0.150736 0.148898
0.141291 0.180078 0.127024 0.171516 0.188187 0.191903
0.205365 0.165409 0.180073 0.134474 0.164034 0.150645
0.130026 0.192739 0.150860 0.140089 0.184030 0.202257
0.180715 0.140682 0.194129 0.188543 0.159387 0.136544
0.149597 0.137952 0.120273 0.196404 0.195146 0.200628
0.173960 0.133501 0.178042 0.150338 0.215087 0.149073
0.111013 0.242829 0.116002 0.180813 0.168342 0.181000
0.183358 0.197153 0.124132 0.156196 0.148286 0.190875
0.143396 0.187045 0.141434 0.211386 0.159000 0.157739
0.156594 0.167331 0.147335 0.171271 0.178429 0.179040
0.168499 0.209203 0.159784 0.152122 0.154711 0.155682
0.150671 0.250331 0.152437 0.139405 0.150388 0.156768
0.148654 0.200129 0.174314 0.158512 0.161809 0.156582
0.176791 0.206242 0.166558 0.149341 0.147717 0.153352
0.169772 0.161565 0.146455 0.197384 0.173213 0.151610
0.179601 0.180465 0.165701 0.161922 0.157975 0.154336
0.138713 0.257989 0.158256 0.117735 0.146470 0.180837
0.151706 0.169236 0.135790 0.172308 0.174458 0.196502
0.145121 0.181872 0.137129 0.150994 0.199157 0.185726
0.175964 0.146639 0.161260 0.175873 0.178085 0.162179
0.153389 0.224126 0.153559 0.148114 0.161779 0.159033
0.147063 0.172299 0.166762 0.164799 0.183708 0.165369
0.144661 0.195847 0.191468 0.151599 0.165501 0.150924
0.195666 0.147313 0.174086 0.154435 0.175342 0.153157
0.149378 0.281261 0.145326 0.141637 0.148104 0.134294
0.185770 0.180939 0.167262 0.147624 0.151119 0.167286
0.167226 0.210787 0.134617 0.163127 0.150846 0.173397
0.162144 0.130879 0.166311 0.153733 0.194284 0.192650
0.151545 0.205044 0.168185 0.181692 0.145285 0.148250
0.163898 0.216148 0.133521 0.170998 0.152111 0.163324
0.165043 0.211603 0.167160 0.146990 0.155802 0.153402
0.153751 0.187660 0.159339 0.197745 0.150745 0.150761
0.152090 0.199634 0.140355 0.184300 0.153281 0.170340
0.176061 0.178097 0.164387 0.155942 0.173405 0.152108
0.133221 0.165524 0.162382 0.178874 0.175975 0.184023
0.135175 0.238890 0.143616 0.149412 0.156392 0.176516
0.160652 0.152798 0.149345 0.161882 0.187366 0.187957
0.148471 0.142914 0.221233 0.176294 0.159710 0.151377
0.185395 0.205146 0.173706 0.146585 0.136732 0.152435
0.163977 0.134871 0.154466 0.158477 0.195469 0.192741
0.153841 0.146260 0.195463 0.171599 0.172131 0.160707
0.147327 0.130768 0.148495 0.232076 0.158801 0.182533
0.166817 0.144237 0.149155 0.170547 0.177435 0.191809
0.134078 0.128995 0.172536 0.253039 0.141421 0.169931
0.190419 0.183651 0.131652 0.165734 0.153288 0.175256
0.173011 0.173019 0.145340 0.167371 0.164100 0.177158
0.199426 0.136266 0.155548 0.183837 0.171699 0.153224
0.161919 0.187919 0.173466 0.176729 0.134243 0.165723
0.170138 0.134870 0.166650 0.157802 0.185998 0.184541
0.157924 0.139662 0.172624 0.194251 0.164748 0.170790
0.139048 0.153892 0.240555 0.147012 0.117945 0.201548
0.166023 0.169526 0.176478 0.155338 0.162718 0.169917
0.157273 0.181404 0.166324 0.177055 0.152910 0.165034
0.146969 0.167249 0.159779 0.169781 0.159362 0.196860
0.146328 0.217499 0.150303 0.158308 0.172766 0.154796
0.144633 0.133668 0.143249 0.192123 0.227706 0.158622
0.124808 0.318138 0.102603 0.128233 0.177732 0.148486
0.152970 0.108685 0.161541 0.190677 0.203940 0.182187
0.154846 0.233634 0.154373 0.155474 0.133391 0.168281
0.150123 0.187840 0.143880 0.149749 0.188465 0.179943
0.159493 0.158447 0.155876 0.185321 0.174072 0.166791
0.162668 0.178935 0.157625 0.151683 0.157019 0.192070
0.179585 0.193906 0.119047 0.155442 0.171734 0.180286
0.183164 0.172374 0.174330 0.176209 0.143871 0.150052
0.179796 0.115436 0.169501 0.177420 0.167836 0.190011
0.127447 0.223410 0.143076 0.194553 0.151691 0.159824
0.173737 0.165610 0.198975 0.161398 0.160457 0.139824
0.158871 0.140539 0.168321 0.188104 0.159375 0.184790
0.144764 0.210274 0.194175 0.122152 0.188040 0.140595
0.151934 0.179091 0.148704 0.152578 0.222826 0.144867
0.154348 0.207304 0.159614 0.133304 0.148785 0.196645
0.159743 0.206583 0.166018 0.142960 0.142321 0.182376
0.131661 0.236479 0.134551 0.154854 0.168272 0.174182
0.151271 0.266529 0.143701 0.150571 0.135582 0.152346
0.203766 0.198801 0.158318 0.152434 0.144005 0.142675
0.128332 0.182857 0.141260 0.219181 0.174134 0.154236
0.150267 0.181866 0.146597 0.197383 0.158836 0.165050
0.164530 0.161631 0.159282 0.177191 0.145794 0.191571
0.185363 0.143478 0.161752 0.149321 0.190379 0.169707
0.157725 0.185469 0.153866 0.156210 0.180673 0.166057
0.205257 0.152785 0.199775 0.142955 0.134835 0.164393
0.170252 0.141268 0.175499 0.156432 0.170210 0.186339
0.169128 0.139973 0.186249 0.181514 0.173611 0.149525
0.145719 0.201407 0.161842 0.163531 0.167008 0.160493
0.189014 0.174673 0.171422 0.151835 0.160759 0.152297
0.198407 0.141825 0.192413 0.168893 0.148613 0.149849
0.145280 0.185946 0.180011 0.168566 0.146844 0.173353
0.181862 0.189720 0.165980 0.147251 0.157271 0.157916
0.183953 0.128670 0.205340 0.154060 0.156083 0.171893
0.179728 0.218686 0.162388 0.138301 0.168799 0.132097
0.153207 0.192526 0.169645 0.153448 0.160973 0.170202
0.175891 0.194995 0.181862 0.167071 0.134060 0.146121
0.155844 0.183978 0.128547 0.184791 0.205287 0.141553
0.128490 0.225204 0.164296 0.168950 0.136549 0.176513
0.179780 0.204485 0.185036 0.156061 0.146906 0.127732
0.139756 0.131576 0.174694 0.198716 0.158765 0.196493
0.150776 0.199948 0.150702 0.193075 0.130672 0.174828
0.164822 0.189422 0.142458 0.182869 0.169265 0.151164
0.153305 0.200741 0.195742 0.167423 0.146471 0.136317
0.140889 0.194773 0.145278 0.139297 0.186949 0.192815
0.164427 0.151479 0.166086 0.164774 0.180249 0.172986
0.180180 0.142956 0.158176 0.176454 0.178506 0.163729
0.180864 0.135574 0.167728 0.185774 0.161076 0.168985
0.156485 0.184604 0.187268 0.164013 0.162240 0.145390
0.167862 0.152843 0.158383 0.180288 0.147312 0.193313
0.180042 0.172662 0.181635 0.163825 0.122086 0.179750
0.158119 0.188998 0.163046 0.145764 0.168781 0.175292
0.210931 0.208842 0.161782 0.131169 0.142935 0.144341
0.166359 0.213285 0.143736 0.155157 0.158202 0.163261
0.204431 0.148425 0.192204 0.145130 0.158777 0.151034
0.165094 0.194026 0.145246 0.200868 0.142506 0.152260
0.127717 0.261741 0.138415 0.171882 0.144834 0.155411
0.131202 0.248819 0.145243 0.145206 0.165746 0.163784
0.162364 0.211790 0.162591 0.147044 0.149338 0.166873
0.179790 0.142033 0.172127 0.199987 0.151945 0.154119
0.121470 0.207485 0.128862 0.156927 0.173219 0.212037
0.196013 0.155600 0.198803 0.160080 0.149243 0.140261
0.142862 0.232421 0.125360 0.147101 0.153400 0.198857
0.197268 0.125868 0.169402 0.160988 0.167279 0.179194
0.140570 0.222077 0.122758 0.162764 0.194291 0.157539
0.163861 0.141258 0.164159 0.205104 0.169005 0.156613
0.148580 0.139405 0.150820 0.192376 0.214069 0.154749
0.143518 0.182698 0.195277 0.164580 0.160524 0.153403
0.156095 0.189749 0.147966 0.160737 0.169129 0.176325
0.143740 0.154056 0.113154 0.187397 0.202769 0.198883
0.166320 0.158033 0.159140 0.167425 0.169108 0.179974
0.141203 0.174087 0.123802 0.177140 0.184997 0.198772
0.147969 0.121428 0.148264 0.169027 0.184535 0.228776
0.169870 0.166236 0.158435 0.165985 0.165108 0.174366
0.157232 0.163135 0.199762 0.143954 0.169146 0.166770
0.170179 0.146485 0.181558 0.158490 0.158365 0.184923
0.156311 0.136937 0.198038 0.174343 0.160358 0.174013
0.149955 0.172091 0.188676 0.159903 0.172606 0.156769
0.173284 0.184888 0.166399 0.171949 0.148306 0.155174
0.137747 0.174448 0.128856 0.158540 0.179779 0.220630
0.164127 0.152164 0.173874 0.171766 0.179889 0.158180
0.169560 0.209818 0.150447 0.142526 0.145002 0.182648
0.152252 0.145751 0.136651 0.210600 0.142319 0.212427
0.151766 0.188266 0.153957 0.171052 0.173670 0.161290
0.168222 0.141712 0.165523 0.180239 0.183781 0.160523
0.163250 0.156449 0.143799 0.163083 0.161704 0.211714
0.155426 0.201610 0.128451 0.190274 0.172511 0.151728
0.152352 0.141453 0.202098 0.151986 0.152029 0.200081
0.159312 0.160545 0.136095 0.174946 0.162044 0.207058
0.174601 0.146949 0.152111 0.160593 0.206848 0.158898
0.168019 0.179455 0.140129 0.135093 0.219122 0.158182
0.158130 0.147635 0.130080 0.194353 0.178542 0.191260
0.148008 0.202300 0.143562 0.153016 0.163526 0.189588
0.186671 0.155481 0.182220 0.165591 0.156891 0.153147
0.169200 0.199637 0.161753 0.159173 0.148684 0.161553
0.164095 0.249159 0.119406 0.158411 0.150922 0.158006
0.146747 0.174242 0.171798 0.161214 0.169375 0.176623
0.178891 0.125520 0.224434 0.136594 0.140189 0.194372
0.155659 0.170856 0.156637 0.171732 0.174779 0.170336
0.179180 0.169976 0.159994 0.203239 0.135561 0.152051
0.165136 0.176338 0.144822 0.180627 0.146792 0.186285
0.139718 0.214557 0.142263 0.173717 0.154114 0.175630
0.168966 0.185244 0.138113 0.155835 0.178362 0.173481
0.141842 0.190866 0.161751 0.168328 0.176918 0.160296
0.142319 0.211557 0.152861 0.169275 0.166194 0.157794
0.145021 0.214812 0.151162 0.157076 0.161457 0.170472
0.158594 0.160309 0.182288 0.168369 0.165028 0.165411
0.176109 0.187273 0.155810 0.142299 0.129202 0.209307
0.172741 0.213425 0.143453 0.155871 0.161512 0.152998
0.143409 0.216276 0.126073 0.180321 0.177327 0.156594
0.170580 0.156172 0.171780 0.160085 0.163762 0.177621
0.170909 0.170108 0.155344 0.159951 0.180526 0.163162
0.125201 0.197389 0.126498 0.193908 0.197724 0.159279
0.182908 0.170243 0.191411 0.137176 0.171427 0.146836
0.147640 0.184804 0.199100 0.146607 0.164026 0.157824
0.142322 0.228033 0.146494 0.169254 0.127899 0.185998
0.128909 0.279473 0.129301 0.178651 0.112825 0.170841
0.212080 0.146250 0.144868 0.173023 0.161190 0.162589
0.178851 0.177475 0.154029 0.145832 0.149366 0.194447
0.127571 0.222689 0.165705 0.172829 0.145099 0.166107
0.180898 0.159624 0.181891 0.140736 0.185816 0.151034
0.149637 0.165186 0.154458 0.156098 0.217354 0.157267
0.168067 0.203816 0.169414 0.143411 0.171891 0.143401
0.146180 0.224936 0.138809 0.171494 0.156302 0.162279
0.177069 0.196800 0.147989 0.193693 0.141098 0.143351
0.186344 0.144613 0.178768 0.188464 0.144917 0.156893
0.133482 0.251104 0.143514 0.155406 0.155746 0.160747
0.164514 0.255111 0.173721 0.121732 0.140369 0.144554
0.098756 0.196164 0.126995 0.192898 0.187433 0.197753
0.172452 0.177562 0.177348 0.118765 0.196835 0.157038
0.150852 0.177525 0.148458 0.165688 0.185238 0.172239
