0.289291 0.329275 0.381434
0.291961 0.329063 0.378975
0.289291 0.329275 0.381434
0.290015 0.328486 0.381500
0.290628 0.329180 0.380192
0.293852 0.331194 0.374954
0.289291 0.329275 0.381434
0.289291 0.329275 0.381434
0.288680 0.328580 0.382740
0.289291 0.329275 0.381434
0.288680 0.328580 0.382740
0.291961 0.329063 0.378975
0.290015 0.328485 0.381500
0.289291 0.329275 0.381434
0.289291 0.329275 0.381434
0.290628 0.329180 0.380192
0.292585 0.329766 0.377649
0.288680 0.328580 0.382740
0.290628 0.329180 0.380192
0.290015 0.328486 0.381500
0.290015 0.328485 0.381500
0.291250 0.329884 0.378866
0.289291 0.329275 0.381434
0.291250 0.329884 0.378866
0.290628 0.329180 0.380192
0.289291 0.329275 0.381434
0.288680 0.328580 0.382740
0.288680 0.328580 0.382740
0.291961 0.329063 0.378975
0.292671 0.328233 0.379097
0.291879 0.330597 0.377524
0.291961 0.329063 0.378975
0.288680 0.328580 0.382740
0.288680 0.328580 0.382740
0.290628 0.329180 0.380192
0.290015 0.328486 0.381500
0.290015 0.328486 0.381500
0.288680 0.328580 0.382740
0.288680 0.328580 0.382740
0.289911 0.329980 0.380109
0.289291 0.329275 0.381434
0.291961 0.329063 0.378975
0.290015 0.328485 0.381500
0.290015 0.328485 0.381500
0.290015 0.328485 0.381500
0.289911 0.329980 0.380109
0.291250 0.329884 0.378866
0.296503 0.330882 0.372615
0.290628 0.329180 0.380192
0.290015 0.328485 0.381500
0.288680 0.328580 0.382740
0.290015 0.328485 0.381500
0.289291 0.329275 0.381434
0.291250 0.329884 0.378866
0.288680 0.328580 0.382740
0.290628 0.329180 0.380192
0.290015 0.328485 0.381500
0.290628 0.329180 0.380192
0.291346 0.328370 0.380285
0.289291 0.329275 0.381434
0.290628 0.329180 0.380192
0.289291 0.329275 0.381434
0.289291 0.329275 0.381434
0.291961 0.329063 0.378975
0.290015 0.328485 0.381500
0.291346 0.328370 0.380285
0.290628 0.329180 0.380192
0.293803 0.332776 0.373421
0.288680 0.328580 0.382740
0.288680 0.328580 0.382740
0.291879 0.330597 0.377524
0.289911 0.329980 0.380109
0.293913 0.329626 0.376462
0.291250 0.329884 0.378866
0.288680 0.328580 0.382740
0.288680 0.328580 0.382740
0.290015 0.328485 0.381500
0.290538 0.330695 0.378767
0.289911 0.329980 0.380109
0.289911 0.329980 0.380109
0.288680 0.328580 0.382740
0.291346 0.328370 0.380285
0.293157 0.332044 0.374800
0.291879 0.330597 0.377524
0.288680 0.328580 0.382740
0.288680 0.328580 0.382740
0.288680 0.328580 0.382740
0.291346 0.328370 0.380285
0.291346 0.328370 0.380285
0.295233 0.329464 0.375303
0.291250 0.329884 0.378866
0.288680 0.328580 0.382740
0.288680 0.328580 0.382740
0.288680 0.328580 0.382740
0.291250 0.329884 0.378866
0.292585 0.329766 0.377649
0.290538 0.330695 0.378767
0.290015 0.328486 0.381500
0.288680 0.328580 0.382740
0.290628 0.329180 0.380192
0.288680 0.328580 0.382740
0.290015 0.328486 0.381500
0.290628 0.329180 0.380192
0.290015 0.328485 0.381500
0.290015 0.328486 0.381500
0.290628 0.329180 0.380192
0.288680 0.328580 0.382740
0.291173 0.331417 0.377410
0.290015 0.328485 0.381500
0.296591 0.327698 0.375711
0.289291 0.329275 0.381434
0.289291 0.329275 0.381434
0.292671 0.328233 0.379097
0.291346 0.328370 0.380285
0.291346 0.328370 0.380285
0.293852 0.331194 0.374954
0.289291 0.329275 0.381434
0.288680 0.328580 0.382740
0.288680 0.328580 0.382740
0.292671 0.328233 0.379097
0.291346 0.328370 0.380285
0.291346 0.328370 0.380285
0.289291 0.329275 0.381434
0.288680 0.328580 0.382740
0.295295 0.327896 0.376809
0.293288 0.328925 0.377787
0.288680 0.328580 0.382740
0.288680 0.328580 0.382740
0.288680 0.328580 0.382740
0.288680 0.328580 0.382740
0.289911 0.329980 0.380109
0.291961 0.329063 0.378975
0.291346 0.328370 0.380285
0.289291 0.329275 0.381434
0.288680 0.328580 0.382740
0.290538 0.330695 0.378767
0.291961 0.329063 0.378975
0.291346 0.328370 0.380285
0.294545 0.330334 0.375121
0.289291 0.329275 0.381434
0.289291 0.329275 0.381434
0.290628 0.329180 0.380192
0.289291 0.329275 0.381434
0.289291 0.329275 0.381434
0.290015 0.328485 0.381500
0.288680 0.328580 0.382740
0.288680 0.328580 0.382740
0.290015 0.328485 0.381500
0.289911 0.329981 0.380109
0.294607 0.328765 0.376628
0.288680 0.328580 0.382740
0.289291 0.329275 0.381434
0.290015 0.328485 0.381500
0.290015 0.328485 0.381500
0.290538 0.330695 0.378767
0.289291 0.329275 0.381434
0.289911 0.329981 0.380109
0.296503 0.330882 0.372615
0.290015 0.328486 0.381500
0.289291 0.329275 0.381434
0.289911 0.329980 0.380109
0.289291 0.329275 0.381434
0.288680 0.328580 0.382740
0.288680 0.328580 0.382740
0.290015 0.328485 0.381500
0.289291 0.329275 0.381434
0.289911 0.329981 0.380109
0.291250 0.329884 0.378866
0.289291 0.329275 0.381434
0.289291 0.329275 0.381434
0.288680 0.328580 0.382740
0.288680 0.328580 0.382740
0.291346 0.328370 0.380285
0.292515 0.331317 0.376168
0.288680 0.328580 0.382740
0.290628 0.329180 0.380192
0.288680 0.328580 0.382740
0.293288 0.328925 0.377787
0.290628 0.329180 0.380192
0.289911 0.329981 0.380109
0.293288 0.328925 0.377787
0.290628 0.329180 0.380192
0.290015 0.328485 0.381500
0.290015 0.328486 0.381500
0.291879 0.330597 0.377524
0.291250 0.329884 0.378866
0.288680 0.328580 0.382740
0.288680 0.328580 0.382740
0.288680 0.328580 0.382740
0.288680 0.328580 0.382740
0.292585 0.329766 0.377649
0.291250 0.329884 0.378866
0.289291 0.329275 0.381434
0.291250 0.329884 0.378866
0.288680 0.328580 0.382740
0.288680 0.328580 0.382740
0.293288 0.328925 0.377787
0.290628 0.329180 0.380192
0.292585 0.329766 0.377649
0.295233 0.329464 0.375303
0.289291 0.329275 0.381434
0.291879 0.330597 0.377524
0.291346 0.328370 0.380285
0.290015 0.328486 0.381500
0.289291 0.329275 0.381434
0.288680 0.328580 0.382740
0.288680 0.328580 0.382740
0.291250 0.329884 0.378866
0.292585 0.329766 0.377649
0.291961 0.329063 0.378975
0.290015 0.328486 0.381500
0.290015 0.328485 0.381500
0.288680 0.328580 0.382740
0.289911 0.329980 0.380109
0.289291 0.329275 0.381434
0.294607 0.328765 0.376628
0.289291 0.329275 0.381434
0.290015 0.328485 0.381500
0.288680 0.328580 0.382740
0.290628 0.329180 0.380192
0.290628 0.329180 0.380192
0.291961 0.329063 0.378975
0.290628 0.329180 0.380192
0.290015 0.328486 0.381500
0.288680 0.328580 0.382740
0.289291 0.329275 0.381434
0.294545 0.330334 0.375121
0.291961 0.329063 0.378975
0.288680 0.328580 0.382740
0.288680 0.328580 0.382740
0.289291 0.329275 0.381434
0.289291 0.329275 0.381434
0.291346 0.328370 0.380285
0.291346 0.328370 0.380285
0.292515 0.331317 0.376168
0.291346 0.328370 0.380285
0.289291 0.329275 0.381434
0.289911 0.329981 0.380109
0.290628 0.329180 0.380192
0.290015 0.328486 0.381500
0.293215 0.330477 0.376308
0.291346 0.328370 0.380285
0.291250 0.329884 0.378866
0.292671 0.328233 0.379097
0.289291 0.329275 0.381434
0.289291 0.329275 0.381434
0.290628 0.329180 0.380192
0.288680 0.328580 0.382740
0.288680 0.328580 0.382740
0.292585 0.329766 0.377649
0.292585 0.329766 0.377649
0.291879 0.330597 0.377524
0.289291 0.329275 0.381434
0.288680 0.328580 0.382740
0.288680 0.328580 0.382740
0.291346 0.328370 0.380285
0.290628 0.329180 0.380192
0.290015 0.328485 0.381500
0.290628 0.329180 0.380192
0.288680 0.328580 0.382740
0.288680 0.328580 0.382740
0.290015 0.328486 0.381500
0.292515 0.331317 0.376168
0.292515 0.331317 0.376168
0.290628 0.329180 0.380192
0.289291 0.329275 0.381434
0.289291 0.329275 0.381434
0.290628 0.329180 0.380192
0.294545 0.330334 0.375121
0.291250 0.329884 0.378866
0.291173 0.331417 0.377410
0.288680 0.328580 0.382740
0.290015 0.328486 0.381500
0.290015 0.328485 0.381500
0.288680 0.328580 0.382740
0.289291 0.329275 0.381434
0.295233 0.329464 0.375303
0.288680 0.328580 0.382740
0.290628 0.329180 0.380192
0.292585 0.329766 0.377649
0.290015 0.328486 0.381500
0.290538 0.330695 0.378767
0.292671 0.328233 0.379097
0.288680 0.328580 0.382740
0.291346 0.328370 0.380285
0.289291 0.329275 0.381434
0.290015 0.328485 0.381500
0.291879 0.330597 0.377524
0.290628 0.329180 0.380192
0.288680 0.328580 0.382740
0.289291 0.329275 0.381434
0.291346 0.328370 0.380285
0.293215 0.330477 0.376308
0.293913 0.329626 0.376462
0.290015 0.328486 0.381500
0.289291 0.329275 0.381434
0.289291 0.329275 0.381434
0.289291 0.329275 0.381434
0.290628 0.329180 0.380192
0.288680 0.328580 0.382740
0.290015 0.328486 0.381500
0.288680 0.328580 0.382740
0.288680 0.328580 0.382740
0.289291 0.329275 0.381434
0.294607 0.328765 0.376628
0.294607 0.328765 0.376628
0.290628 0.329180 0.380192
0.290015 0.328486 0.381500
0.290628 0.329180 0.380192
0.290015 0.328485 0.381500
0.292671 0.328233 0.379097
0.292585 0.329766 0.377649
0.294607 0.328765 0.376628
0.288680 0.328580 0.382740
0.288680 0.328580 0.382740
0.288680 0.328580 0.382740
0.288680 0.328580 0.382740
0.291250 0.329884 0.378866
0.294494 0.331918 0.373587
0.289911 0.329981 0.380109
0.290015 0.328485 0.381500
0.291346 0.328370 0.380285
0.290538 0.330695 0.378767
0.292671 0.328233 0.379097
0.289291 0.329275 0.381434
0.288680 0.328580 0.382740
0.288680 0.328580 0.382740
0.290015 0.328486 0.381500
0.288680 0.328580 0.382740
0.293288 0.328925 0.377787
0.290628 0.329180 0.380192
0.288680 0.328580 0.382740
0.290015 0.328486 0.381500
0.288680 0.328580 0.382740
0.293288 0.328925 0.377787
0.291961 0.329063 0.378975
0.289291 0.329275 0.381434
0.290628 0.329180 0.380192
0.290015 0.328485 0.381500
0.290628 0.329180 0.380192
0.291250 0.329884 0.378866
0.288680 0.328580 0.382740
0.289911 0.329980 0.380109
0.288680 0.328580 0.382740
0.288680 0.328580 0.382740
0.290015 0.328485 0.381500
0.290628 0.329180 0.380192
0.291250 0.329884 0.378866
0.290628 0.329180 0.380192
0.289291 0.329275 0.381434
0.290628 0.329180 0.380192
0.288680 0.328580 0.382740
0.288680 0.328580 0.382740
0.292585 0.329766 0.377649
0.290015 0.328485 0.381500
0.289911 0.329980 0.380109
0.288680 0.328580 0.382740
0.289291 0.329275 0.381434
0.289911 0.329980 0.380109
0.291346 0.328370 0.380285
0.295915 0.328585 0.375500
0.291961 0.329063 0.378975
0.288680 0.328580 0.382740
0.289911 0.329980 0.380109
0.293288 0.328925 0.377787
0.290538 0.330695 0.378767
0.290015 0.328486 0.381500
0.288680 0.328580 0.382740
0.289291 0.329275 0.381434
0.289291 0.329275 0.381434
0.289291 0.329275 0.381434
0.290015 0.328486 0.381500
0.290015 0.328485 0.381500
0.288680 0.328580 0.382740
0.289291 0.329275 0.381434
0.289911 0.329981 0.380109
0.291250 0.329884 0.378866
0.290628 0.329180 0.380191
0.290015 0.328486 0.381500
0.290628 0.329180 0.380192
0.288680 0.328580 0.382740
0.290015 0.328485 0.381500
0.292585 0.329766 0.377649
0.288680 0.328580 0.382740
0.291346 0.328370 0.380285
0.288680 0.328580 0.382740
0.289911 0.329981 0.380109
0.288680 0.328580 0.382740
0.291250 0.329884 0.378866
0.291346 0.328370 0.380285
0.290015 0.328486 0.381500
0.290628 0.329180 0.380192
0.290628 0.329180 0.380192
0.289291 0.329275 0.381434
0.289291 0.329275 0.381434
0.293215 0.330477 0.376308
0.288680 0.328580 0.382740
0.291346 0.328370 0.380285
0.289291 0.329275 0.381434
0.290015 0.328485 0.381500
0.291346 0.328370 0.380285
0.289291 0.329275 0.381434
0.291250 0.329884 0.378866
0.291250 0.329884 0.378866
0.288680 0.328580 0.382740
0.291346 0.328370 0.380285
0.292515 0.331317 0.376168
0.292671 0.328233 0.379097
0.290538 0.330695 0.378767
0.294420 0.335113 0.370466
0.290015 0.328485 0.381500
0.290015 0.328486 0.381500
0.290628 0.329180 0.380192
0.289291 0.329275 0.381434
0.288680 0.328580 0.382740
0.288680 0.328580 0.382740
0.290015 0.328485 0.381500
0.291961 0.329063 0.378975
0.291346 0.328370 0.380285
0.290628 0.329180 0.380192
0.289911 0.329980 0.380109
0.290015 0.328485 0.381500
0.288680 0.328580 0.382740
0.288680 0.328580 0.382740
0.291961 0.329063 0.378975
0.289291 0.329275 0.381434
0.290538 0.330695 0.378767
0.288680 0.328580 0.382740
0.291961 0.329063 0.378975
0.288680 0.328580 0.382740
0.291346 0.328370 0.380285
0.289291 0.329275 0.381434
0.289291 0.329275 0.381434
0.290628 0.329180 0.380192
0.290015 0.328485 0.381500
0.291250 0.329884 0.378866
0.290628 0.329180 0.380192
0.293288 0.328925 0.377787
0.289911 0.329980 0.380109
0.289291 0.329275 0.381434
0.290628 0.329180 0.380191
0.288680 0.328580 0.382740
0.289911 0.329981 0.380109
0.292515 0.331317 0.376168
0.293852 0.331194 0.374954
0.291961 0.329063 0.378975
0.288680 0.328580 0.382740
0.288680 0.328580 0.382740
0.295233 0.329464 0.375303
0.288680 0.328580 0.382740
0.293288 0.328925 0.377787
0.302274 0.329044 0.368682
0.288680 0.328580 0.382740
0.289291 0.329275 0.381434
0.291250 0.329884 0.378866
0.290628 0.329180 0.380192
0.288680 0.328580 0.382740
0.288680 0.328580 0.382740
0.288680 0.328580 0.382740
0.290015 0.328485 0.381500
0.288680 0.328580 0.382740
0.291250 0.329884 0.378866
0.291346 0.328370 0.380285
0.288680 0.328580 0.382740
0.288680 0.328580 0.382740
0.289291 0.329275 0.381434
0.290628 0.329180 0.380192
0.290628 0.329180 0.380192
0.292671 0.328233 0.379097
0.288680 0.328580 0.382740
0.290015 0.328485 0.381500
0.289291 0.329275 0.381434
0.288680 0.328580 0.382740
0.290015 0.328486 0.381500
0.290628 0.329180 0.380192
0.290015 0.328485 0.381500
0.288680 0.328580 0.382740
0.292585 0.329766 0.377649
0.290015 0.328485 0.381500
0.291250 0.329884 0.378866
0.291346 0.328370 0.380285
0.290628 0.329180 0.380192
0.290015 0.328486 0.381500
0.288680 0.328580 0.382740
0.291961 0.329063 0.378975
0.293988 0.328075 0.377937
0.294607 0.328765 0.376628
0.290015 0.328486 0.381500
0.288680 0.328580 0.382740
0.290538 0.330695 0.378767
0.292585 0.329766 0.377649
0.290538 0.330695 0.378767
0.290628 0.329180 0.380192
0.293913 0.329626 0.376462
0.288680 0.328580 0.382740
0.290015 0.328485 0.381500
0.291961 0.329063 0.378975
0.290015 0.328486 0.381500
0.288680 0.328580 0.382740
0.288680 0.328580 0.382740
0.288680 0.328580 0.382740
0.288680 0.328580 0.382740
0.288680 0.328580 0.382740
0.293215 0.330477 0.376308
0.288680 0.328580 0.382740
0.288680 0.328580 0.382740
0.289291 0.329275 0.381434
0.290628 0.329180 0.380192
0.290015 0.328486 0.381500
0.290628 0.329180 0.380192
0.288680 0.328580 0.382740
0.288680 0.328580 0.382740
0.288680 0.328580 0.382740
0.291250 0.329884 0.378866
0.289291 0.329275 0.381434
0.289911 0.329980 0.380109
0.290015 0.328485 0.381500
0.288680 0.328580 0.382740
0.289291 0.329275 0.381434
0.291346 0.328370 0.380285
0.288680 0.328580 0.382740
0.291961 0.329063 0.378975
0.289291 0.329275 0.381434
0.290015 0.328486 0.381500
0.288680 0.328580 0.382740
0.290538 0.330695 0.378767
0.290015 0.328486 0.381500
0.288680 0.328580 0.382740
0.290015 0.328486 0.381500
0.291814 0.332146 0.376040
0.288680 0.328580 0.382740
0.294545 0.330334 0.375121
0.293852 0.331194 0.374954
0.292671 0.328233 0.379097
0.290628 0.329180 0.380192
0.292585 0.329766 0.377649
0.289291 0.329275 0.381434
0.288680 0.328580 0.382740
0.290628 0.329180 0.380192
0.290538 0.330695 0.378767
0.289291 0.329275 0.381434
0.288680 0.328580 0.382740
0.288680 0.328580 0.382740
0.289911 0.329980 0.380109
0.289911 0.329981 0.380109
0.293288 0.328925 0.377787
0.289291 0.329275 0.381434
0.288680 0.328580 0.382740
0.290015 0.328485 0.381500
0.290015 0.328486 0.381500
0.289291 0.329275 0.381434
0.290015 0.328486 0.381500
0.288680 0.328580 0.382740
0.288680 0.328580 0.382740
0.288680 0.328580 0.382740
0.291346 0.328370 0.380285
0.290015 0.328486 0.381500
0.291346 0.328370 0.380285
0.288680 0.328580 0.382740
0.289291 0.329275 0.381434
0.290015 0.328485 0.381500
0.289911 0.329980 0.380109
0.288680 0.328580 0.382740
0.291879 0.330597 0.377524
0.290628 0.329180 0.380192
0.290538 0.330695 0.378767
0.288680 0.328580 0.382740
0.293913 0.329626 0.376462
0.289911 0.329981 0.380109
0.290538 0.330695 0.378767
0.289911 0.329981 0.380109
0.297175 0.329984 0.372841
0.288680 0.328580 0.382740
0.295182 0.331049 0.373769
0.293988 0.328075 0.377937
0.291173 0.331417 0.377410
0.292515 0.331317 0.376168
0.292585 0.329766 0.377649
0.290015 0.328486 0.381500
0.288680 0.328580 0.382740
0.290628 0.329180 0.380192
0.293288 0.328925 0.377787
0.290628 0.329180 0.380192
0.289911 0.329980 0.380109
0.288680 0.328580 0.382740
0.291346 0.328370 0.380285
0.291961 0.329063 0.378975
0.291250 0.329884 0.378866
0.290015 0.328486 0.381500
0.288680 0.328580 0.382740
0.288680 0.328580 0.382740
0.289291 0.329275 0.381434
0.291250 0.329884 0.378866
0.290538 0.330695 0.378767
0.288680 0.328580 0.382740
0.288680 0.328580 0.382740
0.288680 0.328580 0.382740
0.289911 0.329981 0.380109
0.289911 0.329981 0.380109
0.289911 0.329980 0.380109
0.288680 0.328580 0.382740
0.290015 0.328485 0.381500
0.288680 0.328580 0.382740
0.291346 0.328370 0.380285
0.288680 0.328580 0.382740
0.293288 0.328925 0.377787
0.290628 0.329180 0.380192
0.292671 0.328233 0.379097
0.288680 0.328580 0.382740
0.291961 0.329063 0.378975
0.291961 0.329063 0.378975
0.293288 0.328925 0.377787
0.291961 0.329063 0.378975
0.295825 0.331770 0.372405
0.289291 0.329275 0.381434
0.294607 0.328765 0.376628
0.289911 0.329981 0.380109
0.294607 0.328765 0.376628
0.293988 0.328075 0.377937
0.291961 0.329063 0.378975
0.289291 0.329275 0.381434
0.289911 0.329980 0.380109
0.291250 0.329884 0.378866
0.291250 0.329884 0.378866
0.290628 0.329180 0.380192
0.291346 0.328370 0.380285
0.289291 0.329275 0.381434
0.288680 0.328580 0.382740
0.290628 0.329180 0.380192
0.291346 0.328370 0.380285
0.289291 0.329275 0.381434
0.289291 0.329275 0.381434
0.288680 0.328580 0.382740
0.291879 0.330597 0.377524
0.292585 0.329766 0.377649
0.294545 0.330334 0.375121
0.290538 0.330695 0.378767
0.288680 0.328580 0.382740
0.288680 0.328580 0.382740
0.291961 0.329063 0.378975
0.292585 0.329766 0.377649
0.291346 0.328370 0.380285
0.289291 0.329275 0.381434
0.288680 0.328580 0.382740
0.289291 0.329275 0.381434
0.289291 0.329275 0.381434
0.289911 0.329981 0.380109
0.291879 0.330597 0.377524
0.290015 0.328486 0.381500
0.288680 0.328580 0.382740
0.289291 0.329275 0.381434
0.290628 0.329180 0.380192
0.290628 0.329180 0.380192
0.290628 0.329180 0.380192
0.290628 0.329180 0.380192
0.295915 0.328585 0.375500
0.290015 0.328485 0.381500
0.290015 0.328485 0.381500
0.292585 0.329766 0.377649
0.291250 0.329884 0.378866
0.288680 0.328580 0.382740
0.290628 0.329180 0.380192
0.290015 0.328485 0.381500
0.291346 0.328370 0.380285
0.291961 0.329063 0.378975
0.293215 0.330477 0.376308
0.291250 0.329884 0.378866
0.289291 0.329275 0.381434
0.290015 0.328486 0.381500
0.288680 0.328580 0.382740
0.290628 0.329180 0.380192
0.290538 0.330695 0.378767
0.290015 0.328486 0.381500
0.290015 0.328486 0.381500
0.288680 0.328580 0.382740
0.292671 0.328233 0.379097
0.291346 0.328370 0.380285
0.293288 0.328925 0.377787
0.293288 0.328925 0.377787
0.289291 0.329275 0.381434
0.288680 0.328580 0.382740
0.290628 0.329180 0.380192
0.291961 0.329063 0.378975
0.288680 0.328580 0.382740
0.291250 0.329884 0.378866
0.289291 0.329275 0.381434
0.290015 0.328485 0.381500
0.290015 0.328485 0.381500
0.292585 0.329766 0.377649
0.293288 0.328925 0.377787
0.291173 0.331417 0.377410
0.288680 0.328580 0.382740
0.290015 0.328486 0.381500
0.290628 0.329180 0.380192
0.291879 0.330597 0.377524
0.290628 0.329180 0.380192
0.290628 0.329180 0.380192
0.291879 0.330597 0.377524
0.288680 0.328580 0.382740
0.288680 0.328580 0.382740
0.293852 0.331194 0.374954
0.292585 0.329766 0.377649
0.288680 0.328580 0.382740
0.291879 0.330597 0.377524
0.288680 0.328580 0.382740
0.290538 0.330695 0.378767
0.290628 0.329180 0.380192
0.292671 0.328233 0.379097
0.291961 0.329063 0.378975
0.291250 0.329884 0.378866
0.289291 0.329275 0.381434
0.288680 0.328580 0.382740
0.290628 0.329180 0.380192
0.295825 0.331770 0.372405
0.289911 0.329981 0.380109
0.289291 0.329275 0.381434
0.290538 0.330695 0.378767
0.288680 0.328580 0.382740
0.289291 0.329275 0.381434
0.290628 0.329180 0.380192
0.290015 0.328486 0.381500
0.290015 0.328486 0.381500
0.288680 0.328580 0.382740
0.290015 0.328485 0.381500
0.290628 0.329180 0.380192
0.288680 0.328580 0.382740
0.291961 0.329063 0.378975
0.290015 0.328486 0.381500
0.288680 0.328580 0.382740
0.288680 0.328580 0.382740
0.291961 0.329063 0.378975
0.291250 0.329884 0.378866
0.295233 0.329464 0.375303
0.288680 0.328580 0.382740
0.288680 0.328580 0.382740
0.291250 0.329884 0.378866
0.295182 0.331049 0.373769
0.291250 0.329884 0.378866
0.291250 0.329884 0.378866
0.293288 0.328925 0.377787
0.288680 0.328580 0.382740
0.288680 0.328580 0.382740
0.295865 0.330170 0.373965
0.292585 0.329766 0.377649
0.289911 0.329980 0.380109
0.294545 0.330334 0.375121
0.288680 0.328580 0.382740
0.295825 0.331770 0.372405
0.291250 0.329884 0.378866
0.289291 0.329275 0.381434
0.290015 0.328486 0.381500
0.291346 0.328370 0.380285
0.290015 0.328485 0.381500
0.288680 0.328580 0.382740
0.290628 0.329180 0.380192
0.295295 0.327896 0.376809
0.291961 0.329063 0.378975
0.290015 0.328485 0.381500
0.293288 0.328925 0.377787
0.288680 0.328580 0.382740
0.290628 0.329180 0.380192
0.291250 0.329884 0.378866
0.289291 0.329275 0.381434
0.289291 0.329275 0.381434
0.289291 0.329275 0.381434
0.288680 0.328580 0.382740
0.292515 0.331317 0.376168
0.291814 0.332146 0.376040
0.290628 0.329180 0.380192
0.289291 0.329275 0.381434
0.288680 0.328580 0.382740
0.289291 0.329275 0.381434
0.290628 0.329180 0.380192
0.292585 0.329766 0.377649
0.291346 0.328370 0.380285
0.288680 0.328580 0.382740
0.288680 0.328580 0.382740
0.291346 0.328370 0.380285
0.293988 0.328075 0.377937
0.291346 0.328370 0.380285
0.292585 0.329766 0.377649
0.290628 0.329180 0.380192
0.289291 0.329275 0.381434
0.289911 0.329980 0.380109
0.293913 0.329626 0.376462
0.291961 0.329063 0.378975
0.293852 0.331194 0.374954
0.293913 0.329626 0.376462
0.289291 0.329275 0.381434
0.295915 0.328585 0.375500
0.291346 0.328370 0.380285
0.291250 0.329884 0.378866
0.289291 0.329275 0.381434
0.288680 0.328580 0.382740
0.288680 0.328580 0.382740
0.289291 0.329275 0.381434
0.291879 0.330597 0.377524
0.289291 0.329275 0.381434
0.290628 0.329180 0.380192
0.288680 0.328580 0.382740
0.290015 0.328485 0.381500
0.291173 0.331417 0.377410
0.291250 0.329884 0.378866
0.291961 0.329063 0.378975
0.291250 0.329884 0.378866
0.290015 0.328485 0.381500
0.290015 0.328485 0.381500
0.289911 0.329981 0.380109
0.294607 0.328765 0.376628
0.297814 0.330693 0.371494
0.290628 0.329180 0.380192
0.290628 0.329180 0.380192
0.289291 0.329275 0.381434
0.290015 0.328486 0.381500
0.290628 0.329180 0.380192
0.292585 0.329766 0.377649
0.289291 0.329275 0.381434
0.290538 0.330695 0.378767
0.288680 0.328580 0.382740
0.288680 0.328580 0.382740
0.289911 0.329981 0.380109
0.289291 0.329275 0.381434
0.291346 0.328370 0.380285
0.291250 0.329884 0.378866
0.290015 0.328485 0.381500
0.291346 0.328370 0.380285
0.295141 0.332647 0.372211
0.290015 0.328485 0.381500
0.295233 0.329464 0.375303
0.292585 0.329766 0.377649
0.290628 0.329180 0.380192
0.290015 0.328486 0.381500
0.288680 0.328580 0.382740
0.292585 0.329766 0.377649
0.291879 0.330597 0.377524
0.288680 0.328580 0.382740
0.288680 0.328580 0.382740
0.291879 0.330597 0.377524
0.293288 0.328925 0.377787
0.291250 0.329884 0.378866
0.290628 0.329180 0.380192
0.288680 0.328580 0.382740
0.288680 0.328580 0.382740
0.294607 0.328765 0.376628
0.291346 0.328370 0.380285
0.290628 0.329180 0.380192
0.291346 0.328370 0.380285
0.288680 0.328580 0.382740
0.288680 0.328580 0.382740
0.291961 0.329063 0.378975
0.291250 0.329884 0.378866
0.294607 0.328765 0.376628
0.291250 0.329884 0.378866
0.290015 0.328485 0.381500
0.290015 0.328485 0.381500
0.289911 0.329981 0.380109
0.291879 0.330597 0.377524
0.291346 0.328370 0.380285
0.291250 0.329884 0.378866
0.293913 0.329626 0.376462
0.288680 0.328580 0.382740
0.291173 0.331417 0.377410
0.291961 0.329063 0.378975
0.290015 0.328486 0.381500
0.289291 0.329275 0.381434
0.291961 0.329063 0.378975
0.288680 0.328580 0.382740
0.289291 0.329275 0.381434
0.297840 0.329078 0.373082
0.288680 0.328580 0.382740
0.291346 0.328370 0.380285
0.291961 0.329063 0.378975
0.290015 0.328486 0.381500
0.289911 0.329980 0.380109
0.290538 0.330695 0.378767
0.293852 0.331194 0.374954
0.293288 0.328925 0.377787
0.289291 0.329275 0.381434
0.289291 0.329275 0.381434
0.293288 0.328925 0.377787
0.290628 0.329180 0.380192
0.293852 0.331194 0.374954
0.290015 0.328486 0.381500
0.288680 0.328580 0.382740
0.288680 0.328580 0.382740
0.290015 0.328485 0.381500
0.288680 0.328580 0.382740
0.291250 0.329884 0.378866
0.289291 0.329275 0.381434
0.288680 0.328580 0.382740
0.288680 0.328580 0.382740
0.291879 0.330597 0.377524
0.292585 0.329766 0.377649
0.291879 0.330597 0.377524
0.291346 0.328370 0.380285
0.288680 0.328580 0.382740
0.288680 0.328580 0.382740
0.292585 0.329766 0.377649
0.295182 0.331049 0.373769
0.291173 0.331417 0.377410
0.291961 0.329063 0.378975
0.291346 0.328370 0.380285
0.288680 0.328580 0.382740
0.293988 0.328075 0.377937
0.290628 0.329180 0.380192
0.289291 0.329275 0.381434
0.293157 0.332044 0.374800
0.290628 0.329180 0.380192
0.289911 0.329981 0.380109
0.290628 0.329180 0.380192
0.291346 0.328370 0.380285
0.289911 0.329980 0.380109
0.292460 0.332882 0.374659
0.290628 0.329180 0.380192
0.289291 0.329275 0.381434
0.291346 0.328370 0.380285
0.294545 0.330334 0.375121
0.294607 0.328765 0.376628
0.291879 0.330597 0.377524
0.290628 0.329180 0.380192
0.290015 0.328486 0.381500
0.290015 0.328485 0.381500
0.291250 0.329884 0.378866
0.293988 0.328075 0.377937
0.290538 0.330695 0.378767
0.289291 0.329275 0.381434
0.289291 0.329275 0.381434
0.288680 0.328580 0.382740
0.289291 0.329275 0.381434
0.292585 0.329766 0.377649
0.290015 0.328486 0.381500
0.288680 0.328580 0.382740
0.288680 0.328580 0.382740
0.292671 0.328233 0.379097
0.292585 0.329766 0.377649
0.292671 0.328233 0.379097
0.288680 0.328580 0.382740
0.288680 0.328580 0.382740
0.289291 0.329275 0.381434
0.291346 0.328370 0.380285
0.295233 0.329464 0.375303
0.295233 0.329464 0.375303
0.291250 0.329884 0.378866
0.288680 0.328580 0.382740
0.288680 0.328580 0.382740
0.289291 0.329275 0.381434
0.291250 0.329884 0.378866
0.290628 0.329180 0.380192
0.295295 0.327896 0.376809
0.290015 0.328486 0.381500
0.291961 0.329063 0.378975
0.290628 0.329180 0.380192
0.288680 0.328580 0.382740
0.291346 0.328370 0.380285
0.298473 0.329778 0.371749
0.291250 0.329884 0.378866
0.290015 0.328486 0.381500
0.288680 0.328580 0.382740
0.292671 0.328233 0.379097
0.291250 0.329884 0.378866
0.292671 0.328233 0.379097
0.291250 0.329884 0.378866
0.289291 0.329275 0.381434
0.288680 0.328580 0.382740
0.292585 0.329766 0.377649
0.291173 0.331417 0.377410
0.293288 0.328925 0.377787
0.290015 0.328486 0.381500
0.290015 0.328485 0.381500
0.288680 0.328580 0.382740
0.291250 0.329884 0.378866
0.291346 0.328370 0.380285
0.289911 0.329981 0.380109
0.289291 0.329275 0.381434
0.289911 0.329980 0.380109
0.289291 0.329275 0.381434
0.291961 0.329063 0.378975
0.289291 0.329275 0.381434
0.289911 0.329981 0.380109
0.288680 0.328580 0.382740
0.290015 0.328485 0.381500
0.288680 0.328580 0.382740
0.291961 0.329063 0.378975
0.294494 0.331918 0.373587
0.291346 0.328370 0.380285
0.289291 0.329275 0.381434
0.289291 0.329275 0.381434
0.290628 0.329180 0.380192
0.291961 0.329063 0.378975
0.291879 0.330597 0.377524
0.289291 0.329275 0.381434
0.294420 0.335113 0.370466
0.290015 0.328486 0.381500
0.291250 0.329884 0.378866
0.291173 0.331417 0.377410
0.301531 0.343206 0.355263
0.299082 0.335423 0.365495
0.293852 0.331194 0.374954
0.290538 0.330695 0.378767
0.288680 0.328580 0.382740
0.289911 0.329980 0.380109
0.294494 0.331918 0.373587
0.291173 0.331417 0.377410
0.291961 0.329063 0.378975
0.290015 0.328485 0.381500
0.288680 0.328580 0.382740
0.293852 0.331194 0.374954
0.294607 0.328765 0.376628
0.290628 0.329180 0.380192
0.289911 0.329980 0.380109
0.288680 0.328580 0.382740
0.290538 0.330695 0.378767
0.291961 0.329063 0.378975
0.289291 0.329275 0.381434
0.293215 0.330477 0.376308
0.290628 0.329180 0.380192
0.291346 0.328370 0.380285
0.291879 0.330597 0.377524
0.291250 0.329884 0.378866
0.290628 0.329180 0.380192
0.292585 0.329766 0.377649
0.289291 0.329275 0.381434
0.288680 0.328580 0.382740
0.288680 0.328580 0.382740
0.290015 0.328486 0.381500
0.295915 0.328585 0.375500
0.288680 0.328580 0.382740
0.291250 0.329884 0.378866
0.290015 0.328486 0.381500
0.291879 0.330597 0.377524
0.290628 0.329180 0.380192
0.292671 0.328233 0.379097
0.293803 0.332776 0.373421
0.304835 0.331832 0.363333
0.289911 0.329980 0.380109
0.291961 0.329063 0.378975
0.293988 0.328075 0.377937
0.313855 0.324712 0.361433
0.301621 0.326724 0.371655
0.294607 0.328765 0.376628
0.293288 0.328925 0.377787
0.289291 0.329275 0.381434
0.297755 0.335594 0.366651
0.299751 0.332844 0.367405
0.295865 0.330170 0.373965
0.290015 0.328486 0.381500
0.288680 0.328580 0.382740
0.289911 0.329981 0.380109
0.293988 0.328075 0.377937
0.291250 0.329884 0.378866
0.290015 0.328485 0.381500
0.291346 0.328370 0.380285
0.288680 0.328580 0.382740
0.292671 0.328233 0.379097
0.291879 0.330597 0.377524
0.291879 0.330597 0.377524
0.293913 0.329626 0.376462
0.290628 0.329180 0.380192
0.289291 0.329275 0.381434
0.292671 0.328233 0.379097
0.291346 0.328370 0.380285
0.290628 0.329180 0.380192
0.291961 0.329063 0.378975
0.290015 0.328485 0.381500
0.289291 0.329275 0.381434
0.289911 0.329981 0.380109
0.289911 0.329980 0.380109
0.290015 0.328486 0.381500
0.289291 0.329275 0.381434
0.291961 0.329063 0.378975
0.288680 0.328580 0.382740
0.292671 0.328233 0.379097
0.290628 0.329180 0.380192
0.289911 0.329981 0.380109
0.297840 0.329078 0.373082
0.297873 0.327481 0.374646
0.291346 0.328370 0.380285
0.290628 0.329180 0.380192
0.288680 0.328580 0.382740
0.291961 0.329063 0.378975
0.289911 0.329981 0.380109
0.290015 0.328486 0.381500
0.290628 0.329180 0.380192
0.290015 0.328486 0.381500
0.302244 0.327399 0.370357
0.298495 0.328165 0.373340
0.293913 0.329626 0.376462
0.289291 0.329275 0.381434
0.289291 0.329275 0.381434
0.291961 0.329063 0.378975
0.288680 0.328580 0.382740
0.292585 0.329766 0.377649
0.288680 0.328580 0.382740
0.288680 0.328580 0.382740
0.288680 0.328580 0.382740
0.288680 0.328580 0.382740
0.292671 0.328233 0.379097
0.295182 0.331049 0.373769
0.292585 0.329766 0.377649
0.290015 0.328486 0.381500
0.290015 0.328486 0.381500
0.289911 0.329980 0.380109
0.289291 0.329275 0.381434
0.291879 0.330597 0.377524
0.290015 0.328486 0.381500
0.288680 0.328580 0.382740
0.290015 0.328485 0.381500
0.291961 0.329063 0.378975
0.293852 0.331194 0.374954
0.289291 0.329275 0.381434
0.290628 0.329180 0.380192
0.290015 0.328486 0.381500
0.288680 0.328580 0.382740
0.289291 0.329275 0.381434
0.290015 0.328486 0.381500
0.292585 0.329766 0.377649
0.292585 0.329766 0.377649
0.289911 0.329981 0.380109
0.288680 0.328580 0.382740
0.290015 0.328486 0.381500
0.289291 0.329275 0.381434
0.291250 0.329884 0.378866
0.293215 0.330477 0.376308
0.290538 0.330695 0.378767
0.290015 0.328485 0.381500
0.289911 0.329980 0.380109
0.291250 0.329884 0.378866
0.291250 0.329884 0.378866
0.293852 0.331194 0.374954
0.290628 0.329180 0.380192
0.290015 0.328485 0.381500
0.291250 0.329884 0.378866
0.288680 0.328580 0.382740
0.293852 0.331194 0.374954
0.289911 0.329980 0.380109
0.289291 0.329275 0.381434
0.289291 0.329275 0.381434
0.289291 0.329275 0.381434
0.291814 0.332146 0.376040
0.296503 0.330882 0.372615
0.293852 0.331194 0.374954
0.289911 0.329980 0.380109
0.289911 0.329981 0.380109
0.291346 0.328370 0.380285
0.291879 0.330597 0.377524
0.293288 0.328925 0.377787
0.289911 0.329980 0.380109
0.288680 0.328580 0.382740
0.288680 0.328580 0.382740
0.291250 0.329884 0.378866
0.295865 0.330170 0.373965
0.290628 0.329180 0.380192
0.290015 0.328486 0.381500
0.289911 0.329981 0.380109
0.288680 0.328580 0.382740
0.290015 0.328485 0.381500
0.289291 0.329275 0.381434
0.292585 0.329766 0.377649
0.293215 0.330477 0.376308
0.292585 0.329766 0.377649
0.288680 0.328580 0.382740
0.289911 0.329980 0.380109
0.291250 0.329884 0.378866
0.293215 0.330477 0.376308
0.293913 0.329626 0.376462
0.293288 0.328925 0.377787
0.288680 0.328580 0.382740
0.291346 0.328370 0.380285
0.291961 0.329063 0.378975
0.291346 0.328370 0.380285
0.298442 0.333045 0.368513
0.290015 0.328485 0.381500
0.288680 0.328580 0.382740
0.292585 0.329766 0.377649
0.291173 0.331417 0.377410
0.294607 0.328765 0.376628
0.291346 0.328370 0.380285
0.290015 0.328486 0.381500
0.290628 0.329180 0.380192
0.290628 0.329180 0.380192
0.295915 0.328585 0.375500
0.296503 0.330882 0.372615
0.294607 0.328765 0.376628
0.291346 0.328370 0.380285
0.291961 0.329063 0.378975
0.289291 0.329275 0.381434
0.293288 0.328925 0.377787
0.291879 0.330597 0.377524
0.293852 0.331194 0.374954
0.289911 0.329981 0.380109
0.289291 0.329275 0.381434
0.291961 0.329063 0.378975
0.293288 0.328925 0.377787
0.291250 0.329884 0.378866
0.289291 0.329275 0.381434
0.291961 0.329063 0.378975
0.289291 0.329275 0.381434
0.288680 0.328580 0.382740
0.290015 0.328486 0.381500
0.291346 0.328370 0.380285
0.293288 0.328925 0.377787
0.291346 0.328370 0.380285
0.288680 0.328580 0.382740
0.291346 0.328370 0.380285
0.293215 0.330477 0.376308
0.293913 0.329626 0.376462
0.293215 0.330477 0.376308
0.291250 0.329884 0.378866
0.289291 0.329275 0.381434
0.289291 0.329275 0.381434
0.290015 0.328486 0.381500
0.290538 0.330695 0.378767
0.298495 0.328165 0.373340
0.288680 0.328580 0.382740
0.289291 0.329275 0.381434
0.291961 0.329063 0.378975
0.295865 0.330170 0.373965
0.291250 0.329884 0.378866
0.289911 0.329981 0.380109
0.289911 0.329980 0.380109
0.291250 0.329884 0.378866
0.291250 0.329884 0.378866
0.291250 0.329884 0.378866
0.293988 0.328075 0.377937
0.291879 0.330597 0.377524
0.289291 0.329275 0.381434
0.290628 0.329180 0.380192
0.292515 0.331317 0.376168
0.291250 0.329884 0.378866
0.295182 0.331049 0.373769
0.295233 0.329464 0.375303
0.291961 0.329063 0.378975
0.291250 0.329884 0.378866
0.291879 0.330597 0.377524
0.291879 0.330597 0.377524
0.293215 0.330477 0.376308
0.290628 0.329180 0.380192
0.290628 0.329180 0.380192
0.290015 0.328486 0.381500
0.289291 0.329275 0.381434
0.291173 0.331417 0.377410
0.288680 0.328580 0.382740
0.292515 0.331317 0.376168
0.292460 0.332882 0.374659
0.288680 0.328580 0.382740
0.289291 0.329275 0.381434
0.293288 0.328925 0.377787
0.291346 0.328370 0.380285
0.294545 0.330334 0.375121
0.294494 0.331918 0.373587
0.290015 0.328486 0.381500
0.291250 0.329884 0.378866
0.289911 0.329980 0.380109
0.293913 0.329626 0.376462
0.290015 0.328485 0.381500
0.289291 0.329275 0.381434
0.290015 0.328486 0.381500
0.290628 0.329180 0.380192
0.293288 0.328925 0.377787
0.291961 0.329063 0.378975
0.291961 0.329063 0.378975
0.291346 0.328370 0.380285
0.291346 0.328370 0.380285
0.291346 0.328370 0.380285
0.291961 0.329063 0.378975
0.290538 0.330695 0.378767
0.293288 0.328925 0.377787
0.290015 0.328486 0.381500
0.290015 0.328486 0.381500
0.294607 0.328765 0.376628
0.291346 0.328370 0.380285
0.295233 0.329464 0.375303
0.291346 0.328370 0.380285
0.290015 0.328485 0.381500
0.291346 0.328370 0.380285
0.293913 0.329626 0.376462
0.295182 0.331049 0.373769
0.293288 0.328925 0.377787
0.290628 0.329180 0.380192
0.290015 0.328486 0.381500
0.291173 0.331417 0.377410
0.291250 0.329884 0.378866
0.294607 0.328765 0.376628
0.290538 0.330695 0.378767
0.294607 0.328765 0.376628
0.298473 0.329778 0.371749
0.288680 0.328580 0.382740
0.290015 0.328486 0.381500
0.290015 0.328485 0.381500
0.291173 0.331417 0.377410
0.295825 0.331770 0.372405
0.296542 0.329281 0.374177
0.289291 0.329275 0.381434
0.291346 0.328370 0.380285
0.293852 0.331194 0.374954
0.292585 0.329766 0.377649
0.288680 0.328580 0.382740
0.290628 0.329180 0.380192
0.289911 0.329980 0.380109
0.290628 0.329180 0.380192
0.291250 0.329884 0.378866
0.291250 0.329884 0.378866
0.290628 0.329180 0.380192
0.288680 0.328580 0.382740
0.288680 0.328580 0.382740
0.289911 0.329980 0.380109
0.291879 0.330597 0.377524
0.293288 0.328925 0.377787
0.291250 0.329884 0.378866
0.289291 0.329275 0.381434
0.289291 0.329275 0.381434
0.291250 0.329884 0.378866
0.291173 0.331417 0.377410
0.291961 0.329063 0.378975
0.288680 0.328580 0.382740
0.288680 0.328580 0.382740
0.289911 0.329981 0.380109
0.292585 0.329766 0.377649
0.293988 0.328075 0.377937
0.292515 0.331317 0.376168
0.290628 0.329180 0.380192
0.289911 0.329981 0.380109
0.293988 0.328075 0.377937
0.293215 0.330477 0.376308
0.291879 0.330597 0.377524
0.293913 0.329626 0.376462
0.291879 0.330597 0.377524
0.293913 0.329626 0.376462
0.288680 0.328580 0.382740
0.289911 0.329981 0.380109
0.288680 0.328580 0.382740
0.295865 0.330170 0.373965
0.297175 0.329984 0.372841
0.291961 0.329063 0.378975
0.290015 0.328486 0.381500
0.288680 0.328580 0.382740
0.293988 0.328075 0.377937
0.292585 0.329766 0.377649
0.290538 0.330695 0.378767
0.290015 0.328486 0.381500
0.291346 0.328370 0.380285
0.290628 0.329180 0.380192
0.291346 0.328370 0.380285
0.291346 0.328370 0.380285
0.290628 0.329180 0.380192
0.288680 0.328580 0.382740
0.288680 0.328580 0.382740
0.291346 0.328370 0.380285
0.292671 0.328233 0.379097
0.290628 0.329180 0.380192
0.292585 0.329766 0.377649
0.290628 0.329180 0.380192
0.290015 0.328485 0.381500
0.292585 0.329766 0.377649
0.295865 0.330170 0.373965
0.290628 0.329180 0.380192
0.289911 0.329981 0.380109
0.288680 0.328580 0.382740
0.292585 0.329766 0.377649
0.291961 0.329063 0.378975
0.291173 0.331417 0.377410
0.293988 0.328075 0.377937
0.290628 0.329180 0.380192
0.291961 0.329063 0.378975
0.288680 0.328580 0.382740
0.292671 0.328233 0.379097
0.292671 0.328233 0.379097
0.291961 0.329063 0.378975
0.295182 0.331049 0.373769
0.291346 0.328370 0.380285
0.288680 0.328580 0.382740
0.292585 0.329766 0.377649
0.289291 0.329275 0.381434
0.293913 0.329626 0.376462
0.292671 0.328233 0.379097
0.290015 0.328486 0.381500
0.289911 0.329980 0.380109
0.288680 0.328580 0.382740
0.289911 0.329981 0.380109
0.293852 0.331194 0.374954
0.293913 0.329626 0.376462
0.289291 0.329275 0.381434
0.288680 0.328580 0.382740
0.290628 0.329180 0.380192
0.289291 0.329275 0.381434
0.289291 0.329275 0.381434
