0.369281 0.293931 0.336788
0.372517 0.303161 0.324321
0.370203 0.294666 0.335131
0.369281 0.293931 0.336788
0.367433 0.292460 0.340107
0.368356 0.293195 0.338449
0.370203 0.294666 0.335131
0.369281 0.293931 0.336788
0.369281 0.293931 0.336788
0.370410 0.301446 0.328145
0.370410 0.301446 0.328145
0.371647 0.309275 0.319078
0.368356 0.293195 0.338449
0.370203 0.294666 0.335131
0.370203 0.294666 0.335131
0.370203 0.294666 0.335131
0.366514 0.291729 0.341756
0.367433 0.292460 0.340107
0.372517 0.303161 0.324321
0.370203 0.294666 0.335131
0.370203 0.294666 0.335131
0.372517 0.303161 0.324321
0.366124 0.297958 0.335918
0.370439 0.308271 0.321290
0.369220 0.307255 0.323525
0.371469 0.302308 0.326223
0.369281 0.293931 0.336788
0.369343 0.300578 0.330080
0.368272 0.299706 0.332022
0.367433 0.292460 0.340107
0.368356 0.293195 0.338449
0.370203 0.294666 0.335131
0.370203 0.294666 0.335131
0.372517 0.303161 0.324321
0.370410 0.301446 0.328145
0.368356 0.293195 0.338449
0.370203 0.294666 0.335131
0.370203 0.294666 0.335131
0.370203 0.294666 0.335131
0.370203 0.294666 0.335131
0.372839 0.310267 0.316894
0.373254 0.324684 0.302062
0.372517 0.303161 0.324321
0.369281 0.293931 0.336788
0.369281 0.293931 0.336788
0.372517 0.303161 0.324321
0.373417 0.317744 0.308840
0.367990 0.306232 0.325777
0.368356 0.293195 0.338449
0.372517 0.303161 0.324321
0.372517 0.303161 0.324321
0.372839 0.310267 0.316894
0.371647 0.309275 0.319078
0.370439 0.308271 0.321290
0.372839 0.310267 0.316894
0.370203 0.294666 0.335131
0.369281 0.293931 0.336788
0.369281 0.293931 0.336788
0.368835 0.320840 0.310325
0.366622 0.311962 0.321417
0.368356 0.293195 0.338449
0.369281 0.293931 0.336788
0.370203 0.294666 0.335131
0.369281 0.293931 0.336788
0.369341 0.335281 0.295378
0.369389 0.314317 0.316294
0.373254 0.324684 0.302062
0.372517 0.303161 0.324321
0.372517 0.303161 0.324321
0.370752 0.315476 0.313772
0.371808 0.323426 0.304766
0.372096 0.316620 0.311285
0.371647 0.309275 0.319078
0.370203 0.294666 0.335131
0.370203 0.294666 0.335131
0.369281 0.293931 0.336788
0.374011 0.311243 0.314746
0.372839 0.310267 0.316894
0.370203 0.294666 0.335131
0.370203 0.294666 0.335131
0.370203 0.294666 0.335131
0.367433 0.292460 0.340107
0.371469 0.302308 0.326223
0.372517 0.303161 0.324321
0.370203 0.294666 0.335131
0.372517 0.303161 0.324321
0.372517 0.303161 0.324321
0.370203 0.294666 0.335131
0.370410 0.301446 0.328145
0.372424 0.331046 0.296529
0.374011 0.311243 0.314746
0.370203 0.294666 0.335131
0.370203 0.294666 0.335131
0.371469 0.302308 0.326223
0.372839 0.310267 0.316894
0.369389 0.314317 0.316294
0.372517 0.303161 0.324321
0.370203 0.294666 0.335131
0.371469 0.302308 0.326223
0.370410 0.301446 0.328145
0.374667 0.325913 0.299420
0.371019 0.336805 0.292177
0.374011 0.311243 0.314746
0.372517 0.303161 0.324321
0.370203 0.294666 0.335131
0.372517 0.303161 0.324321
0.371647 0.309275 0.319078
0.373254 0.324684 0.302062
0.372517 0.303161 0.324321
0.370203 0.294666 0.335131
0.370203 0.294666 0.335131
0.373417 0.317744 0.308840
0.372839 0.310267 0.316894
0.372839 0.310267 0.316894
0.374011 0.311243 0.314746
0.369281 0.293931 0.336788
0.370203 0.294666 0.335131
0.372517 0.303161 0.324321
0.369281 0.293931 0.336788
0.371469 0.302308 0.326223
0.367433 0.292460 0.340107
0.370203 0.294666 0.335131
0.368356 0.293195 0.338449
0.374711 0.318845 0.306444
0.372517 0.303161 0.324321
0.364697 0.290283 0.345019
0.370203 0.294666 0.335131
0.370203 0.294666 0.335131
0.370203 0.294666 0.335131
0.370203 0.294666 0.335131
0.371647 0.309275 0.319078
0.371469 0.302308 0.326223
0.370203 0.294666 0.335131
0.370203 0.294666 0.335131
0.370203 0.294666 0.335131
0.372517 0.303161 0.324321
0.372517 0.303161 0.324321
0.374667 0.325913 0.299420
0.370203 0.294666 0.335131
0.368356 0.293195 0.338449
0.372517 0.303161 0.324321
0.374011 0.311243 0.314746
0.370203 0.294666 0.335131
0.372517 0.303161 0.324321
0.370203 0.294666 0.335131
0.370203 0.294666 0.335131
0.370203 0.294666 0.335131
0.369281 0.293931 0.336788
0.372839 0.310267 0.316894
0.369343 0.300578 0.330080
0.368356 0.293195 0.338449
0.369281 0.293931 0.336788
0.370203 0.294666 0.335131
0.372517 0.303161 0.324321
0.371469 0.302308 0.326223
0.372517 0.303161 0.324321
0.370203 0.294666 0.335131
0.372517 0.303161 0.324321
0.369281 0.293931 0.336788
0.369281 0.293931 0.336788
0.372517 0.303161 0.324321
0.370410 0.301446 0.328145
0.373417 0.317744 0.308840
0.370203 0.294666 0.335131
0.374011 0.311243 0.314746
0.370203 0.294666 0.335131
0.368356 0.293195 0.338449
0.365885 0.332144 0.301971
0.369281 0.293931 0.336788
0.370203 0.294666 0.335131
0.370203 0.294666 0.335131
0.368356 0.293195 0.338449
0.374011 0.311243 0.314746
0.370410 0.301446 0.328145
0.370203 0.294666 0.335131
0.370203 0.294666 0.335131
0.370203 0.294666 0.335131
0.369281 0.293931 0.336788
0.369281 0.293931 0.336788
0.365603 0.291004 0.343394
0.369281 0.293931 0.336788
0.374011 0.311243 0.314746
0.370203 0.294666 0.335131
0.370203 0.294666 0.335131
0.367433 0.292460 0.340107
0.367433 0.292460 0.340107
0.369281 0.293931 0.336788
0.369281 0.293931 0.336788
0.370203 0.294666 0.335131
0.370410 0.301446 0.328145
0.368272 0.299706 0.332022
0.372096 0.316620 0.311285
0.374011 0.311243 0.314746
0.372517 0.303161 0.324321
0.370203 0.294666 0.335131
0.370203 0.294666 0.335131
0.370410 0.301446 0.328145
0.368356 0.293195 0.338449
0.369281 0.293931 0.336788
0.370203 0.294666 0.335131
0.372517 0.303161 0.324321
0.371469 0.302308 0.326223
0.368356 0.293195 0.338449
0.372839 0.310267 0.316894
0.372517 0.303161 0.324321
0.370203 0.294666 0.335131
0.370203 0.294666 0.335131
0.370203 0.294666 0.335131
0.371647 0.309275 0.319078
0.368835 0.320840 0.310325
0.372517 0.303161 0.324321
0.370203 0.294666 0.335131
0.370203 0.294666 0.335131
0.372839 0.310267 0.316894
0.369281 0.293931 0.336788
0.374011 0.311243 0.314746
0.370203 0.294666 0.335131
0.370203 0.294666 0.335131
0.369281 0.293931 0.336788
0.371469 0.302308 0.326223
0.372517 0.303161 0.324321
0.373951 0.332404 0.293645
0.372517 0.303161 0.324321
0.369281 0.293931 0.336788
0.370203 0.294666 0.335131
0.370203 0.294666 0.335131
0.369389 0.314317 0.316294
0.372096 0.316620 0.311285
0.372517 0.303161 0.324321
0.371469 0.302308 0.326223
0.370203 0.294666 0.335131
0.369220 0.307255 0.323525
0.374667 0.325913 0.299420
0.372839 0.310267 0.316894
0.370203 0.294666 0.335131
0.367433 0.292460 0.340107
0.370203 0.294666 0.335131
0.370203 0.294666 0.335131
0.370439 0.308271 0.321290
0.372839 0.310267 0.316894
0.371469 0.302308 0.326223
0.370203 0.294666 0.335131
0.370203 0.294666 0.335131
0.372517 0.303161 0.324321
0.372839 0.310267 0.316894
0.371469 0.302308 0.326223
0.367433 0.292460 0.340107
0.370203 0.294666 0.335131
0.370203 0.294666 0.335131
0.369281 0.293931 0.336788
0.372839 0.310267 0.316894
0.367318 0.319520 0.313162
0.370203 0.294666 0.335131
0.370203 0.294666 0.335131
0.369281 0.293931 0.336788
0.371469 0.302308 0.326223
0.372517 0.303161 0.324321
0.369281 0.293931 0.336788
0.370203 0.294666 0.335131
0.370203 0.294666 0.335131
0.372517 0.303161 0.324321
0.371469 0.302308 0.326223
0.368356 0.293195 0.338449
0.365603 0.291004 0.343394
0.370203 0.294666 0.335131
0.372517 0.303161 0.324321
0.370203 0.294666 0.335131
0.369281 0.293931 0.336788
0.373254 0.324684 0.302062
0.374011 0.311243 0.314746
0.367433 0.292460 0.340107
0.372517 0.303161 0.324321
0.370203 0.294666 0.335131
0.374667 0.325913 0.299420
0.369281 0.293931 0.336788
0.369343 0.300578 0.330080
0.369281 0.293931 0.336788
0.374711 0.318845 0.306444
0.370203 0.294666 0.335131
0.370203 0.294666 0.335131
0.372096 0.316620 0.311285
0.366124 0.297958 0.335918
0.372517 0.303161 0.324321
0.366514 0.291729 0.341756
0.370203 0.294666 0.335131
0.368356 0.293195 0.338449
0.372517 0.303161 0.324321
0.366124 0.297958 0.335918
0.374711 0.318845 0.306444
0.369281 0.293931 0.336788
0.370203 0.294666 0.335131
0.370410 0.301446 0.328145
0.371469 0.302308 0.326223
0.367635 0.326789 0.305576
0.370203 0.294666 0.335131
0.370203 0.294666 0.335131
0.372517 0.303161 0.324321
0.371469 0.302308 0.326223
0.369281 0.293931 0.336788
0.371469 0.302308 0.326223
0.368356 0.293195 0.338449
0.370203 0.294666 0.335131
0.370203 0.294666 0.335131
0.372517 0.303161 0.324321
0.374011 0.311243 0.314746
0.373951 0.332404 0.293645
0.368356 0.293195 0.338449
0.370203 0.294666 0.335131
0.370203 0.294666 0.335131
0.370410 0.301446 0.328145
0.372517 0.303161 0.324321
0.370203 0.294666 0.335131
0.372096 0.316620 0.311285
0.370203 0.294666 0.335131
0.370203 0.294666 0.335131
0.370203 0.294666 0.335131
0.371469 0.302308 0.326223
0.374711 0.318845 0.306444
0.371469 0.302308 0.326223
0.370203 0.294666 0.335131
0.370203 0.294666 0.335131
0.370203 0.294666 0.335131
0.371647 0.309275 0.319078
0.369340 0.335281 0.295378
0.369281 0.293931 0.336788
0.374667 0.325913 0.299420
0.370203 0.294666 0.335131
0.372839 0.310267 0.316894
0.370203 0.294666 0.335131
0.372655 0.338290 0.289055
0.370203 0.294666 0.335131
0.371469 0.302308 0.326223
0.370203 0.294666 0.335131
0.374011 0.311243 0.314746
0.372517 0.303161 0.324321
0.374667 0.325913 0.299420
0.370203 0.294666 0.335131
0.369281 0.293931 0.336788
0.370203 0.294666 0.335131
0.370410 0.301446 0.328145
0.372517 0.303161 0.324321
0.368272 0.299706 0.332022
0.374011 0.311243 0.314746
0.370203 0.294666 0.335131
0.370203 0.294666 0.335131
0.369281 0.293931 0.336788
0.368356 0.293195 0.338449
0.369281 0.293931 0.336788
0.371647 0.309275 0.319078
0.370203 0.294666 0.335131
0.369281 0.293931 0.336788
0.372839 0.310267 0.316894
0.368356 0.293195 0.338449
0.364697 0.290283 0.345019
0.370439 0.308271 0.321290
0.370203 0.294666 0.335131
0.370203 0.294666 0.335131
0.370203 0.294666 0.335131
0.372517 0.303161 0.324321
0.368356 0.293195 0.338449
0.372517 0.303161 0.324321
0.370203 0.294666 0.335131
0.370203 0.294666 0.335131
0.370203 0.294666 0.335131
0.372839 0.310267 0.316894
0.372839 0.310267 0.316894
0.370410 0.301446 0.328145
0.370203 0.294666 0.335131
0.370203 0.294666 0.335131
0.371469 0.302308 0.326223
0.370203 0.294666 0.335131
0.369281 0.293931 0.336788
0.369281 0.293931 0.336788
0.372517 0.303161 0.324321
0.369281 0.293931 0.336788
0.370203 0.294666 0.335131
0.369281 0.293931 0.336788
0.367433 0.292460 0.340107
0.370203 0.294666 0.335131
0.372517 0.303161 0.324321
0.370203 0.294666 0.335131
0.372839 0.310267 0.316894
0.367433 0.292460 0.340107
0.373254 0.324684 0.302062
0.370203 0.294666 0.335131
0.370203 0.294666 0.335131
0.370203 0.294666 0.335131
0.372517 0.303161 0.324321
0.371647 0.309275 0.319078
0.369343 0.300578 0.330080
0.372839 0.310267 0.316894
0.370203 0.294666 0.335131
0.372517 0.303161 0.324321
0.370410 0.301446 0.328145
0.371647 0.309275 0.319078
0.369340 0.335281 0.295378
0.372096 0.316620 0.311285
0.370203 0.294666 0.335131
0.370203 0.294666 0.335131
0.369281 0.293931 0.336788
0.369281 0.293931 0.336788
0.372839 0.310267 0.316894
0.369281 0.293931 0.336788
0.368356 0.293195 0.338449
0.370203 0.294666 0.335131
0.369281 0.293931 0.336788
0.372517 0.303161 0.324321
0.372517 0.303161 0.324321
0.371647 0.309275 0.319078
0.370203 0.294666 0.335131
0.370203 0.294666 0.335131
0.372517 0.303161 0.324321
0.368356 0.293195 0.338449
0.369343 0.300578 0.330080
0.371469 0.302308 0.326223
0.370203 0.294666 0.335131
0.372517 0.303161 0.324321
0.370203 0.294666 0.335131
0.372517 0.303161 0.324321
0.372096 0.316620 0.311285
0.369281 0.293931 0.336788
0.370203 0.294666 0.335131
0.370203 0.294666 0.335131
0.372517 0.303161 0.324321
0.372096 0.316620 0.311285
0.370410 0.301446 0.328145
0.370203 0.294666 0.335131
0.369281 0.293931 0.336788
0.370203 0.294666 0.335131
0.370203 0.294666 0.335131
0.374011 0.311243 0.314746
0.372096 0.316620 0.311285
0.370410 0.301446 0.328145
0.370203 0.294666 0.335131
0.370203 0.294666 0.335131
0.372839 0.310267 0.316894
0.374011 0.311243 0.314746
0.369220 0.307255 0.323525
0.372839 0.310267 0.316894
0.370203 0.294666 0.335131
0.370203 0.294666 0.335131
0.372517 0.303161 0.324321
0.369343 0.300578 0.330080
0.369343 0.300578 0.330080
0.370410 0.301446 0.328145
0.374011 0.311243 0.314746
0.370203 0.294666 0.335131
0.370410 0.301446 0.328145
0.368356 0.293195 0.338449
0.370203 0.294666 0.335131
0.371647 0.309275 0.319078
0.370203 0.294666 0.335131
0.370203 0.294666 0.335131
0.370203 0.294666 0.335131
0.374011 0.311243 0.314746
0.372096 0.316620 0.311285
0.371469 0.302308 0.326223
0.369281 0.293931 0.336788
0.369281 0.293931 0.336788
0.367433 0.292460 0.340107
0.368356 0.293195 0.338449
0.374011 0.311243 0.314746
0.372517 0.303161 0.324321
0.370203 0.294666 0.335131
0.369281 0.293931 0.336788
0.370203 0.294666 0.335131
0.372839 0.310267 0.316894
0.374011 0.311243 0.314746
0.370203 0.294666 0.335131
0.372517 0.303161 0.324321
0.370203 0.294666 0.335131
0.370203 0.294666 0.335131
0.370203 0.294666 0.335131
0.374011 0.311243 0.314746
0.372839 0.310267 0.316894
0.370203 0.294666 0.335131
0.369281 0.293931 0.336788
0.371469 0.302308 0.326223
0.369281 0.293931 0.336788
0.373254 0.324684 0.302062
0.371469 0.302308 0.326223
0.370203 0.294666 0.335131
0.370203 0.294666 0.335131
0.369281 0.293931 0.336788
0.370752 0.315476 0.313772
0.373417 0.317744 0.308840
0.372839 0.310267 0.316894
0.370203 0.294666 0.335131
0.370203 0.294666 0.335131
0.372839 0.310267 0.316894
0.374011 0.311243 0.314746
0.370203 0.294666 0.335131
0.371647 0.309275 0.319078
0.370203 0.294666 0.335131
0.370203 0.294666 0.335131
0.370203 0.294666 0.335131
0.370203 0.294666 0.335131
0.370439 0.308270 0.321290
0.372517 0.303161 0.324321
0.372517 0.303161 0.324321
0.372517 0.303161 0.324321
0.373417 0.317744 0.308840
0.371647 0.309275 0.319078
0.369281 0.293931 0.336788
0.370203 0.294666 0.335131
0.369281 0.293931 0.336788
0.371469 0.302308 0.326223
0.368356 0.293195 0.338449
0.371469 0.302308 0.326223
0.369281 0.293931 0.336788
0.370203 0.294666 0.335131
0.370203 0.294666 0.335131
0.370203 0.294666 0.335131
0.369281 0.293931 0.336788
0.368356 0.293195 0.338449
0.370203 0.294666 0.335131
0.372517 0.303161 0.324321
0.370203 0.294666 0.335131
0.372517 0.303161 0.324321
0.371469 0.302308 0.326223
0.371469 0.302308 0.326223
0.371469 0.302308 0.326223
0.372517 0.303161 0.324321
0.370203 0.294666 0.335131
0.370203 0.294666 0.335131
0.368272 0.299706 0.332022
0.374711 0.318845 0.306444
0.370410 0.301446 0.328145
0.371469 0.302308 0.326223
0.370203 0.294666 0.335131
0.370203 0.294666 0.335131
0.372517 0.303161 0.324321
0.368356 0.293195 0.338449
0.369281 0.293931 0.336788
0.374011 0.311243 0.314746
0.369281 0.293931 0.336788
0.370203 0.294666 0.335131
0.369281 0.293931 0.336788
0.370203 0.294666 0.335131
0.374711 0.318845 0.306444
0.370203 0.294666 0.335131
0.370203 0.294666 0.335131
0.370203 0.294666 0.335131
0.370410 0.301446 0.328145
0.372839 0.310267 0.316894
0.369343 0.300578 0.330080
0.369281 0.293931 0.336788
0.371469 0.302308 0.326223
0.372517 0.303161 0.324321
0.372839 0.310267 0.316894
0.372517 0.303161 0.324321
0.371469 0.302308 0.326223
0.370203 0.294666 0.335131
0.370203 0.294666 0.335131
0.370203 0.294666 0.335131
0.372517 0.303161 0.324321
0.374011 0.311243 0.314746
0.370203 0.294666 0.335131
0.370203 0.294666 0.335131
0.370203 0.294666 0.335131
0.370203 0.294666 0.335131
0.372517 0.303161 0.324321
0.371469 0.302308 0.326223
0.367198 0.298833 0.333969
0.369281 0.293931 0.336788
0.370203 0.294666 0.335131
0.370203 0.294666 0.335131
0.374667 0.325913 0.299420
0.370203 0.294666 0.335131
0.370439 0.308271 0.321290
0.372517 0.303161 0.324321
0.370203 0.294666 0.335131
0.370203 0.294666 0.335131
0.367433 0.292460 0.340107
0.371647 0.309275 0.319078
0.369343 0.300578 0.330080
0.369281 0.293931 0.336788
0.372517 0.303161 0.324321
0.370203 0.294666 0.335131
0.372517 0.303161 0.324321
0.370203 0.294666 0.335131
0.367433 0.292460 0.340107
0.370203 0.294666 0.335131
0.370203 0.294666 0.335131
0.369281 0.293931 0.336788
0.372839 0.310267 0.316894
0.369343 0.300578 0.330080
0.374711 0.318845 0.306444
0.371469 0.302308 0.326223
0.372517 0.303161 0.324321
0.370203 0.294666 0.335131
0.372517 0.303161 0.324321
0.369281 0.293931 0.336788
0.367198 0.298833 0.333969
0.370203 0.294666 0.335131
0.370203 0.294666 0.335131
0.370203 0.294666 0.335131
0.367433 0.292460 0.340107
0.367433 0.292460 0.340107
0.369281 0.293931 0.336788
0.368356 0.293195 0.338449
0.370203 0.294666 0.335131
0.370203 0.294666 0.335131
0.369281 0.293931 0.336788
0.371469 0.302308 0.326223
0.370859 0.329655 0.299486
0.371469 0.302308 0.326223
0.369281 0.293931 0.336788
0.369281 0.293931 0.336788
0.368356 0.293195 0.338449
0.367433 0.292460 0.340107
0.373417 0.317744 0.308840
0.370203 0.294666 0.335131
0.368356 0.293195 0.338449
0.370203 0.294666 0.335131
0.373417 0.317744 0.308840
0.374011 0.311243 0.314746
0.372096 0.316620 0.311285
0.371469 0.302308 0.326223
0.369281 0.293931 0.336788
0.369281 0.293931 0.336788
0.368356 0.293195 0.338449
0.370203 0.294666 0.335131
0.373417 0.317744 0.308840
0.370203 0.294666 0.335131
0.370203 0.294666 0.335131
0.371469 0.302308 0.326223
0.372517 0.303161 0.324321
0.370752 0.315476 0.313772
0.369281 0.293931 0.336788
0.372517 0.303161 0.324321
0.370203 0.294666 0.335131
0.369281 0.293931 0.336788
0.370203 0.294666 0.335131
0.371469 0.302308 0.326223
0.362674 0.322379 0.314947
0.370203 0.294666 0.335131
0.367433 0.292460 0.340107
0.370203 0.294666 0.335131
0.373417 0.317744 0.308840
0.374711 0.318845 0.306444
0.371469 0.302308 0.326223
0.372839 0.310267 0.316894
0.369281 0.293931 0.336788
0.370203 0.294666 0.335131
0.371469 0.302308 0.326223
0.371469 0.302308 0.326223
0.369220 0.307255 0.323525
0.369343 0.300578 0.330080
0.372517 0.303161 0.324321
0.372517 0.303161 0.324321
0.371647 0.309275 0.319078
0.372096 0.316620 0.311285
0.371469 0.302308 0.326223
0.370203 0.294666 0.335131
0.374011 0.311243 0.314746
0.370203 0.294666 0.335131
0.372517 0.303161 0.324321
0.367433 0.292460 0.340107
0.374011 0.311243 0.314746
0.369343 0.300578 0.330080
0.372517 0.303161 0.324321
0.372517 0.303161 0.324321
0.374011 0.311243 0.314746
0.369281 0.293931 0.336788
0.368272 0.299706 0.332022
0.370203 0.294666 0.335131
0.370203 0.294666 0.335131
0.372517 0.303161 0.324321
0.369281 0.293931 0.336788
0.370752 0.315476 0.313772
0.371469 0.302308 0.326223
0.369281 0.293931 0.336788
0.370203 0.294666 0.335131
0.371469 0.302308 0.326223
0.370203 0.294666 0.335131
0.370410 0.301446 0.328145
0.367357 0.340298 0.292345
0.370203 0.294666 0.335131
0.373417 0.317744 0.308840
0.370203 0.294666 0.335131
0.372517 0.303161 0.324321
0.367433 0.292460 0.340107
0.370410 0.301446 0.328145
0.372517 0.303161 0.324321
0.372517 0.303161 0.324321
0.370203 0.294666 0.335131
0.371469 0.302308 0.326223
0.371469 0.302308 0.326223
0.371808 0.323426 0.304766
0.374711 0.318845 0.306444
0.370203 0.294666 0.335131
0.368356 0.293195 0.338449
0.374011 0.311243 0.314746
0.372839 0.310267 0.316894
0.367198 0.298833 0.333969
0.369281 0.293931 0.336788
0.370203 0.294666 0.335131
0.370203 0.294666 0.335131
0.369281 0.293931 0.336788
0.372096 0.316620 0.311285
0.370203 0.294666 0.335131
0.373417 0.317744 0.308840
0.370203 0.294666 0.335131
0.370203 0.294666 0.335131
0.369281 0.293931 0.336788
0.372517 0.303161 0.324321
0.371808 0.323426 0.304766
0.370203 0.294666 0.335131
0.370203 0.294666 0.335131
0.370203 0.294666 0.335131
0.371469 0.302308 0.326223
0.370752 0.315476 0.313772
0.371469 0.302308 0.326223
0.372517 0.303161 0.324321
0.370203 0.294666 0.335131
0.372517 0.303161 0.324321
0.369281 0.293931 0.336788
0.370439 0.308271 0.321290
0.370439 0.308271 0.321290
0.369281 0.293931 0.336788
0.372517 0.303161 0.324321
0.370203 0.294666 0.335131
0.367433 0.292460 0.340107
0.372096 0.316620 0.311285
0.369220 0.307255 0.323525
0.367433 0.292460 0.340107
0.369281 0.293931 0.336788
0.370203 0.294666 0.335131
0.370410 0.301446 0.328145
0.371469 0.302308 0.326223
0.371647 0.309275 0.319078
0.370203 0.294666 0.335131
0.370203 0.294666 0.335131
0.372839 0.310267 0.316894
0.369281 0.293931 0.336788
0.371469 0.302308 0.326223
0.373951 0.332404 0.293645
0.371469 0.302308 0.326223
0.369281 0.293931 0.336788
0.369281 0.293931 0.336788
0.372517 0.303161 0.324321
0.370439 0.308270 0.321290
0.369281 0.293931 0.336788
0.372517 0.303161 0.324321
0.370203 0.294666 0.335131
0.370203 0.294666 0.335131
0.371469 0.302308 0.326223
0.367433 0.292460 0.340107
0.370439 0.308271 0.321290
0.370203 0.294666 0.335131
0.370203 0.294666 0.335131
0.370203 0.294666 0.335131
0.370410 0.301446 0.328145
0.370752 0.315476 0.313772
0.371469 0.302308 0.326223
0.368356 0.293195 0.338449
0.369281 0.293931 0.336788
0.369281 0.293931 0.336788
0.371469 0.302308 0.326223
0.373417 0.317744 0.308840
0.372096 0.316620 0.311285
0.370410 0.301446 0.328145
0.369281 0.293931 0.336788
0.368356 0.293195 0.338449
0.374711 0.318845 0.306444
0.370439 0.308271 0.321290
0.373254 0.324684 0.302062
0.373417 0.317744 0.308840
0.371469 0.302308 0.326223
0.370203 0.294666 0.335131
0.372839 0.310267 0.316894
0.369343 0.300578 0.330080
0.372839 0.310267 0.316894
0.367433 0.292460 0.340107
0.370203 0.294666 0.335131
0.372517 0.303161 0.324321
0.372517 0.303161 0.324321
0.370410 0.301446 0.328145
0.369281 0.293931 0.336788
0.372517 0.303161 0.324321
0.372517 0.303161 0.324321
0.372517 0.303161 0.324321
0.370203 0.294666 0.335131
0.370752 0.315476 0.313772
0.371469 0.302308 0.326223
0.370203 0.294666 0.335131
0.370203 0.294666 0.335131
0.370203 0.294666 0.335131
0.372517 0.303161 0.324321
0.374711 0.318845 0.306444
0.372096 0.316620 0.311285
0.370203 0.294666 0.335131
0.369281 0.293931 0.336788
0.369281 0.293931 0.336788
0.370439 0.308270 0.321290
0.374711 0.318845 0.306444
0.371469 0.302308 0.326223
0.372839 0.310267 0.316894
0.370410 0.301446 0.328145
0.372517 0.303161 0.324321
0.372517 0.303161 0.324321
0.372517 0.303161 0.324321
0.371647 0.309275 0.319078
0.372839 0.310267 0.316894
0.372517 0.303161 0.324321
0.374011 0.311243 0.314746
0.370203 0.294666 0.335131
0.373417 0.317744 0.308840
0.371469 0.302308 0.326223
0.372517 0.303161 0.324321
0.371469 0.302308 0.326223
0.370203 0.294666 0.335131
0.371469 0.302308 0.326223
0.373417 0.317744 0.308840
0.369343 0.300578 0.330080
0.370752 0.315476 0.313772
0.370203 0.294666 0.335131
0.369281 0.293931 0.336788
0.367433 0.292460 0.340107
0.367990 0.306232 0.325777
0.371469 0.302308 0.326223
0.368356 0.293195 0.338449
0.369281 0.293931 0.336788
0.368356 0.293195 0.338449
0.370203 0.294666 0.335131
0.366622 0.311962 0.321417
0.372517 0.303161 0.324321
0.369281 0.293931 0.336788
0.370203 0.294666 0.335131
0.370203 0.294666 0.335131
0.370203 0.294666 0.335131
0.365603 0.291004 0.343394
0.370439 0.308271 0.321290
0.370203 0.294666 0.335131
0.370410 0.301446 0.328145
0.372517 0.303161 0.324321
0.374711 0.318845 0.306444
0.368356 0.293195 0.338449
0.372517 0.303161 0.324321
0.372517 0.303161 0.324321
0.374011 0.311243 0.314746
0.370203 0.294666 0.335131
0.370203 0.294666 0.335131
0.370203 0.294666 0.335131
0.374011 0.311243 0.314746
0.372517 0.303161 0.324321
0.370203 0.294666 0.335131
0.370203 0.294666 0.335131
0.366514 0.291729 0.341756
0.372517 0.303161 0.324321
0.371469 0.302308 0.326223
0.369281 0.293931 0.336788
0.372517 0.303161 0.324321
0.370203 0.294666 0.335131
0.372517 0.303161 0.324321
0.372517 0.303161 0.324321
0.372096 0.316620 0.311285
0.373417 0.317744 0.308840
0.370203 0.294666 0.335131
0.372517 0.303161 0.324321
0.370752 0.315476 0.313772
0.370859 0.329655 0.299486
0.372517 0.303161 0.324321
0.372839 0.310267 0.316894
0.372517 0.303161 0.324321
0.372839 0.310267 0.316894
0.368356 0.293195 0.338449
0.369340 0.335281 0.295378
0.368356 0.293195 0.338449
0.371469 0.302308 0.326223
0.369281 0.293931 0.336788
0.369281 0.293931 0.336788
0.368356 0.293195 0.338449
0.372424 0.331046 0.296529
0.372096 0.316620 0.311285
0.369281 0.293931 0.336788
0.374011 0.311243 0.314746
0.370203 0.294666 0.335131
0.369281 0.293931 0.336788
0.372839 0.310267 0.316894
0.369281 0.293931 0.336788
0.369281 0.293931 0.336788
0.370203 0.294666 0.335131
0.370203 0.294666 0.335131
0.369281 0.293931 0.336788
0.368356 0.293195 0.338449
0.370203 0.294666 0.335131
0.368356 0.293195 0.338449
0.370203 0.294666 0.335131
0.370203 0.294666 0.335131
0.373254 0.324684 0.302062
0.368356 0.293195 0.338449
0.369343 0.300578 0.330080
0.372517 0.303161 0.324321
0.369281 0.293931 0.336788
0.369281 0.293931 0.336788
0.369281 0.293931 0.336788
0.365603 0.291004 0.343394
0.372839 0.310267 0.316894
0.372517 0.303161 0.324321
0.370203 0.294666 0.335131
0.370203 0.294666 0.335131
0.372096 0.316620 0.311285
0.371647 0.309275 0.319078
0.365603 0.291004 0.343394
0.371469 0.302308 0.326223
0.368356 0.293195 0.338449
0.372517 0.303161 0.324321
0.371647 0.309275 0.319078
0.370439 0.308270 0.321290
0.366754 0.305203 0.328043
0.370410 0.301446 0.328145
0.372517 0.303161 0.324321
0.372517 0.303161 0.324321
0.374011 0.311243 0.314746
0.371469 0.302308 0.326223
0.369220 0.307255 0.323525
0.371469 0.302308 0.326223
0.369281 0.293931 0.336788
0.370203 0.294666 0.335131
0.372517 0.303161 0.324321
0.371469 0.302308 0.326223
0.371469 0.302308 0.326223
0.372517 0.303161 0.324321
0.369281 0.293931 0.336788
0.370203 0.294666 0.335131
0.371469 0.302308 0.326223
0.374011 0.311243 0.314746
0.368356 0.293195 0.338449
0.374011 0.311243 0.314746
0.370203 0.294666 0.335131
0.370203 0.294666 0.335131
0.371469 0.302308 0.326223
0.370439 0.308271 0.321290
0.373417 0.317744 0.308840
0.369281 0.293931 0.336788
0.372517 0.303161 0.324321
0.371469 0.302308 0.326223
0.372517 0.303161 0.324321
0.369261 0.328234 0.302505
0.369343 0.300578 0.330080
0.367433 0.292460 0.340107
0.370203 0.294666 0.335131
0.369281 0.293931 0.336788
0.372839 0.310267 0.316894
0.374011 0.311243 0.314746
0.373951 0.332404 0.293645
0.372517 0.303161 0.324321
0.371647 0.309275 0.319078
0.369281 0.293931 0.336788
0.374011 0.311243 0.314746
0.374711 0.318845 0.306444
0.372655 0.338290 0.289055
0.372839 0.310267 0.316894
0.370203 0.294666 0.335131
0.370203 0.294666 0.335131
0.370203 0.294666 0.335131
0.371469 0.302308 0.326223
0.373254 0.324684 0.302062
0.372517 0.303161 0.324321
0.372517 0.303161 0.324321
0.369281 0.293931 0.336788
0.369281 0.293931 0.336788
0.371469 0.302308 0.326223
0.371469 0.302308 0.326223
0.370203 0.294666 0.335131
0.371469 0.302308 0.326223
0.370203 0.294666 0.335131
0.370410 0.301446 0.328145
0.369281 0.293931 0.336788
0.374011 0.311243 0.314746
0.370203 0.294666 0.335131
0.369281 0.293931 0.336788
0.370203 0.294666 0.335131
0.372517 0.303161 0.324321
0.373417 0.317744 0.308840
0.369343 0.300578 0.330080
0.371469 0.302308 0.326223
0.370203 0.294666 0.335131
0.372517 0.303161 0.324321
0.368356 0.293195 0.338449
0.373417 0.317744 0.308840
0.369389 0.314317 0.316294
0.372096 0.316620 0.311285
0.370203 0.294666 0.335131
0.372517 0.303161 0.324321
0.371469 0.302308 0.326223
0.369281 0.293931 0.336788
0.368356 0.293195 0.338449
0.369281 0.293931 0.336788
0.374011 0.311243 0.314746
0.371469 0.302308 0.326223
0.369281 0.293931 0.336788
0.366514 0.291729 0.341756
0.370203 0.294666 0.335131
0.371469 0.302308 0.326223
0.370203 0.294666 0.335131
0.370203 0.294666 0.335131
0.369281 0.293931 0.336788
0.372517 0.303161 0.324321
0.369343 0.300578 0.330080
0.370203 0.294666 0.335131
0.370203 0.294666 0.335131
0.372517 0.303161 0.324321
0.371469 0.302308 0.326223
0.371469 0.302308 0.326223
0.371469 0.302308 0.326223
0.370203 0.294666 0.335131
0.371469 0.302308 0.326223
0.370203 0.294666 0.335131
0.371647 0.309275 0.319078
0.372517 0.303161 0.324321
0.370203 0.294666 0.335131
0.368356 0.293195 0.338449
0.371469 0.302308 0.326223
0.370203 0.294666 0.335131
0.370203 0.294666 0.335131
0.370410 0.301446 0.328145
0.368011 0.313144 0.318845
0.371469 0.302308 0.326223
0.369281 0.293931 0.336788
0.370203 0.294666 0.335131
0.372839 0.310267 0.316894
0.371469 0.302308 0.326223
0.371808 0.323426 0.304766
0.374011 0.311243 0.314746
0.369281 0.293931 0.336788
0.370203 0.294666 0.335131
0.371469 0.302308 0.326223
0.372517 0.303161 0.324321
0.374011 0.311243 0.314746
0.369343 0.300578 0.330080
0.370203 0.294666 0.335131
0.371469 0.302308 0.326223
0.370410 0.301446 0.328145
0.370333 0.322144 0.307523
0.367433 0.292460 0.340107
0.372517 0.303161 0.324321
0.369281 0.293931 0.336788
0.370203 0.294666 0.335131
0.371469 0.302308 0.326223
0.367433 0.292460 0.340107
0.372096 0.316620 0.311285
0.370203 0.294666 0.335131
0.370203 0.294666 0.335131
0.370203 0.294666 0.335131
0.370410 0.301446 0.328145
0.371469 0.302308 0.326223
0.369343 0.300578 0.330079
0.369281 0.293931 0.336788
0.372517 0.303161 0.324321
0.370203 0.294666 0.335131
0.374011 0.311243 0.314746
0.368356 0.293195 0.338449
0.367433 0.292460 0.340107
0.374011 0.311243 0.314746
0.372517 0.303161 0.324321
0.369281 0.293931 0.336788
0.370203 0.294666 0.335131
0.372839 0.310267 0.316894
0.365990 0.325326 0.308684
0.370410 0.301446 0.328145
0.372517 0.303161 0.324321
0.370203 0.294666 0.335131
0.372517 0.303161 0.324321
0.371469 0.302308 0.326223
0.374011 0.311243 0.314746
0.368356 0.293195 0.338449
0.371469 0.302308 0.326223
0.369281 0.293931 0.336788
0.372517 0.303161 0.324321
0.370203 0.294666 0.335131
0.368356 0.293195 0.338449
0.374711 0.318845 0.306444
0.370203 0.294666 0.335131
0.372517 0.303161 0.324321
0.374011 0.311243 0.314746
0.370752 0.315476 0.313772
0.373417 0.317744 0.308840
0.370203 0.294666 0.335131
0.372517 0.303161 0.324321
0.369281 0.293931 0.336788
0.372517 0.303161 0.324321
0.373417 0.317744 0.308840
0.371647 0.309275 0.319078
0.369281 0.293931 0.336788
0.370203 0.294666 0.335131
0.370203 0.294666 0.335131
0.374011 0.311243 0.314746
0.371469 0.302308 0.326223
0.368011 0.313144 0.318845
0.372517 0.303161 0.324321
0.370203 0.294666 0.335131
0.370203 0.294666 0.335131
0.370203 0.294666 0.335131
0.374011 0.311243 0.314746
0.370752 0.315476 0.313772
0.369281 0.293931 0.336788
0.369281 0.293931 0.336788
0.372517 0.303161 0.324321
0.369281 0.293931 0.336788
0.371469 0.302308 0.326223
0.362674 0.322379 0.314947
0.371647 0.309275 0.319078
0.370203 0.294666 0.335131
0.368356 0.293195 0.338449
0.369281 0.293931 0.336788
0.372517 0.303161 0.324321
0.369281 0.293931 0.336788
0.374011 0.311243 0.314746
0.371469 0.302308 0.326223
0.372517 0.303161 0.324321
0.369281 0.293931 0.336788
0.370203 0.294666 0.335131
0.372839 0.310267 0.316894
0.370203 0.294666 0.335131
0.369281 0.293931 0.336788
0.370203 0.294666 0.335131
0.370203 0.294666 0.335131
0.370752 0.315476 0.313772
0.372517 0.303161 0.324321
0.370203 0.294666 0.335131
0.367433 0.292460 0.340107
0.372517 0.303161 0.324321
0.370203 0.294666 0.335131
0.368272 0.299706 0.332022
0.369220 0.307255 0.323525
0.372517 0.303161 0.324321
0.369281 0.293931 0.336788
0.370203 0.294666 0.335131
0.370203 0.294666 0.335131
0.372517 0.303161 0.324321
0.373951 0.332404 0.293645
0.366514 0.291729 0.341756
0.370203 0.294666 0.335131
0.370203 0.294666 0.335131
0.369281 0.293931 0.336788
0.370203 0.294666 0.335131
0.370752 0.315476 0.313772
0.372517 0.303161 0.324321
0.372517 0.303161 0.324321
0.367433 0.292460 0.340107
0.371469 0.302308 0.326223
0.370410 0.301446 0.328145
0.367357 0.340298 0.292345
0.372839 0.310267 0.316894
0.370203 0.294666 0.335131
0.374011 0.311243 0.314746
0.372517 0.303161 0.324321
0.370203 0.294666 0.335131
0.372517 0.303161 0.324321
0.370203 0.294666 0.335131
0.372517 0.303161 0.324321
0.370203 0.294666 0.335131
0.370410 0.301446 0.328145
0.369281 0.293931 0.336788
0.372517 0.303161 0.324321
0.369281 0.293931 0.336788
0.372517 0.303161 0.324321
0.369281 0.293931 0.336788
0.366514 0.291729 0.341756
0.374711 0.318845 0.306444
0.369281 0.293931 0.336788
0.369281 0.293931 0.336788
0.374711 0.318845 0.306444
0.369281 0.293931 0.336788
0.368356 0.293195 0.338449
0.370333 0.322144 0.307523
0.373254 0.324684 0.302062
0.367433 0.292460 0.340107
0.372517 0.303161 0.324321
0.370203 0.294666 0.335131
0.370203 0.294666 0.335131
0.365603 0.291004 0.343394
0.369281 0.293931 0.336788
0.371808 0.323426 0.304766
0.370203 0.294666 0.335131
0.369281 0.293931 0.336788
0.371469 0.302308 0.326223
0.368356 0.293195 0.338449
0.370752 0.315476 0.313772
0.368356 0.293195 0.338449
0.370203 0.294666 0.335131
0.372096 0.316620 0.311285
0.370410 0.301446 0.328145
0.371647 0.309275 0.319078
0.369220 0.307255 0.323525
0.371469 0.302308 0.326223
0.370203 0.294666 0.335131
0.370203 0.294666 0.335131
0.368356 0.293195 0.338449
0.370203 0.294666 0.335131
0.370203 0.294666 0.335131
0.370203 0.294666 0.335131
0.369281 0.293931 0.336788
0.370203 0.294666 0.335131
0.374011 0.311243 0.314746
0.371469 0.302308 0.326223
0.367433 0.292460 0.340107
0.372517 0.303161 0.324321
0.369281 0.293931 0.336788
0.372517 0.303161 0.324321
0.371808 0.323426 0.304766
0.368356 0.293195 0.338449
0.370410 0.301446 0.328145
0.372517 0.303161 0.324321
0.368356 0.293195 0.338449
0.372517 0.303161 0.324321
0.372839 0.310267 0.316894
0.370752 0.315476 0.313772
0.372517 0.303161 0.324321
0.374711 0.318845 0.306444
0.370203 0.294666 0.335131
0.369281 0.293931 0.336788
0.370203 0.294666 0.335131
0.372424 0.331046 0.296529
0.372517 0.303161 0.324321
0.372839 0.310267 0.316894
0.370203 0.294666 0.335131
0.371469 0.302308 0.326223
0.370410 0.301446 0.328145
0.371647 0.309275 0.319078
0.372096 0.316620 0.311285
0.374011 0.311243 0.314746
0.370203 0.294666 0.335131
0.374011 0.311243 0.314746
0.372839 0.310267 0.316894
0.372839 0.310267 0.316894
0.370334 0.322144 0.307523
0.371469 0.302308 0.326223
0.370203 0.294666 0.335131
0.368356 0.293195 0.338449
0.369220 0.307255 0.323525
0.369281 0.293931 0.336788
0.369281 0.293931 0.336788
0.369281 0.293931 0.336788
0.372517 0.303161 0.324321
0.370203 0.294666 0.335131
0.369281 0.293931 0.336788
0.371469 0.302308 0.326223
0.368011 0.313144 0.318845
0.367433 0.292460 0.340107
0.371469 0.302308 0.326223
0.370203 0.294666 0.335131
0.374011 0.311243 0.314746
0.374011 0.311243 0.314746
0.372839 0.310267 0.316894
0.369281 0.293931 0.336788
0.374011 0.311243 0.314746
0.369281 0.293931 0.336788
0.370410 0.301446 0.328145
0.374711 0.318845 0.306444
0.367433 0.292460 0.340107
0.369281 0.293931 0.336788
0.370203 0.294666 0.335131
0.371469 0.302308 0.326223
0.370203 0.294666 0.335131
0.372517 0.303161 0.324321
0.367433 0.292460 0.340107
0.371469 0.302308 0.326223
0.369281 0.293931 0.336788
0.371469 0.302308 0.326223
0.374011 0.311243 0.314746
0.372839 0.310267 0.316894
0.371647 0.309275 0.319078
0.369281 0.293931 0.336788
0.368356 0.293195 0.338449
0.370203 0.294666 0.335131
0.372517 0.303161 0.324321
0.368272 0.299706 0.332022
0.374711 0.318845 0.306444
0.372517 0.303161 0.324321
0.369281 0.293931 0.336788
0.372839 0.310267 0.316894
0.371808 0.323426 0.304766
0.370410 0.301446 0.328145
0.370410 0.301446 0.328145
0.372517 0.303161 0.324321
0.370203 0.294666 0.335131
0.369281 0.293931 0.336788
0.372517 0.303161 0.324321
0.371469 0.302308 0.326223
0.367635 0.326789 0.305576
0.373417 0.317744 0.308840
0.372517 0.303161 0.324321
0.370203 0.294666 0.335131
0.367433 0.292460 0.340107
0.369281 0.293931 0.336788
0.372517 0.303161 0.324321
0.372517 0.303161 0.324321
0.370203 0.294666 0.335131
0.372517 0.303161 0.324321
0.374011 0.311243 0.314746
0.367433 0.292460 0.340107
0.374711 0.318845 0.306444
0.371469 0.302308 0.326223
0.370203 0.294666 0.335131
0.372517 0.303161 0.324321
0.370203 0.294666 0.335131
0.368356 0.293195 0.338449
0.370752 0.315476 0.313772
0.372517 0.303161 0.324321
0.372517 0.303161 0.324321
0.372517 0.303161 0.324321
0.369281 0.293931 0.336788
0.370410 0.301446 0.328145
0.372839 0.310267 0.316894
0.370410 0.301446 0.328145
0.374011 0.311243 0.314746
0.370203 0.294666 0.335131
0.370203 0.294666 0.335131
0.373254 0.324684 0.302062
0.366514 0.291729 0.341756
0.369281 0.293931 0.336788
0.372517 0.303161 0.324321
0.372517 0.303161 0.324321
0.372839 0.310267 0.316894
0.372839 0.310267 0.316894
0.371647 0.309275 0.319078
0.370203 0.294666 0.335131
0.370203 0.294666 0.335131
0.372517 0.303161 0.324321
0.370203 0.294666 0.335131
0.372517 0.303161 0.324321
0.368835 0.320840 0.310325
0.372517 0.303161 0.324321
0.370203 0.294666 0.335131
0.370203 0.294666 0.335131
0.370752 0.315476 0.313772
0.372517 0.303161 0.324321
0.370203 0.294666 0.335131
0.367433 0.292460 0.340107
0.369281 0.293931 0.336788
0.370203 0.294666 0.335131
0.370203 0.294666 0.335131
0.374711 0.318845 0.306444
0.369281 0.293931 0.336788
0.372517 0.303161 0.324321
0.370203 0.294666 0.335131
0.369281 0.293931 0.336788
0.369281 0.293931 0.336788
0.372839 0.310267 0.316894
0.373417 0.317744 0.308840
0.370203 0.294666 0.335131
0.368356 0.293195 0.338449
0.370203 0.294666 0.335131
0.370410 0.301446 0.328145
0.372839 0.310267 0.316894
0.372517 0.303161 0.324321
0.372839 0.310267 0.316894
0.370203 0.294666 0.335131
0.369281 0.293931 0.336788
0.370203 0.294666 0.335131
0.371469 0.302308 0.326223
0.374667 0.325913 0.299420
0.370410 0.301446 0.328145
0.370203 0.294666 0.335131
0.370203 0.294666 0.335131
0.372517 0.303161 0.324321
0.370410 0.301446 0.328145
0.370439 0.308271 0.321290
0.368356 0.293195 0.338449
0.370203 0.294666 0.335131
0.368356 0.293195 0.338449
0.369281 0.293931 0.336788
0.370203 0.294666 0.335131
0.370334 0.322144 0.307523
0.368356 0.293195 0.338449
0.370203 0.294666 0.335131
0.370203 0.294666 0.335131
0.374711 0.318845 0.306444
0.370203 0.294666 0.335131
0.370203 0.294666 0.335131
0.370752 0.315476 0.313772
0.372517 0.303161 0.324321
0.370203 0.294666 0.335131
0.369281 0.293931 0.336788
0.368356 0.293195 0.338449
0.371469 0.302308 0.326223
0.368356 0.293195 0.338449
0.370203 0.294666 0.335131
0.372517 0.303161 0.324321
0.371469 0.302308 0.326223
0.372517 0.303161 0.324321
0.371469 0.302308 0.326223
