0.381977 0.301942 0.316081
0.373282 0.295069 0.331649
0.384219 0.328569 0.287212
0.375583 0.321184 0.303233
0.381977 0.301942 0.316081
0.375583 0.321184 0.303233
0.386091 0.317602 0.296307
0.386263 0.305330 0.308407
0.386091 0.317602 0.296307
0.381800 0.314073 0.304127
0.386091 0.317602 0.296307
0.386263 0.305330 0.308407
0.386263 0.305330 0.308407
0.386263 0.305330 0.308407
0.386263 0.305330 0.308407
0.384219 0.328569 0.287212
0.381977 0.301942 0.316081
0.381977 0.301942 0.316081
0.386091 0.317602 0.296307
0.386263 0.305330 0.308407
0.384219 0.328569 0.287212
0.386263 0.305330 0.308407
0.377634 0.298510 0.323856
0.386263 0.305330 0.308407
0.381800 0.314073 0.304127
0.381977 0.301942 0.316081
0.386091 0.317602 0.296307
0.386263 0.305330 0.308407
0.384219 0.328569 0.287212
0.386091 0.317602 0.296307
0.386091 0.317602 0.296307
0.386263 0.305330 0.308407
0.386263 0.305330 0.308407
0.384219 0.328569 0.287212
0.377449 0.310494 0.312057
0.379930 0.324901 0.295170
0.386091 0.317602 0.296307
0.381800 0.314073 0.304127
0.381800 0.314073 0.304127
0.384219 0.328569 0.287212
0.386263 0.305330 0.308407
0.384219 0.328569 0.287212
0.381800 0.314073 0.304127
0.380964 0.338157 0.280879
0.386263 0.305330 0.308407
0.384219 0.328569 0.287212
0.386091 0.317602 0.296307
0.371232 0.317463 0.311305
0.381977 0.301942 0.316081
0.381977 0.301942 0.316081
0.386263 0.305330 0.308407
0.386091 0.317602 0.296307
0.373282 0.295069 0.331649
0.386263 0.305330 0.308407
0.381977 0.301942 0.316081
0.386263 0.305330 0.308407
0.377634 0.298510 0.323856
0.386263 0.305330 0.308407
0.386091 0.317602 0.296307
0.386091 0.317602 0.296307
0.386263 0.305330 0.308407
0.381977 0.301942 0.316081
0.386263 0.305330 0.308407
0.377634 0.298510 0.323856
0.379930 0.324901 0.295170
0.381977 0.301942 0.316081
0.381800 0.314073 0.304127
0.377449 0.310494 0.312057
0.386263 0.305330 0.308407
0.386263 0.305330 0.308407
0.386263 0.305330 0.308407
0.386263 0.305330 0.308407
0.386263 0.305330 0.308407
0.386263 0.305330 0.308407
0.381977 0.301942 0.316081
0.381977 0.301942 0.316081
0.384219 0.328569 0.287212
0.381800 0.314073 0.304127
0.386263 0.305330 0.308407
0.386091 0.317602 0.296307
0.386091 0.317602 0.296307
0.381977 0.301942 0.316081
0.386263 0.305330 0.308407
0.386263 0.305330 0.308407
0.386091 0.317602 0.296307
0.386263 0.305330 0.308407
0.386263 0.305330 0.308407
0.386263 0.305330 0.308407
0.377634 0.298510 0.323856
0.372351 0.330512 0.297137
0.386091 0.317602 0.296307
0.386091 0.317602 0.296307
0.386263 0.305330 0.308407
0.386263 0.305330 0.308407
0.380964 0.338157 0.280879
0.386263 0.305330 0.308407
0.386091 0.317602 0.296307
0.386263 0.305330 0.308407
0.384219 0.328569 0.287212
0.381977 0.301942 0.316081
0.373282 0.295069 0.331649
0.386263 0.305330 0.308407
0.386263 0.305330 0.308407
0.381800 0.314073 0.304127
0.386263 0.305330 0.308407
0.375583 0.321184 0.303233
0.381800 0.314073 0.304127
0.373087 0.306906 0.320007
0.386091 0.317602 0.296307
0.384219 0.328569 0.287212
0.386263 0.305330 0.308407
0.381977 0.301942 0.316081
0.381977 0.301942 0.316081
0.386263 0.305330 0.308407
0.377634 0.298510 0.323856
0.386263 0.305330 0.308407
0.386091 0.317602 0.296307
0.386091 0.317602 0.296307
0.381977 0.301942 0.316081
0.381800 0.314073 0.304127
0.386263 0.305330 0.308407
0.381977 0.301942 0.316081
0.386263 0.305330 0.308407
0.381800 0.314073 0.304127
0.386263 0.305330 0.308407
0.381977 0.301942 0.316081
0.381977 0.301942 0.316081
0.386263 0.305330 0.308407
0.381977 0.301942 0.316081
0.386263 0.305330 0.308407
0.379930 0.324901 0.295170
0.384219 0.328569 0.287212
0.386263 0.305330 0.308407
0.377634 0.298510 0.323856
0.386263 0.305330 0.308407
0.386263 0.305330 0.308407
0.386263 0.305330 0.308407
0.377634 0.298510 0.323856
0.381977 0.301942 0.316081
0.386263 0.305330 0.308407
0.386263 0.305330 0.308407
0.386091 0.317602 0.296307
0.372351 0.330512 0.297137
0.386263 0.305330 0.308407
0.386263 0.305330 0.308407
0.377449 0.310494 0.312057
0.386263 0.305330 0.308407
0.384219 0.328569 0.287212
0.381800 0.314073 0.304127
0.380964 0.338157 0.280879
0.386263 0.305330 0.308407
0.381977 0.301942 0.316081
0.381977 0.301942 0.316081
0.386091 0.317602 0.296307
0.386091 0.317602 0.296307
0.381977 0.301942 0.316081
0.384219 0.328569 0.287212
0.381977 0.301942 0.316081
0.377634 0.298510 0.323856
0.373282 0.295069 0.331649
0.386091 0.317602 0.296307
0.386091 0.317602 0.296307
0.377634 0.298510 0.323856
0.377449 0.310494 0.312057
0.386263 0.305330 0.308407
0.386091 0.317602 0.296307
0.386263 0.305330 0.308407
0.386091 0.317602 0.296307
0.381800 0.314073 0.304127
0.386263 0.305330 0.308407
0.386091 0.317602 0.296307
0.381977 0.301942 0.316081
0.381800 0.314073 0.304127
0.377634 0.298510 0.323856
0.386263 0.305330 0.308407
0.384219 0.328569 0.287212
0.381977 0.301942 0.316081
0.381977 0.301942 0.316081
0.386263 0.305330 0.308407
0.384219 0.328569 0.287212
0.386091 0.317602 0.296307
0.386263 0.305330 0.308407
0.381977 0.301942 0.316081
0.381977 0.301942 0.316081
0.375583 0.321184 0.303233
0.381977 0.301942 0.316081
0.381977 0.301942 0.316081
0.384219 0.328569 0.287212
0.386263 0.305330 0.308407
0.386263 0.305330 0.308407
0.373087 0.306906 0.320007
0.386263 0.305330 0.308407
0.386263 0.305330 0.308407
0.386091 0.317602 0.296307
0.386091 0.317602 0.296307
0.381977 0.301942 0.316081
0.386263 0.305330 0.308407
0.386091 0.317602 0.296307
0.373282 0.295069 0.331649
0.377449 0.310494 0.312057
0.384219 0.328569 0.287212
0.380964 0.338157 0.280879
0.381977 0.301942 0.316081
0.386263 0.305330 0.308407
0.384219 0.328569 0.287212
0.379930 0.324901 0.295170
0.386263 0.305330 0.308407
0.381977 0.301942 0.316081
0.386263 0.305330 0.308407
0.381977 0.301942 0.316081
0.377449 0.310494 0.312057
0.386263 0.305330 0.308407
0.386263 0.305330 0.308407
0.386091 0.317602 0.296307
0.386091 0.317602 0.296307
0.384219 0.328569 0.287212
0.381977 0.301942 0.316081
0.386263 0.305330 0.308407
0.386091 0.317602 0.296307
0.381800 0.314073 0.304127
0.377634 0.298510 0.323856
0.386263 0.305330 0.308407
0.381977 0.301942 0.316081
0.377634 0.298510 0.323856
0.377449 0.310494 0.312057
0.381800 0.314073 0.304127
0.379930 0.324901 0.295170
0.386091 0.317602 0.296307
0.377449 0.310494 0.312057
0.381977 0.301942 0.316081
0.386263 0.305330 0.308407
0.386263 0.305330 0.308407
0.376681 0.334355 0.288964
0.381977 0.301942 0.316081
0.381977 0.301942 0.316081
0.381977 0.301942 0.316081
0.381977 0.301942 0.316081
0.386091 0.317602 0.296307
0.386263 0.305330 0.308407
0.386263 0.305330 0.308407
0.380964 0.338157 0.280879
0.384219 0.328569 0.287212
0.373282 0.295069 0.331649
0.373282 0.295069 0.331649
0.381800 0.314073 0.304127
0.386263 0.305330 0.308407
0.364760 0.288333 0.346907
0.386091 0.317602 0.296307
0.386263 0.305330 0.308407
0.386091 0.317602 0.296307
0.381977 0.301942 0.316081
0.386091 0.317602 0.296307
0.379930 0.324901 0.295170
0.377634 0.298510 0.323856
0.386263 0.305330 0.308407
0.386263 0.305330 0.308407
0.377634 0.298510 0.323856
0.381977 0.301942 0.316081
0.386091 0.317602 0.296307
0.368972 0.291662 0.339366
0.386263 0.305330 0.308407
0.377449 0.310494 0.312057
0.384219 0.328569 0.287212
0.377634 0.298510 0.323856
0.386091 0.317602 0.296307
0.384219 0.328569 0.287212
0.384219 0.328569 0.287212
0.386091 0.317602 0.296307
0.381800 0.314073 0.304127
0.381977 0.301942 0.316081
0.379930 0.324901 0.295170
0.381800 0.314073 0.304127
0.386263 0.305330 0.308407
0.381977 0.301942 0.316081
0.381800 0.314073 0.304127
0.381800 0.314073 0.304127
0.386091 0.317602 0.296307
0.381800 0.314073 0.304127
0.377449 0.310494 0.312057
0.386263 0.305330 0.308407
0.377634 0.298510 0.323856
0.381977 0.301942 0.316081
0.373282 0.295069 0.331649
0.373282 0.295069 0.331649
0.380964 0.338157 0.280879
0.380964 0.338157 0.280879
0.386091 0.317602 0.296307
0.386263 0.305330 0.308407
0.371625 0.353125 0.275250
0.381977 0.301942 0.316081
0.386263 0.305330 0.308407
0.386263 0.305330 0.308407
0.381800 0.314073 0.304127
0.373282 0.295069 0.331649
0.381800 0.314073 0.304127
0.379930 0.324901 0.295170
0.386263 0.305330 0.308407
0.377634 0.298510 0.323856
0.379930 0.324901 0.295170
0.377449 0.310494 0.312057
0.386263 0.305330 0.308407
0.376657 0.346337 0.277006
0.386263 0.305330 0.308407
0.379930 0.324901 0.295170
0.386263 0.305330 0.308407
0.384219 0.328569 0.287212
0.381977 0.301942 0.316081
0.386263 0.305330 0.308407
0.381977 0.301942 0.316081
0.381977 0.301942 0.316081
0.377449 0.310494 0.312057
0.377449 0.310494 0.312057
0.386091 0.317602 0.296307
0.386091 0.317602 0.296307
0.381977 0.301942 0.316081
0.381800 0.314073 0.304127
0.386091 0.317602 0.296307
0.386091 0.317602 0.296307
0.386263 0.305330 0.308407
0.373087 0.306905 0.320007
0.384219 0.328569 0.287212
0.373282 0.295069 0.331649
0.375583 0.321184 0.303233
0.381800 0.314073 0.304127
0.380964 0.338157 0.280879
0.376681 0.334355 0.288964
0.377634 0.298510 0.323856
0.381977 0.301942 0.316081
0.386263 0.305330 0.308407
0.381977 0.301942 0.316081
0.381977 0.301942 0.316081
0.386091 0.317602 0.296307
0.386263 0.305330 0.308407
0.377634 0.298510 0.323856
0.381800 0.314073 0.304127
0.380964 0.338157 0.280879
0.386091 0.317602 0.296307
0.386091 0.317602 0.296307
0.386263 0.305330 0.308407
0.384219 0.328569 0.287212
0.381800 0.314073 0.304127
0.375583 0.321184 0.303233
0.381977 0.301942 0.316081
0.386263 0.305330 0.308407
0.386263 0.305330 0.308407
0.386091 0.317602 0.296307
0.381977 0.301942 0.316081
0.381977 0.301942 0.316081
0.381800 0.314073 0.304127
0.386263 0.305330 0.308407
0.386091 0.317602 0.296307
0.386091 0.317602 0.296307
0.379930 0.324901 0.295170
0.384219 0.328569 0.287212
0.386263 0.305330 0.308407
0.386263 0.305330 0.308407
0.373087 0.306906 0.320007
0.381800 0.314073 0.304127
0.386263 0.305330 0.308407
0.377634 0.298510 0.323856
0.386263 0.305330 0.308407
0.372351 0.330512 0.297137
0.386263 0.305330 0.308407
0.372351 0.330512 0.297137
0.384219 0.328569 0.287212
0.386091 0.317602 0.296307
0.386263 0.305330 0.308407
0.386091 0.317602 0.296307
0.379930 0.324901 0.295170
0.386091 0.317602 0.296307
0.386263 0.305330 0.308407
0.368770 0.303354 0.327876
0.377449 0.310494 0.312057
0.381977 0.301942 0.316081
0.377634 0.298510 0.323856
0.375583 0.321184 0.303233
0.386091 0.317602 0.296307
0.386263 0.305330 0.308407
0.377634 0.298510 0.323856
0.386263 0.305330 0.308407
0.386263 0.305330 0.308407
0.386263 0.305330 0.308407
0.381800 0.314073 0.304127
0.384219 0.328569 0.287212
0.386091 0.317602 0.296307
0.381977 0.301942 0.316081
0.386263 0.305330 0.308407
0.386263 0.305330 0.308407
0.381800 0.314073 0.304127
0.386091 0.317602 0.296307
0.381800 0.314073 0.304127
0.386263 0.305330 0.308407
0.386263 0.305330 0.308407
0.386263 0.305330 0.308407
0.377449 0.310494 0.312057
0.368972 0.291662 0.339366
0.386263 0.305330 0.308407
0.386263 0.305330 0.308407
0.372351 0.330512 0.297137
0.381800 0.314073 0.304127
0.381977 0.301942 0.316081
0.379930 0.324901 0.295170
0.377634 0.298510 0.323856
0.384219 0.328569 0.287212
0.373282 0.295069 0.331649
0.375583 0.321184 0.303233
0.381977 0.301942 0.316081
0.381977 0.301942 0.316081
0.381977 0.301942 0.316081
0.373282 0.295069 0.331649
0.381800 0.314073 0.304127
0.386263 0.305330 0.308407
0.381977 0.301942 0.316081
0.372387 0.342410 0.285202
0.384219 0.328569 0.287212
0.381800 0.314073 0.304127
0.384219 0.328569 0.287212
0.379930 0.324901 0.295170
0.381977 0.301942 0.316081
0.381977 0.301942 0.316081
0.375583 0.321184 0.303233
0.386263 0.305330 0.308407
0.386263 0.305330 0.308407
0.381977 0.301942 0.316081
0.386091 0.317602 0.296307
0.386263 0.305330 0.308407
0.386263 0.305330 0.308407
0.386091 0.317602 0.296307
0.377634 0.298510 0.323856
0.386263 0.305330 0.308407
0.386091 0.317602 0.296307
0.386263 0.305330 0.308407
0.381800 0.314073 0.304127
0.386263 0.305330 0.308407
0.381977 0.301942 0.316081
0.386263 0.305330 0.308407
0.384219 0.328569 0.287212
0.376657 0.346337 0.277006
0.386263 0.305330 0.308407
0.386263 0.305330 0.308407
0.384219 0.328569 0.287212
0.386091 0.317602 0.296307
0.386091 0.317602 0.296307
0.377449 0.310494 0.312057
0.379930 0.324901 0.295170
0.381977 0.301942 0.316081
0.380964 0.338157 0.280879
0.379930 0.324901 0.295170
0.377449 0.310494 0.312057
0.381800 0.314073 0.304127
0.381800 0.314073 0.304127
0.372351 0.330512 0.297137
0.386091 0.317602 0.296307
0.386263 0.305330 0.308407
0.381800 0.314073 0.304127
0.381800 0.314073 0.304127
0.381977 0.301942 0.316081
0.386091 0.317602 0.296307
0.386263 0.305330 0.308407
0.377449 0.310494 0.312057
0.386091 0.317602 0.296307
0.386091 0.317602 0.296307
0.384219 0.328569 0.287212
0.386263 0.305330 0.308407
0.386263 0.305330 0.308407
0.381800 0.314073 0.304127
0.381977 0.301942 0.316081
0.381977 0.301942 0.316081
0.386263 0.305330 0.308407
0.377634 0.298510 0.323856
0.384219 0.328569 0.287212
0.386263 0.305330 0.308407
0.386263 0.305330 0.308407
0.386263 0.305330 0.308407
0.386091 0.317602 0.296307
0.386263 0.305330 0.308407
0.381800 0.314073 0.304127
0.381977 0.301942 0.316081
0.381977 0.301942 0.316081
0.368972 0.291662 0.339366
0.381977 0.301942 0.316081
0.386263 0.305330 0.308407
0.386263 0.305330 0.308407
0.377634 0.298510 0.323856
0.381977 0.301942 0.316081
0.384219 0.328569 0.287212
0.386091 0.317602 0.296307
0.377449 0.310494 0.312057
0.381977 0.301942 0.316081
0.377449 0.310494 0.312057
0.384219 0.328569 0.287212
0.381800 0.314073 0.304127
0.377449 0.310494 0.312057
0.375583 0.321184 0.303233
0.386263 0.305330 0.308407
0.381977 0.301942 0.316081
0.386091 0.317602 0.296307
0.381800 0.314073 0.304127
0.381800 0.314073 0.304127
0.386263 0.305330 0.308407
0.377634 0.298510 0.323856
0.379930 0.324901 0.295170
0.386263 0.305330 0.308407
0.377634 0.298510 0.323856
0.377634 0.298510 0.323856
0.386263 0.305330 0.308407
0.386263 0.305330 0.308407
0.381800 0.314073 0.304127
0.386091 0.317602 0.296307
0.377449 0.310494 0.312057
0.381977 0.301942 0.316081
0.384219 0.328569 0.287212
0.386263 0.305330 0.308407
0.373282 0.295069 0.331649
0.381977 0.301942 0.316081
0.381977 0.301942 0.316081
0.386263 0.305330 0.308407
0.386263 0.305330 0.308407
0.377449 0.310494 0.312057
0.381800 0.314073 0.304127
0.381800 0.314073 0.304127
0.376657 0.346337 0.277006
0.386091 0.317602 0.296307
0.386263 0.305330 0.308407
0.386263 0.305330 0.308407
0.384219 0.328569 0.287212
0.386091 0.317602 0.296307
0.381977 0.301942 0.316081
0.373282 0.295069 0.331649
0.375583 0.321184 0.303233
0.381800 0.314073 0.304127
0.379930 0.324901 0.295170
0.381977 0.301942 0.316081
0.381800 0.314073 0.304127
0.375583 0.321184 0.303233
0.371232 0.317463 0.311305
0.386263 0.305330 0.308407
0.386091 0.317602 0.296307
0.386263 0.305330 0.308407
0.381800 0.314073 0.304127
0.377449 0.310494 0.312057
0.381977 0.301942 0.316081
0.379930 0.324901 0.295170
0.386091 0.317602 0.296307
0.386263 0.305330 0.308407
0.375583 0.321184 0.303233
0.384219 0.328569 0.287212
0.377634 0.298510 0.323856
0.381977 0.301942 0.316081
0.386091 0.317602 0.296307
0.381977 0.301942 0.316081
0.384219 0.328569 0.287212
0.377449 0.310494 0.312057
0.381977 0.301942 0.316081
0.386263 0.305330 0.308407
0.380964 0.338157 0.280879
0.386091 0.317602 0.296307
0.386091 0.317602 0.296307
0.386263 0.305330 0.308407
0.386263 0.305330 0.308407
0.379930 0.324901 0.295170
0.377449 0.310494 0.312057
0.381800 0.314073 0.304127
0.386263 0.305330 0.308407
0.386263 0.305330 0.308407
0.381977 0.301942 0.316081
0.386263 0.305330 0.308407
0.381977 0.301942 0.316081
0.386263 0.305330 0.308407
0.377449 0.310494 0.312057
0.380964 0.338157 0.280879
0.379930 0.324901 0.295170
0.386091 0.317602 0.296307
0.386091 0.317602 0.296307
0.386091 0.317602 0.296307
0.381800 0.314073 0.304127
0.379930 0.324901 0.295170
0.380964 0.338157 0.280879
0.381977 0.301942 0.316081
0.386263 0.305330 0.308407
0.381977 0.301942 0.316081
0.381800 0.314073 0.304127
0.379930 0.324901 0.295170
0.381800 0.314073 0.304127
0.386091 0.317602 0.296307
0.386263 0.305330 0.308407
0.377634 0.298510 0.323856
0.384219 0.328569 0.287212
0.381977 0.301942 0.316081
0.384219 0.328569 0.287212
0.386091 0.317602 0.296307
0.386263 0.305330 0.308407
0.386091 0.317602 0.296307
0.381977 0.301942 0.316081
0.379930 0.324901 0.295170
0.377449 0.310494 0.312057
0.386263 0.305330 0.308407
0.386263 0.305330 0.308407
0.386263 0.305330 0.308407
0.381977 0.301942 0.316081
0.377634 0.298510 0.323856
0.386263 0.305330 0.308407
0.386091 0.317602 0.296307
0.379930 0.324901 0.295170
0.381800 0.314073 0.304127
0.377634 0.298510 0.323856
0.386263 0.305330 0.308407
0.386091 0.317602 0.296307
0.381977 0.301942 0.316081
0.386091 0.317602 0.296307
0.386263 0.305330 0.308407
0.384219 0.328569 0.287212
0.386263 0.305330 0.308407
0.381800 0.314073 0.304127
0.386263 0.305330 0.308407
0.386263 0.305330 0.308407
0.381977 0.301942 0.316081
0.381800 0.314073 0.304127
0.381800 0.314073 0.304127
0.381977 0.301942 0.316081
0.386091 0.317602 0.296307
0.386263 0.305330 0.308407
0.381800 0.314073 0.304127
0.368770 0.303354 0.327876
0.386091 0.317602 0.296307
0.386091 0.317602 0.296307
0.377634 0.298510 0.323856
0.377634 0.298510 0.323856
0.384219 0.328569 0.287212
0.386263 0.305330 0.308407
0.377449 0.310494 0.312057
0.381977 0.301942 0.316081
0.386263 0.305330 0.308407
0.381977 0.301942 0.316081
0.386263 0.305330 0.308407
0.386091 0.317602 0.296307
0.381800 0.314073 0.304127
0.384219 0.328569 0.287212
0.386263 0.305330 0.308407
0.368972 0.291662 0.339366
0.377634 0.298510 0.323856
0.381800 0.314073 0.304127
0.384219 0.328569 0.287212
0.381977 0.301942 0.316081
0.381977 0.301942 0.316081
0.377449 0.310494 0.312057
0.377449 0.310494 0.312057
0.384219 0.328569 0.287212
0.386263 0.305330 0.308407
0.377634 0.298510 0.323856
0.381800 0.314073 0.304127
0.381977 0.301942 0.316081
0.386263 0.305330 0.308407
0.381977 0.301942 0.316081
0.386263 0.305330 0.308407
0.386091 0.317602 0.296307
0.377634 0.298510 0.323856
0.386263 0.305330 0.308407
0.386091 0.317602 0.296307
0.377449 0.310494 0.312057
0.386091 0.317602 0.296307
0.381800 0.314073 0.304127
0.377634 0.298510 0.323856
0.377634 0.298510 0.323856
0.386091 0.317602 0.296307
0.376657 0.346337 0.277006
0.386263 0.305330 0.308407
0.381977 0.301942 0.316081
0.384219 0.328569 0.287212
0.379930 0.324901 0.295170
0.386263 0.305330 0.308407
0.386263 0.305330 0.308407
0.384219 0.328569 0.287212
0.386091 0.317602 0.296307
0.386263 0.305330 0.308407
0.386091 0.317602 0.296307
0.381977 0.301942 0.316081
0.381977 0.301942 0.316081
0.368770 0.303354 0.327876
0.386263 0.305330 0.308407
0.386263 0.305330 0.308407
0.372387 0.342410 0.285202
0.379930 0.324901 0.295170
0.381800 0.314073 0.304127
0.377634 0.298510 0.323856
0.386091 0.317602 0.296307
0.386091 0.317602 0.296307
0.379930 0.324901 0.295170
0.384219 0.328569 0.287212
0.381977 0.301942 0.316081
0.381977 0.301942 0.316081
0.384219 0.328569 0.287212
0.386091 0.317602 0.296307
0.377449 0.310494 0.312057
0.381977 0.301942 0.316081
0.381800 0.314073 0.304127
0.386263 0.305330 0.308407
0.377634 0.298510 0.323856
0.384219 0.328569 0.287212
0.381977 0.301942 0.316081
0.381977 0.301942 0.316081
0.384219 0.328569 0.287212
0.386263 0.305330 0.308407
0.386091 0.317602 0.296307
0.379930 0.324901 0.295170
0.379930 0.324901 0.295170
0.386263 0.305330 0.308407
0.381977 0.301942 0.316081
0.381977 0.301942 0.316081
0.381800 0.314073 0.304127
0.381977 0.301942 0.316081
0.368770 0.303354 0.327876
0.377634 0.298510 0.323856
0.377634 0.298510 0.323856
0.381977 0.301942 0.316081
0.386263 0.305330 0.308407
0.381977 0.301942 0.316081
0.386263 0.305330 0.308407
0.381800 0.314073 0.304127
0.386091 0.317602 0.296307
0.372387 0.342410 0.285202
0.386263 0.305330 0.308407
0.381977 0.301942 0.316081
0.386091 0.317602 0.296307
0.381800 0.314073 0.304127
0.381800 0.314073 0.304127
0.379930 0.324901 0.295170
0.386263 0.305330 0.308407
0.386263 0.305330 0.308407
0.386091 0.317602 0.296307
0.386263 0.305330 0.308407
0.377449 0.310494 0.312057
0.386091 0.317602 0.296307
0.386263 0.305330 0.308407
0.381977 0.301942 0.316081
0.384219 0.328569 0.287212
0.377449 0.310494 0.312057
0.373087 0.306906 0.320007
0.386263 0.305330 0.308407
0.379930 0.324901 0.295170
0.386263 0.305330 0.308407
0.381800 0.314073 0.304127
0.386091 0.317602 0.296307
0.386263 0.305330 0.308407
0.381977 0.301942 0.316081
0.373282 0.295069 0.331649
0.386091 0.317602 0.296307
0.386091 0.317602 0.296307
0.386263 0.305330 0.308407
0.377449 0.310494 0.312057
0.381800 0.314073 0.304127
0.381800 0.314073 0.304127
0.386091 0.317602 0.296307
0.376657 0.346337 0.277006
0.384219 0.328569 0.287212
0.371232 0.317463 0.311305
0.386091 0.317602 0.296307
0.381977 0.301942 0.316081
0.381800 0.314073 0.304127
0.386263 0.305330 0.308407
0.386091 0.317602 0.296307
0.381977 0.301942 0.316081
0.381800 0.314073 0.304127
0.386263 0.305330 0.308407
0.386091 0.317602 0.296307
0.368972 0.291662 0.339366
0.386091 0.317602 0.296307
0.377449 0.310494 0.312057
0.386091 0.317602 0.296307
0.386263 0.305330 0.308407
0.386263 0.305330 0.308407
0.386263 0.305330 0.308407
0.377634 0.298510 0.323856
0.366935 0.313788 0.319277
0.386263 0.305330 0.308407
0.386263 0.305330 0.308407
0.386091 0.317602 0.296307
0.377634 0.298510 0.323856
0.379930 0.324901 0.295170
0.376681 0.334355 0.288964
0.386263 0.305330 0.308407
0.386091 0.317602 0.296307
0.373282 0.295069 0.331649
0.381800 0.314073 0.304127
0.377634 0.298510 0.323856
0.373282 0.295069 0.331649
0.386091 0.317602 0.296307
0.372351 0.330512 0.297137
0.381977 0.301942 0.316081
0.377634 0.298510 0.323856
0.381977 0.301942 0.316081
0.375583 0.321184 0.303233
0.377449 0.310494 0.312057
0.386091 0.317602 0.296307
0.386263 0.305330 0.308407
0.377634 0.298510 0.323856
0.386263 0.305330 0.308407
0.372351 0.330512 0.297137
0.381977 0.301942 0.316081
0.386091 0.317602 0.296307
0.386091 0.317602 0.296307
0.386263 0.305330 0.308407
0.386263 0.305330 0.308407
0.381800 0.314073 0.304127
0.377449 0.310494 0.312057
0.381977 0.301942 0.316081
0.386263 0.305330 0.308407
0.368087 0.338456 0.293456
0.381977 0.301942 0.316081
0.371232 0.317463 0.311305
0.368972 0.291662 0.339366
0.386263 0.305330 0.308407
0.386263 0.305330 0.308407
0.386263 0.305330 0.308407
0.375583 0.321184 0.303233
0.368087 0.338456 0.293456
0.377634 0.298510 0.323856
0.373282 0.295069 0.331649
0.381977 0.301942 0.316081
0.375583 0.321184 0.303233
0.381800 0.314073 0.304127
0.386091 0.317602 0.296307
0.386263 0.305330 0.308407
0.377634 0.298510 0.323856
0.380964 0.338157 0.280879
0.377449 0.310494 0.312057
0.384219 0.328569 0.287212
0.372351 0.330512 0.297137
0.373282 0.295069 0.331649
0.379930 0.324901 0.295170
0.381800 0.314073 0.304127
0.384219 0.328569 0.287212
0.377449 0.310494 0.312057
0.384219 0.328569 0.287212
0.375583 0.321184 0.303233
0.381977 0.301942 0.316081
0.386263 0.305330 0.308407
0.384219 0.328569 0.287212
0.386263 0.305330 0.308407
0.379930 0.324901 0.295170
0.386091 0.317602 0.296307
0.386263 0.305330 0.308407
0.386263 0.305330 0.308407
0.386263 0.305330 0.308407
0.373282 0.295069 0.331649
0.381800 0.314073 0.304127
0.375583 0.321184 0.303233
0.386091 0.317602 0.296307
0.381977 0.301942 0.316081
0.384219 0.328569 0.287212
0.377449 0.310494 0.312057
0.376681 0.334355 0.288964
0.368087 0.338456 0.293456
0.381977 0.301942 0.316081
0.386263 0.305330 0.308407
0.381977 0.301942 0.316081
0.384219 0.328569 0.287212
0.379930 0.324901 0.295170
0.384219 0.328569 0.287212
0.376681 0.334355 0.288964
0.381800 0.314073 0.304127
0.384219 0.328569 0.287212
0.381800 0.314073 0.304127
0.386263 0.305330 0.308407
0.381977 0.301942 0.316081
0.375583 0.321184 0.303233
0.386263 0.305330 0.308407
0.379930 0.324901 0.295170
0.377634 0.298510 0.323856
0.379930 0.324901 0.295170
0.376681 0.334355 0.288964
0.377449 0.310494 0.312057
0.386091 0.317602 0.296307
0.386263 0.305330 0.308407
0.379930 0.324901 0.295170
0.377634 0.298510 0.323856
0.384219 0.328569 0.287212
0.386091 0.317602 0.296307
0.386263 0.305330 0.308407
0.373282 0.295069 0.331649
0.381977 0.301942 0.316081
0.386091 0.317602 0.296307
0.386263 0.305330 0.308407
0.373282 0.295069 0.331649
0.377634 0.298510 0.323856
0.386263 0.305330 0.308407
0.372351 0.330512 0.297137
0.386091 0.317602 0.296307
0.384219 0.328569 0.287212
0.377634 0.298510 0.323856
0.381800 0.314073 0.304127
0.386263 0.305330 0.308407
0.379930 0.324901 0.295170
0.386091 0.317602 0.296307
0.375583 0.321184 0.303233
0.381800 0.314073 0.304127
0.386263 0.305330 0.308407
0.381800 0.314073 0.304127
0.381977 0.301942 0.316081
0.373087 0.306905 0.320007
0.386263 0.305330 0.308407
0.381800 0.314073 0.304127
0.377449 0.310494 0.312057
0.381977 0.301942 0.316081
0.386091 0.317602 0.296307
0.386263 0.305330 0.308407
0.386091 0.317602 0.296307
0.379930 0.324901 0.295170
0.381977 0.301942 0.316081
0.386091 0.317602 0.296307
0.379930 0.324901 0.295170
0.386091 0.317602 0.296307
0.386091 0.317602 0.296307
0.384219 0.328569 0.287212
0.381977 0.301942 0.316081
0.368972 0.291662 0.339366
0.386091 0.317602 0.296307
0.379930 0.324901 0.295170
0.373282 0.295069 0.331649
0.377634 0.298510 0.323856
0.381977 0.301942 0.316081
0.372351 0.330512 0.297137
0.381800 0.314073 0.304127
0.364760 0.288333 0.346907
0.381977 0.301942 0.316081
0.380964 0.338157 0.280879
0.384219 0.328569 0.287212
0.381977 0.301942 0.316081
0.375583 0.321184 0.303233
0.381977 0.301942 0.316081
0.386263 0.305330 0.308407
0.384219 0.328569 0.287212
0.386091 0.317602 0.296307
0.386263 0.305330 0.308407
0.386091 0.317602 0.296307
0.381977 0.301942 0.316081
0.384219 0.328569 0.287212
0.386091 0.317602 0.296307
0.386263 0.305330 0.308407
0.386091 0.317602 0.296307
0.381800 0.314073 0.304127
0.372351 0.330512 0.297137
0.386263 0.305330 0.308407
0.386091 0.317602 0.296307
0.384219 0.328569 0.287212
0.386091 0.317602 0.296307
0.381977 0.301942 0.316081
0.386263 0.305330 0.308407
0.368972 0.291662 0.339366
0.377449 0.310494 0.312057
0.386091 0.317602 0.296307
0.377634 0.298510 0.323856
0.381800 0.314073 0.304127
0.386263 0.305330 0.308407
0.377634 0.298510 0.323856
0.386263 0.305330 0.308407
0.386091 0.317602 0.296307
0.368087 0.338456 0.293456
0.381977 0.301942 0.316081
0.373087 0.306905 0.320007
0.380964 0.338157 0.280879
0.379930 0.324901 0.295170
0.386091 0.317602 0.296307
0.384219 0.328569 0.287212
0.381800 0.314073 0.304127
0.371625 0.353125 0.275250
0.381800 0.314073 0.304127
0.386263 0.305330 0.308407
0.386263 0.305330 0.308407
0.381800 0.314073 0.304127
0.379930 0.324901 0.295170
0.381800 0.314073 0.304127
0.377634 0.298510 0.323856
0.386263 0.305330 0.308407
0.386263 0.305330 0.308407
0.377634 0.298510 0.323856
0.377634 0.298510 0.323856
0.386091 0.317602 0.296307
0.386263 0.305330 0.308407
0.377634 0.298510 0.323856
0.386263 0.305330 0.308407
0.377634 0.298510 0.323856
0.381800 0.314073 0.304127
0.384219 0.328569 0.287212
0.381977 0.301942 0.316081
0.386263 0.305330 0.308407
0.386263 0.305330 0.308407
0.373282 0.295069 0.331649
0.381800 0.314073 0.304127
0.386263 0.305330 0.308407
0.372387 0.342410 0.285202
0.375583 0.321184 0.303233
0.386263 0.305330 0.308407
0.379930 0.324901 0.295170
0.381800 0.314073 0.304127
0.381977 0.301942 0.316081
0.384219 0.328569 0.287212
0.381977 0.301942 0.316081
0.386263 0.305330 0.308407
0.371232 0.317463 0.311305
0.377449 0.310494 0.312057
0.372351 0.330512 0.297137
0.386263 0.305330 0.308407
0.381800 0.314073 0.304127
0.386263 0.305330 0.308407
0.386263 0.305330 0.308407
0.381800 0.314073 0.304127
0.381977 0.301942 0.316081
0.377449 0.310494 0.312057
0.381977 0.301942 0.316081
0.386263 0.305330 0.308407
0.381800 0.314073 0.304127
0.377449 0.310494 0.312057
0.381800 0.314073 0.304127
0.375583 0.321184 0.303233
0.386263 0.305330 0.308407
0.381977 0.301942 0.316081
0.384219 0.328569 0.287212
0.375583 0.321184 0.303233
0.386263 0.305330 0.308407
0.377634 0.298510 0.323856
0.379930 0.324901 0.295170
0.381977 0.301942 0.316081
0.379930 0.324901 0.295170
0.373087 0.306906 0.320007
0.381977 0.301942 0.316081
0.386091 0.317602 0.296307
0.381977 0.301942 0.316081
0.368972 0.291662 0.339366
0.380964 0.338157 0.280879
0.377449 0.310494 0.312057
0.386263 0.305330 0.308407
0.381800 0.314073 0.304127
0.371232 0.317463 0.311305
0.381977 0.301942 0.316081
0.386091 0.317602 0.296307
0.386091 0.317602 0.296307
0.386091 0.317602 0.296307
0.381977 0.301942 0.316081
0.368770 0.303354 0.327876
0.377634 0.298510 0.323856
0.380964 0.338157 0.280879
0.375583 0.321184 0.303233
0.379930 0.324901 0.295170
0.386263 0.305330 0.308407
0.377449 0.310494 0.312057
0.386263 0.305330 0.308407
0.373282 0.295069 0.331649
0.386091 0.317602 0.296307
0.386091 0.317602 0.296307
0.371232 0.317463 0.311305
0.381800 0.314073 0.304127
0.386263 0.305330 0.308407
0.377449 0.310494 0.312057
0.384219 0.328569 0.287212
0.386091 0.317602 0.296307
0.379930 0.324901 0.295170
0.381977 0.301942 0.316081
0.386091 0.317602 0.296307
0.381977 0.301942 0.316081
0.384219 0.328569 0.287212
0.386263 0.305330 0.308407
0.384219 0.328569 0.287212
0.381800 0.314073 0.304127
0.381800 0.314073 0.304127
0.381800 0.314073 0.304127
0.380964 0.338157 0.280879
0.364556 0.299887 0.335557
0.360702 0.285125 0.354172
0.381800 0.314073 0.304127
0.376657 0.346337 0.277006
0.381977 0.301942 0.316081
0.384219 0.328569 0.287212
0.386263 0.305330 0.308407
0.381800 0.314073 0.304127
0.376681 0.334355 0.288964
0.381800 0.314073 0.304127
0.381977 0.301942 0.316081
0.386263 0.305330 0.308407
0.377634 0.298510 0.323856
0.386091 0.317602 0.296307
0.372387 0.342410 0.285202
0.384219 0.328569 0.287212
0.381977 0.301942 0.316081
0.379930 0.324901 0.295170
0.386091 0.317602 0.296307
0.377634 0.298510 0.323856
0.384219 0.328569 0.287212
0.386263 0.305330 0.308407
0.376681 0.334355 0.288964
0.386263 0.305330 0.308407
0.381977 0.301942 0.316081
0.380964 0.338157 0.280879
0.386091 0.317602 0.296307
0.386263 0.305330 0.308407
0.384219 0.328569 0.287212
0.386263 0.305330 0.308407
0.377634 0.298510 0.323856
0.373087 0.306905 0.320007
0.386091 0.317602 0.296307
0.386263 0.305330 0.308407
0.386091 0.317602 0.296307
0.381977 0.301942 0.316081
0.386263 0.305330 0.308407
0.386263 0.305330 0.308407
0.377449 0.310494 0.312057
0.381800 0.314073 0.304127
0.386091 0.317602 0.296307
0.381977 0.301942 0.316081
0.367378 0.349089 0.283533
0.353631 0.346301 0.300068
0.381800 0.314073 0.304127
0.386263 0.305330 0.308407
0.386091 0.317602 0.296307
0.386263 0.305330 0.308407
0.381977 0.301942 0.316081
0.377449 0.310494 0.312057
0.377449 0.310494 0.312057
0.381800 0.314073 0.304127
0.373087 0.306905 0.320007
0.381977 0.301942 0.316081
0.384219 0.328569 0.287212
0.386263 0.305330 0.308407
0.377449 0.310494 0.312057
0.386263 0.305330 0.308407
0.381800 0.314073 0.304127
0.386091 0.317602 0.296307
0.381977 0.301942 0.316081
0.366935 0.313788 0.319277
0.381977 0.301942 0.316081
0.386263 0.305330 0.308407
0.386091 0.317602 0.296307
0.381977 0.301942 0.316081
0.381800 0.314073 0.304127
0.386263 0.305330 0.308407
0.381977 0.301942 0.316081
0.386263 0.305330 0.308407
0.386263 0.305330 0.308407
0.377634 0.298510 0.323856
0.375583 0.321184 0.303233
0.372351 0.330512 0.297137
0.386263 0.305330 0.308407
0.386263 0.305330 0.308407
0.386263 0.305330 0.308407
0.386091 0.317602 0.296307
0.386263 0.305330 0.308407
0.386263 0.305330 0.308407
0.379930 0.324901 0.295170
0.386091 0.317602 0.296307
0.386263 0.305330 0.308407
0.381800 0.314073 0.304127
0.377449 0.310494 0.312057
0.376681 0.334355 0.288964
0.381800 0.314073 0.304127
0.381977 0.301942 0.316081
0.386263 0.305330 0.308407
0.377634 0.298510 0.323856
0.381800 0.314073 0.304127
0.384219 0.328569 0.287212
0.375583 0.321184 0.303233
0.386091 0.317602 0.296307
0.372351 0.330512 0.297137
0.386091 0.317602 0.296307
0.386263 0.305330 0.308407
0.377634 0.298510 0.323856
0.379930 0.324901 0.295170
0.381977 0.301942 0.316081
0.381800 0.314073 0.304127
0.377634 0.298510 0.323856
0.386091 0.317602 0.296307
0.359629 0.330679 0.309691
0.381800 0.314073 0.304127
0.386263 0.305330 0.308407
0.386263 0.305330 0.308407
0.386091 0.317602 0.296307
0.381800 0.314073 0.304127
0.381977 0.301942 0.316081
0.381800 0.314073 0.304127
0.386263 0.305330 0.308407
0.377634 0.298510 0.323856
0.384219 0.328569 0.287212
0.379930 0.324901 0.295170
0.375583 0.321184 0.303233
0.381977 0.301942 0.316081
0.386263 0.305330 0.308407
0.386263 0.305330 0.308407
0.386263 0.305330 0.308407
0.377634 0.298510 0.323856
0.377634 0.298510 0.323856
0.381800 0.314073 0.304127
0.381977 0.301942 0.316081
0.386263 0.305330 0.308407
0.386091 0.317602 0.296307
0.379930 0.324901 0.295170
0.386091 0.317602 0.296307
0.381800 0.314073 0.304127
0.386091 0.317602 0.296307
0.381977 0.301942 0.316081
0.375583 0.321184 0.303233
0.377449 0.310494 0.312057
0.386263 0.305330 0.308407
0.384219 0.328569 0.287212
0.386263 0.305330 0.308407
0.379930 0.324901 0.295170
0.386263 0.305330 0.308407
0.377634 0.298510 0.323856
0.375583 0.321184 0.303233
0.381800 0.314073 0.304127
0.386091 0.317602 0.296307
0.386091 0.317602 0.296307
0.379930 0.324901 0.295170
0.381977 0.301942 0.316081
0.372387 0.342410 0.285202
0.386091 0.317602 0.296307
0.386263 0.305330 0.308407
0.386263 0.305330 0.308407
0.377634 0.298510 0.323856
0.377449 0.310493 0.312057
0.381800 0.314073 0.304127
0.381800 0.314073 0.304127
0.386263 0.305330 0.308407
0.375583 0.321184 0.303233
0.386263 0.305330 0.308407
0.381800 0.314073 0.304127
0.379930 0.324901 0.295170
0.381800 0.314073 0.304127
0.386263 0.305330 0.308407
0.386263 0.305330 0.308407
0.386263 0.305330 0.308407
0.384219 0.328569 0.287212
0.379930 0.324901 0.295170
0.386091 0.317602 0.296307
0.386091 0.317602 0.296307
0.381977 0.301942 0.316081
0.381977 0.301942 0.316081
0.386091 0.317602 0.296307
0.386263 0.305330 0.308407
0.381800 0.314073 0.304127
0.377634 0.298510 0.323856
0.381800 0.314073 0.304127
0.379930 0.324901 0.295170
0.384219 0.328569 0.287212
0.381977 0.301942 0.316081
0.377634 0.298510 0.323856
0.381977 0.301942 0.316081
0.377449 0.310494 0.312057
0.386263 0.305330 0.308407
0.384219 0.328569 0.287212
0.379930 0.324901 0.295170
0.373087 0.306906 0.320007
0.386263 0.305330 0.308407
0.386263 0.305330 0.308407
0.377449 0.310494 0.312057
0.381800 0.314073 0.304127
0.386091 0.317602 0.296307
0.386263 0.305330 0.308407
0.386263 0.305330 0.308407
0.381977 0.301942 0.316081
0.379930 0.324901 0.295170
0.379930 0.324901 0.295170
0.373087 0.306905 0.320007
0.373087 0.306906 0.320007
0.386263 0.305330 0.308407
0.379930 0.324901 0.295170
0.373282 0.295069 0.331649
0.381800 0.314073 0.304127
0.386091 0.317602 0.296307
0.386091 0.317602 0.296307
0.386263 0.305330 0.308407
0.386263 0.305330 0.308407
0.381977 0.301942 0.316081
0.386263 0.305330 0.308407
0.373087 0.306906 0.320007
0.381977 0.301942 0.316081
0.386263 0.305330 0.308407
0.381800 0.314073 0.304127
0.373087 0.306906 0.320007
0.386263 0.305330 0.308407
0.377634 0.298510 0.323856
0.381800 0.314073 0.304127
0.384219 0.328569 0.287212
0.386091 0.317602 0.296307
0.381800 0.314073 0.304127
0.381977 0.301942 0.316081
0.373087 0.306906 0.320007
0.371232 0.317463 0.311305
0.386091 0.317602 0.296307
0.379930 0.324901 0.295170
0.377634 0.298510 0.323856
0.386263 0.305330 0.308407
0.377449 0.310494 0.312057
0.376681 0.334355 0.288964
0.373282 0.295069 0.331649
0.381977 0.301942 0.316081
0.379930 0.324901 0.295170
0.381800 0.314073 0.304127
0.377634 0.298510 0.323856
0.377634 0.298510 0.323856
0.386263 0.305330 0.308407
0.377449 0.310494 0.312057
0.386091 0.317602 0.296307
0.381800 0.314073 0.304127
0.372351 0.330512 0.297137
0.380964 0.338157 0.280879
0.386263 0.305330 0.308407
0.381800 0.314073 0.304127
0.380964 0.338157 0.280879
0.381800 0.314073 0.304127
0.386263 0.305330 0.308407
0.386263 0.305330 0.308407
0.381977 0.301942 0.316081
0.386263 0.305330 0.308407
0.386091 0.317602 0.296307
0.381977 0.301942 0.316081
0.376681 0.334355 0.288964
0.373087 0.306906 0.320007
0.386263 0.305330 0.308407
0.386091 0.317602 0.296307
0.380964 0.338157 0.280879
0.386263 0.305330 0.308407
0.379930 0.324901 0.295170
0.386091 0.317602 0.296307
0.386263 0.305330 0.308407
0.377634 0.298510 0.323856
0.381800 0.314073 0.304127
0.386091 0.317602 0.296307
0.376681 0.334355 0.288964
0.372351 0.330512 0.297137
0.381977 0.301942 0.316081
0.373087 0.306906 0.320007
0.379930 0.324901 0.295170
0.386263 0.305330 0.308407
0.384219 0.328569 0.287212
0.381800 0.314073 0.304127
0.372351 0.330512 0.297137
0.386091 0.317602 0.296307
0.386091 0.317602 0.296307
0.386091 0.317602 0.296307
0.379930 0.324901 0.295170
0.379930 0.324901 0.295170
0.386263 0.305330 0.308407
0.375583 0.321184 0.303233
0.381977 0.301942 0.316081
0.381800 0.314073 0.304127
0.384219 0.328569 0.287212
0.386263 0.305330 0.308407
0.386263 0.305330 0.308407
0.381800 0.314073 0.304127
0.386263 0.305330 0.308407
0.381800 0.314073 0.304127
0.377634 0.298510 0.323856
0.381977 0.301942 0.316081
0.386091 0.317602 0.296307
0.381977 0.301942 0.316081
0.386263 0.305330 0.308407
0.381800 0.314073 0.304127
0.377449 0.310494 0.312057
0.380964 0.338157 0.280879
0.386263 0.305330 0.308407
0.381977 0.301942 0.316081
0.381977 0.301942 0.316081
0.386263 0.305330 0.308407
0.386091 0.317602 0.296307
0.386263 0.305330 0.308407
0.386263 0.305330 0.308407
0.384219 0.328569 0.287212
0.386091 0.317602 0.296307
0.373282 0.295069 0.331649
0.386091 0.317602 0.296307
0.375583 0.321184 0.303233
0.386091 0.317602 0.296307
0.380964 0.338157 0.280879
0.386091 0.317602 0.296307
0.386263 0.305330 0.308407
0.386263 0.305330 0.308407
0.373087 0.306906 0.320007
0.375583 0.321184 0.303233
0.381977 0.301942 0.316081
0.381977 0.301942 0.316081
0.381977 0.301942 0.316081
0.381800 0.314073 0.304127
0.381800 0.314073 0.304127
0.386263 0.305330 0.308407
0.379930 0.324901 0.295170
0.386091 0.317602 0.296307
0.386091 0.317602 0.296307
