0.253879 0.187511 0.279977 0.278634
0.253879 0.187511 0.279977 0.278634
0.253879 0.187511 0.279977 0.278634
0.254096 0.187671 0.280216 0.278017
0.254179 0.187612 0.279104 0.279106
0.254356 0.188301 0.279371 0.277973
0.254165 0.187722 0.279336 0.278776
0.254342 0.188170 0.279107 0.278381
0.253879 0.187511 0.279977 0.278634
0.253879 0.187511 0.279977 0.278634
0.253879 0.187511 0.279977 0.278634
0.254204 0.187751 0.279779 0.278265
0.254528 0.188017 0.279070 0.278384
0.254425 0.188231 0.278800 0.278544
0.254101 0.187965 0.279509 0.278425
0.253879 0.187511 0.279977 0.278634
